,Unnamed: 0,id,release_date,movie,production_budget,domestic_gross,worldwide_gross,foreign_gross,domestic_profit,foreign_profit,worldwide_profit,domestic_margin,foreign_margin,WorldWide_margin,Region
0,0,1,"Dec 18, 2009",Avatar,425000000,760507625,2776345279,2015837654,335507625,1590837654,2351345279,0.097,0.459,0.679,Domestic
1,1,2,"May 20, 2011",Pirates of the Caribbean: On Stranger Tides,410600000,241063875,1045663875,804600000,-169536125,394000000,635063875,-0.049,0.114,0.183,Domestic
2,2,3,"Jun 7, 2019",Dark Phoenix,350000000,42762350,149762350,107000000,-307237650,-243000000,-200237650,-0.089,-0.07,-0.058,Domestic
3,3,4,"May 1, 2015",Avengers: Age of Ultron,330600000,459005868,1403013963,944008095,128405868,613408095,1072413963,0.037,0.177,0.31,Domestic
4,4,5,"Dec 15, 2017",Star Wars Ep. VIII: The Last Jedi,317000000,620181382,1316721747,696540365,303181382,379540365,999721747,0.088,0.11,0.289,Domestic
5,5,6,"Dec 18, 2015",Star Wars Ep. VII: The Force Awakens,306000000,936662225,2053311220,1116648995,630662225,810648995,1747311220,0.182,0.234,0.505,Domestic
6,6,7,"Apr 27, 2018",Avengers: Infinity War,300000000,678815482,2048134200,1369318718,378815482,1069318718,1748134200,0.109,0.309,0.505,Domestic
7,7,8,"May 24, 2007",Pirates of the Caribbean: At Worldâs End,300000000,309420425,963420425,654000000,9420425,354000000,663420425,0.003,0.102,0.192,Domestic
8,8,9,"Nov 17, 2017",Justice League,300000000,229024295,655945209,426920914,-70975705,126920914,355945209,-0.02,0.037,0.103,Domestic
9,9,10,"Nov 6, 2015",Spectre,300000000,200074175,879620923,679546748,-99925825,379546748,579620923,-0.029,0.11,0.167,Domestic
10,10,11,"Jul 20, 2012",The Dark Knight Rises,275000000,448139099,1084439099,636300000,173139099,361300000,809439099,0.05,0.104,0.234,Domestic
11,11,12,"May 25, 2018",Solo: A Star Wars Story,275000000,213767512,393151347,179383835,-61232488,-95616165,118151347,-0.018,-0.028,0.034,Domestic
12,12,13,"Jul 2, 2013",The Lone Ranger,275000000,89302115,260002115,170700000,-185697885,-104300000,-14997885,-0.054,-0.03,-0.004,Domestic
13,13,14,"Mar 9, 2012",John Carter,275000000,73058679,282778100,209719421,-201941321,-65280579,7778100,-0.058,-0.019,0.002,Domestic
14,14,15,"Nov 24, 2010",Tangled,260000000,200821936,586477240,385655304,-59178064,125655304,326477240,-0.017,0.036,0.094,Domestic
15,15,16,"May 4, 2007",Spider-Man 3,258000000,336530303,894860230,558329927,78530303,300329927,636860230,0.023,0.087,0.184,Domestic
16,16,17,"May 6, 2016",Captain America: Civil War,250000000,408084349,1140069413,731985064,158084349,481985064,890069413,0.046,0.139,0.257,Domestic
17,17,18,"Mar 25, 2016",Batman v Superman: Dawn of Justice,250000000,330360194,867500281,537140087,80360194,287140087,617500281,0.023,0.083,0.178,Domestic
18,18,19,"Dec 14, 2012",The Hobbit: An Unexpected Journey,250000000,303003568,1017003568,714000000,53003568,464000000,767003568,0.015,0.134,0.221,Domestic
19,19,20,"Jul 15, 2009",Harry Potter and the Half-Blood Prince,250000000,302089278,935213767,633124489,52089278,383124489,685213767,0.015,0.111,0.198,Domestic
20,20,21,"Dec 13, 2013",The Hobbit: The Desolation of Smaug,250000000,258366855,960366855,702000000,8366855,452000000,710366855,0.002,0.131,0.205,Domestic
21,21,22,"Dec 17, 2014",The Hobbit: The Battle of the Five Armies,250000000,255119788,945577621,690457833,5119788,440457833,695577621,0.001,0.127,0.201,Domestic
22,22,23,"Apr 14, 2017",The Fate of the Furious,250000000,225764765,1234846267,1009081502,-24235235,759081502,984846267,-0.007,0.219,0.284,Domestic
23,23,24,"Jun 28, 2006",Superman Returns,232000000,200120000,374085065,173965065,-31880000,-58034935,142085065,-0.009,-0.017,0.041,Domestic
24,24,25,"May 26, 2017",Pirates of the Caribbean: Dead Men Tell No Tales,230000000,172558876,788241137,615682261,-57441124,385682261,558241137,-0.017,0.111,0.161,Domestic
25,25,26,"Nov 14, 2008",Quantum of Solace,230000000,169368427,591692078,422323651,-60631573,192323651,361692078,-0.018,0.056,0.104,Domestic
26,26,27,"May 4, 2012",The Avengers,225000000,623279547,1517935897,894656350,398279547,669656350,1292935897,0.115,0.193,0.373,Domestic
27,27,28,"Jul 7, 2006",Pirates of the Caribbean: Dead Manâs Chest,225000000,423315812,1066215812,642900000,198315812,417900000,841215812,0.057,0.121,0.243,Domestic
28,28,29,"Jun 14, 2013",Man of Steel,225000000,291045518,667999518,376954000,66045518,151954000,442999518,0.019,0.044,0.128,Domestic
29,29,30,"May 16, 2008",The Chronicles of Narnia: Prince Caspian,225000000,141621490,417341288,275719798,-83378510,50719798,192341288,-0.024,0.015,0.056,Domestic
30,30,31,"Jul 3, 2012",The Amazing Spider-Man,220000000,262030663,757890267,495859604,42030663,275859604,537890267,0.012,0.08,0.155,Domestic
31,31,32,"May 18, 2012",Battleship,220000000,65233400,313477717,248244317,-154766600,28244317,93477717,-0.045,0.008,0.027,Domestic
32,32,33,"Jun 21, 2017",Transformers: The Last Knight,217000000,130168683,602893340,472724657,-86831317,255724657,385893340,-0.025,0.074,0.111,Domestic
33,33,34,"Jun 12, 2015",Jurassic World,215000000,652270625,1648854864,996584239,437270625,781584239,1433854864,0.126,0.226,0.414,Domestic
34,34,35,"May 25, 2012",Men in Black 3,215000000,179020854,654213485,475192631,-35979146,260192631,439213485,-0.01,0.075,0.127,Domestic
35,35,36,"Jun 24, 2009",Transformers: Revenge of the Fallen,210000000,402111870,836519699,434407829,192111870,224407829,626519699,0.055,0.065,0.181,Domestic
36,36,37,"Jun 27, 2014",Transformers: Age of Extinction,210000000,245439076,1104039076,858600000,35439076,648600000,894039076,0.01,0.187,0.258,Domestic
37,37,38,"May 26, 2006",X-Men: The Last Stand,210000000,234362462,459260946,224898484,24362462,14898484,249260946,0.007,0.004,0.072,Domestic
38,38,39,"May 14, 2010",Robin Hood,210000000,105487148,322459006,216971858,-104512852,6971858,112459006,-0.03,0.002,0.032,Domestic
39,39,40,"Dec 14, 2005",King Kong,207000000,218080025,550517357,332437332,11080025,125437332,343517357,0.003,0.036,0.099,Domestic
40,40,41,"Dec 7, 2007",The Golden Compass,205000000,70107728,367262558,297154830,-134892272,92154830,162262558,-0.039,0.027,0.047,Domestic
41,41,42,"Feb 16, 2018",Black Panther,200000000,700059566,1348258224,648198658,500059566,448198658,1148258224,0.144,0.129,0.332,Domestic
42,42,43,"Dec 19, 1997",Titanic,200000000,659363944,2208208395,1548844451,459363944,1348844451,2008208395,0.133,0.389,0.58,Domestic
43,43,44,"Jun 15, 2018",Incredibles 2,200000000,608581744,1242520711,633938967,408581744,433938967,1042520711,0.118,0.125,0.301,Domestic
44,44,45,"Dec 16, 2016",Rogue One: A Star Wars Story,200000000,532177324,1049102856,516925532,332177324,316925532,849102856,0.096,0.092,0.245,Domestic
45,45,46,"Jun 17, 2016",Finding Dory,200000000,486295561,1021215193,534919632,286295561,334919632,821215193,0.083,0.097,0.237,Domestic
46,46,47,"Jun 18, 2010",Toy Story 3,200000000,415004880,1068879522,653874642,215004880,453874642,868879522,0.062,0.131,0.251,Domestic
47,47,48,"May 3, 2013",Iron Man 3,200000000,408992272,1215392272,806400000,208992272,606400000,1015392272,0.06,0.175,0.293,Domestic
48,48,49,"May 5, 2017",Guardians of the Galaxy Vol 2,200000000,389813101,862316233,472503132,189813101,272503132,662316233,0.055,0.079,0.191,Domestic
49,49,50,"Jun 30, 2004",Spider-Man 2,200000000,373524485,795110670,421586185,173524485,221586185,595110670,0.05,0.064,0.172,Domestic
50,50,51,"Mar 5, 2010",Alice in Wonderland,200000000,334191110,1025491110,691300000,134191110,491300000,825491110,0.039,0.142,0.238,Domestic
51,51,52,"Nov 8, 2012",Skyfall,200000000,304360277,1110526981,806166704,104360277,606166704,910526981,0.03,0.175,0.263,Domestic
52,52,53,"Jun 21, 2013",Monsters University,200000000,268488329,743588329,475100000,68488329,275100000,543588329,0.02,0.079,0.157,Domestic
53,53,54,"Mar 8, 2013",Oz the Great and Powerful,200000000,234770996,490359051,255588055,34770996,55588055,290359051,0.01,0.016,0.084,Domestic
54,54,55,"May 23, 2014",X-Men: Days of Future Past,200000000,233921534,747862775,513941241,33921534,313941241,547862775,0.01,0.091,0.158,Domestic
55,55,56,"May 2, 2014",The Amazing Spider-Man 2,200000000,202853933,708996336,506142403,2853933,306142403,508996336,0.001,0.088,0.147,Domestic
56,56,57,"Jun 24, 2011",Cars 2,200000000,191450875,560155383,368704508,-8549125,168704508,360155383,-0.002,0.049,0.104,Domestic
57,57,58,"Dec 17, 2010",Tron: Legacy,200000000,172062763,400062763,228000000,-27937237,28000000,200062763,-0.008,0.008,0.058,Domestic
58,58,59,"Nov 13, 2009",2012,200000000,166112167,757677748,591565581,-33887833,391565581,557677748,-0.01,0.113,0.161,Domestic
59,59,60,"Nov 16, 2018",Fantastic Beasts: The Crimes of Grindelwald,200000000,159555901,652220086,492664185,-40444099,292664185,452220086,-0.012,0.085,0.131,Domestic
60,60,61,"May 21, 2009",Terminator Salvation,200000000,125322469,365491792,240169323,-74677531,40169323,165491792,-0.022,0.012,0.048,Domestic
61,61,62,"Jun 17, 2011",Green Lantern,200000000,116601172,219535492,102934320,-83398828,-97065680,19535492,-0.024,-0.028,0.006,Domestic
62,62,63,"May 28, 2010",Prince of Persia: Sands of Time,200000000,90759676,336359676,245600000,-109240324,45600000,136359676,-0.032,0.013,0.039,Domestic
63,63,64,"Jun 29, 2011",Transformers: Dark of the Moon,195000000,352390543,1123790543,771400000,157390543,576400000,928790543,0.045,0.166,0.268,Domestic
64,64,65,"Jun 9, 2017",The Mummy,195000000,80101125,409953905,329852780,-114898875,134852780,214953905,-0.033,0.039,0.062,Domestic
65,65,66,"Mar 1, 2013",Jack the Giant Slayer,195000000,65187603,197687603,132500000,-129812397,-62500000,2687603,-0.037,-0.018,0.001,Domestic
66,66,67,"Apr 3, 2015",Furious 7,190000000,353007020,1518722794,1165715774,163007020,975715774,1328722794,0.047,0.282,0.384,Domestic
67,67,68,"May 16, 2013",Star Trek Into Darkness,190000000,228778661,467381584,238602923,38778661,48602923,277381584,0.011,0.014,0.08,Domestic
68,68,69,"Jun 21, 2013",World War Z,190000000,202359711,531514650,329154939,12359711,139154939,341514650,0.004,0.04,0.099,Domestic
69,69,70,"May 10, 2013",The Great Gatsby,190000000,144840419,351040419,206200000,-45159581,16200000,161040419,-0.013,0.005,0.046,Domestic
70,70,71,"Nov 6, 2009",Disneyâs A Christmas Carol,190000000,137855863,315709697,177853834,-52144137,-12146166,125709697,-0.015,-0.004,0.036,Domestic
71,71,72,"Jul 12, 2013",Pacific Rim,190000000,101802906,411002906,309200000,-88197094,119200000,221002906,-0.025,0.034,0.064,Domestic
72,72,73,"Nov 25, 2015",The Good Dinosaur,187500000,123087120,333771037,210683917,-64412880,23183917,146271037,-0.019,0.007,0.042,Domestic
73,73,74,"May 2, 2008",Iron Man,186000000,318604126,585171547,266567421,132604126,80567421,399171547,0.038,0.023,0.115,Domestic
74,74,75,"Jul 18, 2008",The Dark Knight,185000000,533720947,1001996207,468275260,348720947,283275260,816996207,0.101,0.082,0.236,Domestic
75,75,76,"May 22, 2008",Indiana Jones and the Kingdom of the Crystal Skull,185000000,317101119,786635413,469534294,132101119,284534294,601635413,0.038,0.082,0.174,Domestic
76,76,77,"Jun 22, 2012",Brave,185000000,237282182,554606532,317324350,52282182,132324350,369606532,0.015,0.038,0.107,Domestic
77,77,78,"Mar 10, 2017",Kong: Skull Island,185000000,168052812,561072059,393019247,-16947188,208019247,376072059,-0.005,0.06,0.109,Domestic
78,78,79,"Jul 22, 2016",Star Trek Beyond,185000000,158848340,335802233,176953893,-26151660,-8046107,150802233,-0.008,-0.002,0.044,Domestic
79,79,80,"Oct 6, 2017",Blade Runner 2049,185000000,92054159,259357408,167303249,-92945841,-17696751,74357408,-0.027,-0.005,0.021,Domestic
80,80,81,"May 24, 2019",Aladdin,182000000,246734314,619234314,372500000,64734314,190500000,437234314,0.019,0.055,0.126,Domestic
81,81,82,"Nov 3, 2017",Thor: Ragnarok,180000000,315058289,846980024,531921735,135058289,351921735,666980024,0.039,0.102,0.193,Domestic
82,82,83,"Dec 9, 2005","The Chronicles of Narnia: The Lion, the Witch and the Wardrobe",180000000,291710957,720539572,428828615,111710957,248828615,540539572,0.032,0.072,0.156,Domestic
83,83,84,"May 30, 2014",Maleficent,180000000,241407328,758536735,517129407,61407328,337129407,578536735,0.018,0.097,0.167,Domestic
84,84,85,"Nov 18, 2016",Fantastic Beasts and Where to Find Them,180000000,234037575,802402853,568365278,54037575,388365278,622402853,0.016,0.112,0.18,Domestic
85,85,86,"Jun 27, 2008",WALL-E,180000000,223808164,532508025,308699861,43808164,128699861,352508025,0.013,0.037,0.102,Domestic
86,86,87,"Aug 10, 2007",Rush Hour 3,180000000,140125968,256585882,116459914,-39874032,-63540086,76585882,-0.012,-0.018,0.022,Domestic
87,87,88,"Jul 1, 2016",The Legend of Tarzan,180000000,126643061,348902025,222258964,-53356939,42258964,168902025,-0.015,0.012,0.049,Domestic
88,88,89,"Nov 23, 2011",Hugo,180000000,73864507,180047784,106183277,-106135493,-73816723,47784,-0.031,-0.021,0.0,Domestic
89,89,90,"Jul 21, 2017",Valerian and the City of a Thousand Planets,180000000,40479370,215098356,174618986,-139520630,-5381014,35098356,-0.04,-0.002,0.01,Domestic
90,90,91,"Feb 6, 2015",Jupiter Ascending,179000000,47482519,181982519,134500000,-131517481,-44500000,2982519,-0.038,-0.013,0.001,Domestic
91,91,92,"Jul 27, 2018",Mission: ImpossibleâFallout,178000000,220159104,787456552,567297448,42159104,389297448,609456552,0.012,0.112,0.176,Domestic
92,92,93,"May 27, 2016",X-Men: Apocalypse,178000000,155442489,542537546,387095057,-22557511,209095057,364537546,-0.007,0.06,0.105,Domestic
93,93,94,"Aug 10, 2018",The Meg,178000000,145443742,529530715,384086973,-32556258,206086973,351530715,-0.009,0.06,0.101,Domestic
94,94,95,"Jun 6, 2014",Edge of Tomorrow,178000000,100206256,370541256,270335000,-77793744,92335000,192541256,-0.022,0.027,0.056,Domestic
95,95,96,"Mar 8, 2019",Captain Marvel,175000000,426525952,1123061550,696535598,251525952,521535598,948061550,0.073,0.151,0.274,Domestic
96,96,97,"Apr 15, 2016",The Jungle Book,175000000,364001123,962854547,598853424,189001123,423853424,787854547,0.055,0.122,0.227,Domestic
97,97,98,"Jun 19, 2015",Inside Out,175000000,356461711,854235992,497774281,181461711,322774281,679235992,0.052,0.093,0.196,Domestic
98,98,99,"Jul 7, 2017",Spider-Man: Homecoming,175000000,334201140,880166350,545965210,159201140,370965210,705166350,0.046,0.107,0.204,Domestic
99,99,100,"Aug 5, 2016",Suicide Squad,175000000,325100054,746059887,420959833,150100054,245959833,571059887,0.043,0.071,0.165,Domestic
100,100,1,"May 29, 2009",Up,175000000,293004164,731463377,438459213,118004164,263459213,556463377,0.034,0.076,0.161,Domestic
101,101,2,"Nov 22, 2017",Coco,175000000,209726015,798008101,588282086,34726015,413282086,623008101,0.01,0.119,0.18,Domestic
102,102,3,"Nov 21, 2018",Ralph Breaks The Internet,175000000,201091711,524283695,323191984,26091711,148191984,349283695,0.008,0.043,0.101,Domestic
103,103,4,"Mar 27, 2009",Monsters vs. Aliens,175000000,198351526,381687380,183335854,23351526,8335854,206687380,0.007,0.002,0.06,Domestic
104,104,5,"Jun 16, 2017",Cars 3,175000000,152901115,383541369,230640254,-22098885,55640254,208541369,-0.006,0.016,0.06,Domestic
105,105,6,"Aug 7, 2009",G.I. Joe: The Rise of Cobra,175000000,150201498,302469017,152267519,-24798502,-22732481,127469017,-0.007,-0.007,0.037,Domestic
106,106,7,"Jun 30, 1999",Wild Wild West,175000000,113805681,221229335,107423654,-61194319,-67576346,46229335,-0.018,-0.02,0.013,Domestic
107,107,8,"Aug 1, 2008",The Mummy: Tomb of the Dragon Emperor,175000000,102491776,405760225,303268449,-72508224,128268449,230760225,-0.021,0.037,0.067,Domestic
108,108,9,"Jun 22, 2007",Evan Almighty,175000000,100289690,174131329,73841639,-74710310,-101158361,-868671,-0.022,-0.029,-0.0,Domestic
109,109,10,"Jul 28, 1995",Waterworld,175000000,88246220,264246220,176000000,-86753780,1000000,89246220,-0.025,0.0,0.026,Domestic
110,110,11,"May 12, 2017",King Arthur: Legend of the Sword,175000000,39175066,139630336,100455270,-135824934,-74544730,-35369664,-0.039,-0.022,-0.01,Domestic
111,111,12,"Dec 25, 2013",47 Ronin,175000000,38362475,151716815,113354340,-136637525,-61645660,-23283185,-0.039,-0.018,-0.007,Domestic
112,112,13,"Jun 22, 2018",Jurassic World: Fallen Kingdom,170000000,417719760,1305772799,888053039,247719760,718053039,1135772799,0.072,0.207,0.328,Domestic
113,113,14,"Aug 1, 2014",Guardians of the Galaxy,170000000,333172112,770867516,437695404,163172112,267695404,600867516,0.047,0.077,0.173,Domestic
114,114,15,"May 7, 2010",Iron Man 2,170000000,312433331,621156389,308723058,142433331,138723058,451156389,0.041,0.04,0.13,Domestic
115,115,16,"Apr 4, 2014",Captain America: The Winter Soldier,170000000,259746958,714401889,454654931,89746958,284654931,544401889,0.026,0.082,0.157,Domestic
116,116,17,"Jul 11, 2014",Dawn of the Planet of the Apes,170000000,208545589,710644566,502098977,38545589,332098977,540644566,0.011,0.096,0.156,Domestic
117,117,18,"Nov 10, 2004",The Polar Express,170000000,187224605,311365187,124140582,17224605,-45859418,141365187,0.005,-0.013,0.041,Domestic
118,118,19,"Jun 1, 2012",Snow White and the Huntsman,170000000,155136755,401021746,245884991,-14863245,75884991,231021746,-0.004,0.022,0.067,Domestic
119,119,20,"Jul 1, 2003",Terminator 3: Rise of the Machines,170000000,150358296,433058296,282700000,-19641704,112700000,263058296,-0.006,0.033,0.076,Domestic
120,120,21,"May 7, 2004",Van Helsing,170000000,120150546,300150546,180000000,-49849454,10000000,130150546,-0.014,0.003,0.038,Domestic
121,121,22,"Mar 29, 2019",Dumbo,170000000,113883318,345004422,231121104,-56116682,61121104,175004422,-0.016,0.018,0.051,Domestic
122,122,23,"May 22, 2015",Tomorrowland,170000000,93436322,206627518,113191196,-76563678,-56808804,36627518,-0.022,-0.016,0.011,Domestic
123,123,24,"Feb 14, 2019",Alita: Battle Angel,170000000,85710210,402976036,317265826,-84289790,147265826,232976036,-0.024,0.043,0.067,Domestic
124,124,25,"May 31, 2019",Godzilla: King of the Monsters,170000000,85576941,299276941,213700000,-84423059,43700000,129276941,-0.024,0.013,0.037,Domestic
125,125,26,"May 27, 2016",Alice Through the Looking Glass,170000000,77042381,276928112,199885731,-92957619,29885731,106928112,-0.027,0.009,0.031,Domestic
126,126,27,"May 21, 2010",Shrek Forever After,165000000,238736787,756244673,517507886,73736787,352507886,591244673,0.021,0.102,0.171,Domestic
127,127,28,"Nov 4, 2016",Doctor Strange,165000000,232641920,676404566,443762646,67641920,278762646,511404566,0.02,0.08,0.148,Domestic
128,128,29,"Nov 7, 2014",Big Hero 6,165000000,222527828,652127828,429600000,57527828,264600000,487127828,0.017,0.076,0.141,Domestic
129,129,30,"Mar 26, 2010",How to Train Your Dragon,165000000,217581232,494870992,277289760,52581232,112289760,329870992,0.015,0.032,0.095,Domestic
130,130,31,"Nov 2, 2012",Wreck-It Ralph,165000000,189412677,496511521,307098844,24412677,142098844,331511521,0.007,0.041,0.096,Domestic
131,131,32,"Nov 5, 2014",Interstellar,165000000,188017894,666379375,478361481,23017894,313361481,501379375,0.007,0.09,0.145,Domestic
132,132,33,"Jun 24, 2016",Independence Day: Resurgence,165000000,103144286,384169424,281025138,-61855714,116025138,219169424,-0.018,0.034,0.063,Domestic
133,133,34,"Jul 29, 2011",Cowboys and Aliens,163000000,100368560,176038324,75669764,-62631440,-87330236,13038324,-0.018,-0.025,0.004,Domestic
134,134,35,"Mar 17, 2017",Beauty and the Beast,160000000,504014165,1259199706,755185541,344014165,595185541,1099199706,0.099,0.172,0.317,Domestic
135,135,36,"Dec 21, 2018",Aquaman,160000000,335061807,1146894640,811832833,175061807,651832833,986894640,0.051,0.188,0.285,Domestic
136,136,37,"May 17, 2007",Shrek the Third,160000000,322719944,807330936,484610992,162719944,324610992,647330936,0.047,0.094,0.187,Domestic
137,137,38,"Jul 16, 2010",Inception,160000000,292576195,835524642,542948447,132576195,382948447,675524642,0.038,0.111,0.195,Domestic
138,138,39,"Nov 20, 2015",The Hunger Games: Mockingjay - Part 2,160000000,281723902,648986787,367262885,121723902,207262885,488986787,0.035,0.06,0.141,Domestic
139,139,40,"May 24, 2013",Fast and Furious 6,160000000,238679850,789300444,550620594,78679850,390620594,629300444,0.023,0.113,0.182,Domestic
140,140,41,"May 16, 2014",Godzilla,160000000,200676069,529076069,328400000,40676069,168400000,369076069,0.012,0.049,0.107,Domestic
141,141,42,"Jun 3, 2011",X-Men: First Class,160000000,146408305,355408305,209000000,-13591695,49000000,195408305,-0.004,0.014,0.056,Domestic
142,142,43,"Dec 25, 2008",The Curious Case of Benjamin Button,160000000,127509326,329631958,202122632,-32490674,42122632,169631958,-0.009,0.012,0.049,Domestic
143,143,44,"Jul 14, 2010",The Sorcerer's Apprentice,160000000,63150991,217986320,154835329,-96849009,-5164671,57986320,-0.028,-0.001,0.017,Domestic
144,144,45,"May 12, 2006",Poseidon,160000000,60674817,181674817,121000000,-99325183,-39000000,21674817,-0.029,-0.011,0.006,Domestic
145,145,46,"Jun 10, 2016",Warcraft,160000000,47225655,425522281,378296626,-112774345,218296626,265522281,-0.033,0.063,0.077,Domestic
146,146,47,"Sep 30, 2016",Deepwater Horizon,156000000,61433527,122603824,61170297,-94566473,-94829703,-33396176,-0.027,-0.027,-0.01,Domestic
147,147,48,"Dec 10, 2010",The Chronicles of Narnia: The Voyage of the Dawn Treader,155000000,104386950,418186950,313800000,-50613050,158800000,263186950,-0.015,0.046,0.076,Domestic
148,148,49,"Jul 1, 2015",Terminator: Genisys,155000000,89760956,432150894,342389938,-65239044,187389938,277150894,-0.019,0.054,0.08,Domestic
149,149,50,"Mar 23, 2018",Pacific Rim: Uprising,155000000,59874525,290930148,231055623,-95125475,76055623,135930148,-0.027,0.022,0.039,Domestic
150,150,51,"Nov 24, 2004",Alexander,155000000,34297191,167297191,133000000,-120702809,-22000000,12297191,-0.035,-0.006,0.004,Domestic
151,151,52,"Jul 14, 2017",War for the Planet of the Apes,152000000,146880162,489592267,342712105,-5119838,190712105,337592267,-0.001,0.055,0.097,Domestic
152,152,53,"May 25, 2001",Pearl Harbor,151500000,198539855,449239855,250700000,47039855,99200000,297739855,0.014,0.029,0.086,Domestic
153,153,54,"Jul 2, 2007",Transformers,151000000,319246193,708272592,389026399,168246193,238026399,557272592,0.049,0.069,0.161,Domestic
154,154,55,"Jun 2, 2017",Wonder Woman,150000000,412563408,821133378,408569970,262563408,258569970,671133378,0.076,0.075,0.194,Domestic
155,155,56,"Nov 22, 2013",Frozen,150000000,400738009,1272469910,871731901,250738009,721731901,1122469910,0.072,0.208,0.324,Domestic
156,156,57,"Mar 4, 2016",Zootopia,150000000,341268248,1019429616,678161368,191268248,528161368,869429616,0.055,0.152,0.251,Domestic
157,157,58,"Jul 11, 2007",Harry Potter and the Order of the Phoenix,150000000,292137260,943076457,650939197,142137260,500939197,793076457,0.041,0.145,0.229,Domestic
158,158,59,"Nov 18, 2005",Harry Potter and the Goblet of Fire,150000000,290201752,897099794,606898042,140201752,456898042,747099794,0.04,0.132,0.216,Domestic
159,159,60,"May 15, 2003",The Matrix Reloaded,150000000,281553689,738576929,457023240,131553689,307023240,588576929,0.038,0.089,0.17,Domestic
160,160,61,"Dec 14, 2007",I am Legend,150000000,256393010,585532684,329139674,106393010,179139674,435532684,0.031,0.052,0.126,Domestic
161,161,62,"Nov 23, 2016",Moana,150000000,248757044,637517365,388760321,98757044,238760321,487517365,0.029,0.069,0.141,Domestic
162,162,63,"Jul 1, 2008",Hancock,150000000,227946274,624234272,396287998,77946274,246287998,474234272,0.023,0.071,0.137,Domestic
163,163,64,"Jul 15, 2005",Charlie and the Chocolate Factory,150000000,206459076,475825484,269366408,56459076,119366408,325825484,0.016,0.034,0.094,Domestic
164,164,65,"Jun 29, 2007",Ratatouille,150000000,206445654,626549695,420104041,56445654,270104041,476549695,0.016,0.078,0.138,Domestic
165,165,66,"Nov 8, 2013",Thor: The Dark World,150000000,206362140,644602516,438240376,56362140,288240376,494602516,0.016,0.083,0.143,Domestic
166,166,67,"Jun 15, 2005",Batman Begins,150000000,205343774,359142722,153798948,55343774,3798948,209142722,0.016,0.001,0.06,Domestic
167,167,68,"Jul 31, 2015",Mission: ImpossibleâRogue Nation,150000000,195042377,688858992,493816615,45042377,343816615,538858992,0.013,0.099,0.156,Domestic
168,168,69,"Jul 21, 2017",Dunkirk,150000000,190068280,499837368,309769088,40068280,159769088,349837368,0.012,0.046,0.101,Domestic
169,169,70,"May 6, 2011",Thor,150000000,181030624,449326618,268295994,31030624,118295994,299326618,0.009,0.034,0.086,Domestic
170,170,71,"Nov 7, 2008",Madagascar: Escape 2 Africa,150000000,180174880,599680774,419505894,30174880,269505894,449680774,0.009,0.078,0.13,Domestic
171,171,72,"May 1, 2009",X-Men Origins: Wolverine,150000000,179883157,374825760,194942603,29883157,44942603,224825760,0.009,0.013,0.065,Domestic
172,172,73,"May 22, 2009",Night at the Museum: Battle of the Smithsonian,150000000,177243721,402231063,224987342,27243721,74987342,252231063,0.008,0.022,0.073,Domestic
173,173,74,"May 26, 2011",Kung Fu Panda 2,150000000,165249063,664837547,499588484,15249063,349588484,514837547,0.004,0.101,0.149,Domestic
174,174,75,"May 15, 2015",Mad Max: Fury Road,150000000,153636354,370098020,216461666,3636354,66461666,220098020,0.001,0.019,0.064,Domestic
175,175,76,"May 10, 2019",PokÃ©mon: Detective Pikachu,150000000,139507806,411258433,271750627,-10492194,121750627,261258433,-0.003,0.035,0.075,Domestic
176,176,77,"Nov 5, 2003",The Matrix Revolutions,150000000,139270910,427300260,288029350,-10729090,138029350,277300260,-0.003,0.04,0.08,Domestic
177,177,78,"Mar 29, 2018",Ready Player One,150000000,137690172,579290136,441599964,-12309828,291599964,429290136,-0.004,0.084,0.124,Domestic
178,178,79,"Nov 4, 2005",Chicken Little,150000000,135386665,310043823,174657158,-14613335,24657158,160043823,-0.004,0.007,0.046,Domestic
179,179,80,"May 5, 2006",Mission: Impossible III,150000000,133501348,397501348,264000000,-16498652,114000000,247501348,-0.005,0.033,0.071,Domestic
180,180,81,"May 15, 2009",Angels & Demons,150000000,133375846,490875846,357500000,-16624154,207500000,340875846,-0.005,0.06,0.098,Domestic
181,181,82,"May 14, 2004",Troy,150000000,133298577,484161265,350862688,-16701423,200862688,334161265,-0.005,0.058,0.096,Domestic
182,182,83,"Jul 1, 2010",The Last Airbender,150000000,131772187,319713881,187941694,-18227813,37941694,169713881,-0.005,0.011,0.049,Domestic
183,183,84,"Nov 2, 2007",Bee Movie,150000000,126631277,287594577,160963300,-23368723,10963300,137594577,-0.007,0.003,0.04,Domestic
184,184,85,"Jul 24, 2009",G-Force,150000000,119436770,292817841,173381071,-30563230,23381071,142817841,-0.009,0.007,0.041,Domestic
185,185,86,"Nov 21, 2008",Bolt,150000000,114053579,328015029,213961450,-35946421,63961450,178015029,-0.01,0.018,0.051,Domestic
186,186,87,"Mar 30, 2012",Wrath of the Titans,150000000,83670083,305270083,221600000,-66329917,71600000,155270083,-0.019,0.021,0.045,Domestic
187,187,88,"Nov 16, 2007",Beowulf,150000000,82280579,195080579,112800000,-67719421,-37200000,45080579,-0.02,-0.011,0.013,Domestic
188,188,89,"May 11, 2012",Dark Shadows,150000000,79727149,238202668,158475519,-70272851,8475519,88202668,-0.02,0.002,0.025,Domestic
189,189,90,"Jun 28, 2013",White House Down,150000000,73103784,205440387,132336603,-76896216,-17663397,55440387,-0.022,-0.005,0.016,Domestic
190,190,91,"Feb 12, 2010",The Wolfman,150000000,62189884,142634358,80444474,-87810116,-69555526,-7365642,-0.025,-0.02,-0.002,Domestic
191,191,92,"Feb 17, 2017",The Great Wall,150000000,45157105,334486852,289329747,-104842895,139329747,184486852,-0.03,0.04,0.053,Domestic
192,192,93,"Oct 9, 2015",Pan,150000000,35088320,151525973,116437653,-114911680,-33562347,1525973,-0.033,-0.01,0.0,Domestic
193,193,94,"Mar 11, 2011",Mars Needs Moms,150000000,21392758,39549758,18157000,-128607242,-131843000,-110450242,-0.037,-0.038,-0.032,Domestic
195,195,96,"Nov 3, 2006",Flushed Away,149000000,64665672,179357126,114691454,-84334328,-34308546,30357126,-0.024,-0.01,0.009,Domestic
196,196,97,"Jun 8, 2012",Madagascar 3: Europe's Most Wanted,145000000,216391482,746921271,530529789,71391482,385529789,601921271,0.021,0.111,0.174,Domestic
197,197,98,"Dec 16, 2011",Mission: ImpossibleâGhost Protocol,145000000,209397903,694713230,485315327,64397903,340315327,549713230,0.019,0.098,0.159,Domestic
198,198,99,"Jun 13, 2014",How to Train Your Dragon 2,145000000,177002924,614586270,437583346,32002924,292583346,469586270,0.009,0.084,0.136,Domestic
199,199,100,"Jun 16, 1999",Tarzan,145000000,171091819,448191819,277100000,26091819,132100000,303191819,0.008,0.038,0.088,Domestic
200,200,1,"Mar 7, 2014",Mr. Peabody & Sherman,145000000,111506430,269806430,158300000,-33493570,13300000,124806430,-0.01,0.004,0.036,Domestic
201,201,2,"Nov 21, 2012",Rise of the Guardians,145000000,103412758,306900902,203488144,-41587242,58488144,161900902,-0.012,0.017,0.047,Domestic
202,202,3,"Apr 8, 2005",Sahara,145000000,68671925,121671925,53000000,-76328075,-92000000,-23328075,-0.022,-0.027,-0.007,Domestic
203,203,4,"Jul 15, 2016",Ghostbusters,144000000,128350574,229008658,100658084,-15649426,-43341916,85008658,-0.005,-0.013,0.025,Domestic
204,204,5,"Nov 22, 2002",Die Another Day,142000000,160942139,431942139,271000000,18942139,129000000,289942139,0.005,0.037,0.084,Domestic
205,205,6,"Jul 9, 2003",Pirates of the Caribbean: The Curse of the Black Pearl,140000000,305411224,634954103,329542879,165411224,189542879,494954103,0.048,0.055,0.143,Domestic
206,206,7,"May 8, 2009",Star Trek,140000000,257730019,386839614,129109595,117730019,-10890405,246839614,0.034,-0.003,0.071,Domestic
207,207,8,"Jul 1, 1998",Armageddon,140000000,201578182,554600000,353021818,61578182,213021818,414600000,0.018,0.062,0.12,Domestic
208,208,9,"Jul 3, 2002",Men in Black 2,140000000,190418803,441767803,251349000,50418803,111349000,301767803,0.015,0.032,0.087,Domestic
209,209,10,"Jul 22, 2011",Captain America: The First Avenger,140000000,176654505,370569776,193915271,36654505,53915271,230569776,0.011,0.016,0.067,Domestic
210,210,11,"Jan 29, 2016",Kung Fu Panda 3,140000000,143528619,517599142,374070523,3528619,234070523,377599142,0.001,0.068,0.109,Domestic
211,211,12,"Jul 10, 1998",Lethal Weapon 4,140000000,130444603,285400000,154955397,-9555397,14955397,145400000,-0.003,0.004,0.042,Domestic
212,212,13,"Mar 27, 2013",G.I. Joe: Retaliation,140000000,122523060,375740705,253217645,-17476940,113217645,235740705,-0.005,0.033,0.068,Domestic
213,213,14,"Dec 5, 2003",The Last Samurai,140000000,111110575,456810575,345700000,-28889425,205700000,316810575,-0.008,0.059,0.091,Domestic
214,214,15,"Dec 21, 2005",Fun With Dick And Jane,140000000,110550000,203018919,92468919,-29450000,-47531081,63018919,-0.009,-0.014,0.018,Domestic
215,215,16,"Dec 12, 2014",Exodus: Gods and Kings,140000000,65014513,268314513,203300000,-74985487,63300000,128314513,-0.022,0.018,0.037,Domestic
216,216,17,"Jul 1, 2016",The BFG,140000000,55483770,199646680,144162910,-84516230,4162910,59646680,-0.024,0.001,0.017,Domestic
217,217,18,"Feb 26, 2016",Gods of Egypt,140000000,31153464,138836756,107683292,-108846536,-32316708,-1163244,-0.031,-0.009,-0.0,Domestic
218,218,19,"May 3, 2002",Spider-Man,139000000,403706375,821706375,418000000,264706375,279000000,682706375,0.076,0.081,0.197,Domestic
219,219,20,"Mar 6, 2009",Watchmen,138000000,107509799,186976250,79466451,-30490201,-58533549,48976250,-0.009,-0.017,0.014,Domestic
220,220,21,"Jul 29, 2005",Stealth,138000000,32116746,76416746,44300000,-105883254,-93700000,-61583254,-0.031,-0.027,-0.018,Domestic
221,221,22,"Jun 13, 2008",The Incredible Hulk,137500000,134806913,265573859,130766946,-2693087,-6733054,128073859,-0.001,-0.002,0.037,Domestic
222,222,23,"Jun 20, 2003",Hulk,137000000,132177234,245075434,112898200,-4822766,-24101800,108075434,-0.001,-0.007,0.031,Domestic
223,223,24,"Jul 11, 2001",Final Fantasy: The Spirits Within,137000000,32131830,85131830,53000000,-104868170,-84000000,-51868170,-0.03,-0.024,-0.015,Domestic
224,224,25,"Nov 16, 2012","The Twilight Saga: Breaking Dawn, Part 2",136200000,292324737,829724737,537400000,156124737,401200000,693524737,0.045,0.116,0.2,Domestic
225,225,26,"Mar 22, 2013",The Croods,135000000,187168425,573068425,385900000,52168425,250900000,438068425,0.015,0.072,0.126,Domestic
226,226,27,"Dec 25, 2015",The Revenant,135000000,183637894,532938302,349300408,48637894,214300408,397938302,0.014,0.062,0.115,Domestic
227,227,28,"Nov 19, 1999",The World is Not Enough,135000000,126930660,361730660,234800000,-8069340,99800000,226730660,-0.002,0.029,0.065,Domestic
228,228,29,"Mar 4, 2011",Rango,135000000,123477607,245724600,122246993,-11522393,-12753007,110724600,-0.003,-0.004,0.032,Domestic
229,229,30,"Nov 14, 2003",Master and Commander: The Far Side of the World,135000000,93926386,212912137,118985751,-41073614,-16014249,77912137,-0.012,-0.005,0.022,Domestic
230,230,31,"Jul 17, 2013",Turbo,135000000,83028130,286896578,203868448,-51971870,68868448,151896578,-0.015,0.02,0.044,Domestic
231,231,32,"Jun 3, 2016",Teenage Mutant Ninja Turtles: Out of the Shadows,135000000,82051601,245328374,163276773,-52948399,28276773,110328374,-0.015,0.008,0.032,Domestic
232,232,33,"Nov 18, 2011",Happy Feet Two,135000000,64006466,157956466,93950000,-70993534,-41050000,22956466,-0.02,-0.012,0.007,Domestic
233,233,34,"Jul 28, 2006",Miami Vice,135000000,63478838,163818556,100339718,-71521162,-34660282,28818556,-0.021,-0.01,0.008,Domestic
234,234,35,"Nov 2, 2018",The Nutcracker and the Four Realms,132900000,54858851,170293899,115435048,-78041149,-17464952,37393899,-0.023,-0.005,0.011,Domestic
235,235,36,"Jun 29, 2005",War of the Worlds,132000000,234280354,606836535,372556181,102280354,240556181,474836535,0.03,0.069,0.137,Domestic
236,236,37,"Nov 26, 2014",Penguins of Madagascar,132000000,83350911,366942531,283591620,-48649089,151591620,234942531,-0.014,0.044,0.068,Domestic
237,237,38,"Nov 22, 2013",The Hunger Games: Catching Fire,130000000,424668047,864868047,440200000,294668047,310200000,734868047,0.085,0.09,0.212,Domestic
238,238,39,"Jun 4, 2004",Harry Potter and the Prisoner of Azkaban,130000000,249757726,796907323,547149597,119757726,417149597,666907323,0.035,0.12,0.193,Domestic
239,239,40,"Aug 3, 2007",The Bourne Ultimatum,130000000,227471070,444043396,216572326,97471070,86572326,314043396,0.028,0.025,0.091,Domestic
240,240,41,"Jul 6, 2018",Ant-Man and the Wasp,130000000,216648740,623144660,406495920,86648740,276495920,493144660,0.025,0.08,0.142,Domestic
241,241,42,"Jun 6, 2008",Kung Fu Panda,130000000,215434591,631910531,416475940,85434591,286475940,501910531,0.025,0.083,0.145,Domestic
242,242,43,"Jul 17, 2015",Ant-Man,130000000,180202163,518858449,338656286,50202163,208656286,388858449,0.014,0.06,0.112,Domestic
243,243,44,"Mar 27, 2015",Home,130000000,177397510,385997896,208600386,47397510,78600386,255997896,0.014,0.023,0.074,Domestic
244,244,45,"Dec 19, 2018",Mary Poppins Returns,130000000,171958438,341528518,169570080,41958438,39570080,211528518,0.012,0.011,0.061,Domestic
245,245,46,"Oct 28, 2011",Puss in Boots,130000000,149260504,554987477,405726973,19260504,275726973,424987477,0.006,0.08,0.123,Domestic
246,246,47,"Nov 5, 2010",Megamind,130000000,148415853,321887208,173471355,18415853,43471355,191887208,0.005,0.013,0.055,Domestic
247,247,48,"Jul 18, 2003",Bad Boys II,130000000,138540870,273271982,134731112,8540870,4731112,143271982,0.002,0.001,0.041,Domestic
248,248,49,"Apr 11, 2014",Rio 2,130000000,131538435,492846291,361307856,1538435,231307856,362846291,0.0,0.067,0.105,Domestic
249,249,50,"Jul 23, 2010",Salt,130000000,118311368,290650494,172339126,-11688632,42339126,160650494,-0.003,0.012,0.046,Domestic
250,250,51,"Mar 28, 2014",Noah,130000000,101200044,352831065,251631021,-28799956,121631021,222831065,-0.008,0.035,0.064,Domestic
251,251,52,"Dec 21, 2011",The Adventures of Tintin,130000000,77591831,373993951,296402120,-52408169,166402120,243993951,-0.015,0.048,0.07,Domestic
252,252,53,"May 31, 2013",After Earth,130000000,60522097,251499665,190977568,-69477903,60977568,121499665,-0.02,0.018,0.035,Domestic
253,253,54,"Nov 26, 2008",Australia,130000000,49554002,215080810,165526808,-80445998,35526808,85080810,-0.023,0.01,0.025,Domestic
254,254,55,"Jul 19, 2013",R.I.P.D.,130000000,33618855,79076678,45457823,-96381145,-84542177,-50923322,-0.028,-0.024,-0.015,Domestic
255,255,56,"Feb 22, 2019",How to Train Your Dragon: The Hidden World,129000000,160791800,519258283,358466483,31791800,229466483,390258283,0.009,0.066,0.113,Domestic
256,256,57,"Nov 18, 2011","The Twilight Saga: Breaking Dawn, Part 1",127500000,281287133,689420051,408132918,153787133,280632918,561920051,0.044,0.081,0.162,Domestic
257,257,58,"May 19, 2000",Dinosaur,127500000,137748063,356148063,218400000,10248063,90900000,228648063,0.003,0.026,0.066,Domestic
258,258,59,"Mar 3, 2017",Logan,127000000,226277068,615461394,389184326,99277068,262184326,488461394,0.029,0.076,0.141,Domestic
259,259,60,"Dec 19, 2014",Night at the Museum: Secret of the Tomb,127000000,113746621,353756621,240010000,-13253379,113010000,226756621,-0.004,0.033,0.065,Domestic
260,260,61,"Jul 15, 2011",Harry Potter and the Deathly Hallows: Part II,125000000,381193157,1341693157,960500000,256193157,835500000,1216693157,0.074,0.241,0.351,Domestic
261,261,62,"Nov 21, 2014",The Hunger Games: Mockingjay - Part 1,125000000,337135885,766575131,429439246,212135885,304439246,641575131,0.061,0.088,0.185,Domestic
262,262,63,"Nov 16, 2001",Harry Potter and the Sorcererâs Stone,125000000,317871467,975047606,657176139,192871467,532176139,850047606,0.056,0.154,0.245,Domestic
263,263,64,"Nov 19, 2010",Harry Potter and the Deathly Hallows: Part I,125000000,296131568,960431568,664300000,171131568,539300000,835431568,0.049,0.156,0.241,Domestic
264,264,65,"May 19, 2006",The Da Vinci Code,125000000,217536138,767820459,550284321,92536138,425284321,642820459,0.027,0.123,0.186,Domestic
265,265,66,"May 2, 2003",X-Men 2,125000000,214949694,406875536,191925842,89949694,66925842,281875536,0.026,0.019,0.081,Domestic
266,266,67,"Apr 29, 2011",Fast Five,125000000,210031325,630163454,420132129,85031325,295132129,505163454,0.025,0.085,0.146,Domestic
267,267,68,"Aug 8, 2014",Teenage Mutant Ninja Turtles,125000000,191204754,485004754,293800000,66204754,168800000,360004754,0.019,0.049,0.104,Domestic
268,268,69,"Dec 16, 2011",Sherlock Holmes: A Game of Shadows,125000000,186848418,535663443,348815025,61848418,223815025,410663443,0.018,0.065,0.119,Domestic
269,269,70,"May 28, 2004",The Day After Tomorrow,125000000,186740799,556319450,369578651,61740799,244578651,431319450,0.018,0.071,0.125,Domestic
270,270,71,"Mar 31, 2017",The Boss Baby,125000000,175003033,510878762,335875729,50003033,210875729,385878762,0.014,0.061,0.111,Domestic
271,271,72,"Apr 1, 2010",Clash of the Titans,125000000,163214888,493214888,330000000,38214888,205000000,368214888,0.011,0.059,0.106,Domestic
272,272,73,"Nov 4, 2016",Trolls,125000000,153707064,344150134,190443070,28707064,65443070,219150134,0.008,0.019,0.063,Domestic
273,273,74,"May 19, 1998",Godzilla,125000000,136314294,376000000,239685706,11314294,114685706,251000000,0.003,0.033,0.072,Domestic
274,274,75,"Jun 8, 2012",Prometheus,125000000,126477084,402448265,275971181,1477084,150971181,277448265,0.0,0.044,0.08,Domestic
275,275,76,"Aug 10, 2012",The Bourne Legacy,125000000,113203870,280355920,167152050,-11796130,42152050,155355920,-0.003,0.012,0.045,Domestic
276,276,77,"Jun 20, 1997",Batman & Robin,125000000,107325195,238317814,130992619,-17674805,5992619,113317814,-0.005,0.002,0.033,Domestic
277,277,78,"Jul 13, 2018",Skyscraper,125000000,68420120,304115534,235695414,-56579880,110695414,179115534,-0.016,0.032,0.052,Domestic
278,278,79,"Aug 3, 2012",Total Recall,125000000,58877969,211856088,152978119,-66122031,27978119,86856088,-0.019,0.008,0.025,Domestic
279,279,80,"Dec 21, 2016",Assassinâs Creed,125000000,54647948,240759682,186111734,-70352052,61111734,115759682,-0.02,0.018,0.033,Domestic
280,280,81,"Jan 13, 2017",Monster Trucks,125000000,33370166,61642798,28272632,-91629834,-96727368,-63357202,-0.026,-0.028,-0.018,Domestic
281,281,82,"Aug 27, 1999",The 13th Warrior,125000000,32698899,61698899,29000000,-92301101,-96000000,-63301101,-0.027,-0.028,-0.018,Domestic
282,282,83,"Nov 17, 2000",How the Grinch Stole Christmas,123000000,260044825,345141403,85096578,137044825,-37903422,222141403,0.04,-0.011,0.064,Domestic
283,283,84,"May 24, 2000",Mission: Impossible 2,120000000,215409889,549588516,334178627,95409889,214178627,429588516,0.028,0.062,0.124,Domestic
284,284,85,"Jun 30, 2000",The Perfect Storm,120000000,182618434,328711434,146093000,62618434,26093000,208711434,0.018,0.008,0.06,Domestic
285,285,86,"Jul 29, 2016",Jason Bourne,120000000,162192920,416168316,253975396,42192920,133975396,296168316,0.012,0.039,0.086,Domestic
286,286,87,"Jun 15, 2007",Fantastic Four: Rise of the Silver Surfer,120000000,131921738,289480691,157558953,11921738,37558953,169480691,0.003,0.011,0.049,Domestic
287,287,88,"Nov 21, 2012",Life of Pi,120000000,124987022,620912003,495924981,4987022,375924981,500912003,0.001,0.109,0.145,Domestic
288,288,89,"Feb 16, 2007",Ghost Rider,120000000,115802596,229545589,113742993,-4197404,-6257007,109545589,-0.001,-0.002,0.032,Domestic
289,289,90,"Apr 13, 2018",Rampage,120000000,101028233,428056280,327028047,-18971767,207028047,308056280,-0.005,0.06,0.089,Domestic
290,290,91,"Jun 27, 2003",Charlie's Angels: Full Throttle,120000000,100814328,227200000,126385672,-19185672,6385672,107200000,-0.006,0.002,0.031,Domestic
291,291,92,"Aug 9, 2013",Elysium,120000000,93050117,286192091,193141974,-26949883,73141974,166192091,-0.008,0.021,0.048,Domestic
292,292,93,"Apr 19, 2013",Oblivion,120000000,89107235,287916633,198809398,-30892765,78809398,167916633,-0.009,0.023,0.048,Domestic
293,293,94,"Mar 24, 2017",Power Rangers,120000000,85364450,142531552,57167102,-34635550,-62832898,22531552,-0.01,-0.018,0.007,Domestic
294,294,95,"Jul 19, 2002",Stuart Little 2,120000000,64956806,166000000,101043194,-55043194,-18956806,46000000,-0.016,-0.005,0.013,Domestic
295,295,96,"Feb 12, 2014",RoboCop,120000000,58607007,242981799,184374792,-61392993,64374792,122981799,-0.018,0.019,0.036,Domestic
296,296,97,"Jun 11, 2004",The Chronicles of Riddick,120000000,57712751,107212751,49500000,-62287249,-70500000,-12787249,-0.018,-0.02,-0.004,Domestic
297,297,98,"Aug 7, 2015",Fantastic Four,120000000,56117548,167849187,111731639,-63882452,-8268361,47849187,-0.018,-0.002,0.014,Domestic
298,298,99,"May 9, 2008",Speed Racer,120000000,43945766,93394462,49448696,-76054234,-70551304,-26605538,-0.022,-0.02,-0.008,Domestic
299,299,100,"Jul 22, 2005",The Island,120000000,35818913,163018913,127200000,-84181087,7200000,43018913,-0.024,0.002,0.012,Domestic
300,300,1,"Dec 17, 2010",How Do You Know?,120000000,30212620,49628177,19415557,-89787380,-100584443,-70371823,-0.026,-0.029,-0.02,Domestic
301,301,2,"Jun 23, 2010",Knight and Day,117000000,76423035,258751370,182328335,-40576965,65328335,141751370,-0.012,0.019,0.041,Domestic
302,302,3,"Oct 5, 2018",Venom,116000000,213511408,853628605,640117197,97511408,524117197,737628605,0.028,0.151,0.213,Domestic
303,303,4,"May 19, 1999",Star Wars Ep. I: The Phantom Menace,115000000,474544677,1027044677,552500000,359544677,437500000,912044677,0.104,0.126,0.263,Domestic
304,304,5,"May 19, 2005",Star Wars Ep. III: Revenge of the Sith,115000000,380270577,848998877,468728300,265270577,353728300,733998877,0.077,0.102,0.212,Domestic
305,305,6,"May 16, 2002",Star Wars Ep. II: Attack of the Clones,115000000,310676740,656695615,346018875,195676740,231018875,541695615,0.056,0.067,0.156,Domestic
306,306,7,"Nov 2, 2001","Monsters, Inc.",115000000,289423425,559757719,270334294,174423425,155334294,444757719,0.05,0.045,0.128,Domestic
307,307,8,"Jul 26, 2013",The Wolverine,115000000,132556852,416456852,283900000,17556852,168900000,301456852,0.005,0.049,0.087,Domestic
308,308,9,"Feb 7, 1997",Dante's Peak,115000000,67163857,178200000,111036143,-47836143,-3963857,63200000,-0.014,-0.001,0.018,Domestic
309,309,10,"Apr 22, 2016",The Huntsman: Winterâs War,115000000,48003015,165149302,117146287,-66996985,2146287,50149302,-0.019,0.001,0.014,Domestic
310,310,11,"Jun 14, 2002",Windtalkers,115000000,40914068,77628265,36714197,-74085932,-78285803,-37371735,-0.021,-0.023,-0.011,Domestic
311,311,12,"Jul 4, 2008",AstÃ©rix aux Jeux Olympiques,113500000,999811,132999811,132000000,-112500189,18500000,19499811,-0.032,0.005,0.006,Domestic
312,312,13,"Dec 25, 2010",Gulliver's Travels,112000000,42779261,232017848,189238587,-69220739,77238587,120017848,-0.02,0.022,0.035,Domestic
313,313,14,"Dec 15, 2017",Ferdinand,111000000,84410380,289847930,205437550,-26589620,94437550,178847930,-0.008,0.027,0.052,Domestic
314,314,15,"May 18, 2018",Deadpool 2,110000000,324591735,786680557,462088822,214591735,352088822,676680557,0.062,0.102,0.195,Domestic
315,315,16,"Oct 4, 2013",Gravity,110000000,274092705,693698673,419605968,164092705,309605968,583698673,0.047,0.089,0.169,Domestic
316,316,17,"Dec 22, 2006",Night at the Museum,110000000,250863268,579446407,328583139,140863268,218583139,469446407,0.041,0.063,0.136,Domestic
317,317,18,"Jun 10, 2005",Mr. and Mrs. Smith,110000000,186336279,486124090,299787811,76336279,189787811,376124090,0.022,0.055,0.109,Domestic
318,318,19,"May 29, 2015",San Andreas,110000000,155190832,456258539,301067707,45190832,191067707,346258539,0.013,0.055,0.1,Domestic
319,319,20,"Jul 29, 2011",The Smurfs,110000000,142614158,563749323,421135165,32614158,311135165,453749323,0.009,0.09,0.131,Domestic
320,320,21,"Jun 27, 2007",Live Free or Die Hard,110000000,134529403,382288147,247758744,24529403,137758744,272288147,0.007,0.04,0.079,Domestic
321,321,22,"Mar 20, 2015",The Divergent Series: Insurgent,110000000,130179072,295075882,164896810,20179072,54896810,185075882,0.006,0.016,0.053,Domestic
322,322,23,"Dec 10, 2004",Ocean's Twelve,110000000,125531634,362989076,237457442,15531634,127457442,252989076,0.004,0.037,0.073,Domestic
323,323,24,"Dec 19, 1997",Tomorrow Never Dies,110000000,125304276,339504276,214200000,15304276,104200000,229504276,0.004,0.03,0.066,Domestic
324,324,25,"Jun 28, 2000",The Patriot,110000000,113330342,215300000,101969658,3330342,-8030342,105300000,0.001,-0.002,0.03,Domestic
325,325,26,"Mar 7, 2014",300: Rise of an Empire,110000000,106580051,330780051,224200000,-3419949,114200000,220780051,-0.001,0.033,0.064,Domestic
326,326,27,"Dec 17, 2004",The Aviator,110000000,102608827,208370892,105762065,-7391173,-4237935,98370892,-0.002,-0.001,0.028,Domestic
327,327,28,"Dec 21, 2016",Passengers,110000000,100014699,302239672,202224973,-9985301,92224973,192239672,-0.003,0.027,0.056,Domestic
328,328,29,"Jan 14, 2011",The Green Hornet,110000000,98780042,229155503,130375461,-11219958,20375461,119155503,-0.003,0.006,0.034,Domestic
329,329,30,"Sep 30, 2016",Miss Peregrineâs Home for Peculiar Children,110000000,87242834,295986876,208744042,-22757166,98744042,185986876,-0.007,0.029,0.054,Domestic
330,330,31,"Oct 7, 2011",Real Steel,110000000,85463309,263880341,178417032,-24536691,68417032,153880341,-0.007,0.02,0.044,Domestic
331,331,32,"Jun 11, 2010",The A-Team,110000000,77222099,177241171,100019072,-32777901,-9980928,67241171,-0.009,-0.003,0.019,Domestic
332,332,33,"Jul 31, 2013",The Smurfs 2,110000000,71017784,348547523,277529739,-38982216,167529739,238547523,-0.011,0.048,0.069,Domestic
333,333,34,"Mar 18, 2016",The Divergent Series: Allegiant,110000000,66184051,172022517,105838466,-43815949,-4161534,62022517,-0.013,-0.001,0.018,Domestic
334,334,35,"Jun 12, 2009",The Taking of Pelham 123,110000000,65452312,152364370,86912058,-44547688,-23087942,42364370,-0.013,-0.007,0.012,Domestic
335,335,36,"Nov 1, 2013",Ender's Game,110000000,61737191,127983283,66246092,-48262809,-43753908,17983283,-0.014,-0.013,0.005,Domestic
336,336,37,"Apr 2, 2004",Home on the Range,110000000,50026353,76482461,26456108,-59973647,-83543892,-33517539,-0.017,-0.024,-0.01,Domestic
337,337,38,"Jun 13, 1997",Speed 2: Cruise Control,110000000,48097081,150468000,102370919,-61902919,-7629081,40468000,-0.018,-0.002,0.012,Domestic
338,338,39,"May 6, 2005",Kingdom of Heaven,110000000,47398413,218853353,171454940,-62601587,61454940,108853353,-0.018,0.018,0.031,Domestic
339,339,40,"Mar 31, 2017",Ghost in the Shell,110000000,40563557,167910690,127347133,-69436443,17347133,57910690,-0.02,0.005,0.017,Domestic
340,340,41,"Jun 16, 2004",Around the World in 80 Days,110000000,24004159,72004159,48000000,-85995841,-62000000,-37995841,-0.025,-0.018,-0.011,Domestic
341,341,42,"Jun 14, 2019",Men in Black: International,110000000,3100000,3100000,0,-106900000,-110000000,-106900000,-0.031,-0.032,-0.031,Domestic
342,342,43,"Dec 19, 2001",The Lord of the Rings: The Fellowship of the Ring,109000000,315544750,887210985,571666235,206544750,462666235,778210985,0.06,0.134,0.225,Domestic
343,343,44,"Nov 21, 2003",The Cat in the Hat,109000000,101018283,133818283,32800000,-7981717,-76200000,24818283,-0.002,-0.022,0.007,Domestic
344,344,45,"Dec 25, 2001",Ali,109000000,58183966,87683966,29500000,-50816034,-79500000,-21316034,-0.015,-0.023,-0.006,Domestic
345,345,46,"Oct 2, 2015",The Martian,108000000,228433663,655271443,426837780,120433663,318837780,547271443,0.035,0.092,0.158,Domestic
346,346,47,"Nov 23, 2016",Allied,106000000,40098064,119266661,79168597,-65901936,-26831403,13266661,-0.019,-0.008,0.004,Domestic
347,347,48,"Jul 16, 2004","I, Robot",105000000,144801023,348629585,203828562,39801023,98828562,243629585,0.011,0.029,0.07,Domestic
348,348,49,"Dec 17, 1999",Stuart Little,105000000,140015224,298815224,158800000,35015224,53800000,193815224,0.01,0.016,0.056,Domestic
349,349,50,"Nov 25, 2009",The Princess and the Frog,105000000,104400899,270997378,166596479,-599101,61596479,165997378,-0.0,0.018,0.048,Domestic
350,350,51,"Mar 7, 2008","10,000 B.C.",105000000,94784201,269065678,174281477,-10215799,69281477,164065678,-0.003,0.02,0.047,Domestic
351,351,52,"Jul 22, 2016",Ice Age: Collision Course,105000000,64063008,402156682,338093674,-40936992,233093674,297156682,-0.012,0.067,0.086,Domestic
352,352,53,"Apr 27, 2001",Town & Country,105000000,6712451,10364769,3652318,-98287549,-101347682,-94635231,-0.028,-0.029,-0.027,Domestic
353,353,54,"Sep 22, 2017",Kingsman: The Golden Circle,104000000,100234838,408803696,308568858,-3765162,204568858,304803696,-0.001,0.059,0.088,Domestic
354,354,55,"Jun 9, 2000",Gone in 60 Seconds,103300000,101643008,232643008,131000000,-1656992,27700000,129343008,-0.0,0.008,0.037,Domestic
355,355,56,"May 5, 2000",Gladiator,103000000,187683805,457683805,270000000,84683805,167000000,354683805,0.024,0.048,0.102,Domestic
356,356,57,"May 23, 2013",The Hangover 3,103000000,112200072,362000072,249800000,9200072,146800000,259000072,0.003,0.042,0.075,Domestic
357,357,58,"Mar 9, 2018",A Wrinkle in Time,103000000,100478608,133401882,32923274,-2521392,-70076726,30401882,-0.001,-0.02,0.009,Domestic
358,358,59,"Jul 1, 2009",Public Enemies,102500000,97104620,212282709,115178089,-5395380,12678089,109782709,-0.002,0.004,0.032,Domestic
359,359,60,"Nov 17, 2006",Casino Royale,102000000,167365000,594420283,427055283,65365000,325055283,492420283,0.019,0.094,0.142,Domestic
360,360,61,"Jun 21, 2002",Minority Report,102000000,132024714,358824714,226800000,30024714,124800000,256824714,0.009,0.036,0.074,Domestic
361,361,62,"Dec 21, 2018",Bumblebee,102000000,127195589,465195589,338000000,25195589,236000000,363195589,0.007,0.068,0.105,Domestic
362,362,63,"Oct 26, 2012",Cloud Atlas,102000000,27108272,130673154,103564882,-74891728,1564882,28673154,-0.022,0.0,0.008,Domestic
363,363,64,"Nov 15, 2002",Harry Potter and the Chamber of Secrets,100000000,262233381,879225135,616991754,162233381,516991754,779225135,0.047,0.149,0.225,Domestic
364,364,65,"Jul 2, 1991",Terminator 2: Judgment Day,100000000,203464105,515419827,311955722,103464105,211955722,415419827,0.03,0.061,0.12,Domestic
365,365,66,"Jun 16, 1995",Batman Forever,100000000,184031112,336529144,152498032,84031112,52498032,236529144,0.024,0.015,0.068,Domestic
366,366,67,"Jul 27, 2001",Planet of the Apes,100000000,180011740,362211740,182200000,80011740,82200000,262211740,0.023,0.024,0.076,Domestic
367,367,68,"Nov 19, 2004",National Treasure,100000000,173005002,331323410,158318408,73005002,58318408,231323410,0.021,0.017,0.067,Domestic
368,368,69,"Dec 25, 2012",Django Unchained,100000000,162805434,449948323,287142889,62805434,187142889,349948323,0.018,0.054,0.101,Domestic
369,369,70,"Dec 22, 2010",Little Fockers,100000000,148438600,310650574,162211974,48438600,62211974,210650574,0.014,0.018,0.061,Domestic
370,370,71,"Jul 15, 1994",True Lies,100000000,146282411,365300000,219017589,46282411,119017589,265300000,0.013,0.034,0.077,Domestic
371,371,72,"Nov 2, 2007",American Gangster,100000000,130164645,267985456,137820811,30164645,37820811,167985456,0.009,0.011,0.049,Domestic
372,372,73,"Sep 18, 2009",Cloudy with a Chance of Meatballs,100000000,124870275,236827677,111957402,24870275,11957402,136827677,0.007,0.003,0.04,Domestic
373,373,74,"Aug 6, 2010",The Other Guys,100000000,119219978,170936470,51716492,19219978,-48283508,70936470,0.006,-0.014,0.02,Domestic
374,374,75,"Dec 17, 2004",Lemony Snicket's A Series of Unfortunate Events,100000000,118627117,212956024,94328907,18627117,-5671093,112956024,0.005,-0.002,0.033,Domestic
375,375,76,"Dec 25, 2013",The Wolf of Wall Street,100000000,116900694,389870414,272969720,16900694,172969720,289870414,0.005,0.05,0.084,Domestic
376,376,77,"May 24, 2013",Epic,100000000,107518682,262794441,155275759,7518682,55275759,162794441,0.002,0.016,0.047,Domestic
377,377,78,"Jun 21, 1996",Eraser,100000000,101295562,234400000,133104438,1295562,33104438,134400000,0.0,0.01,0.039,Domestic
378,378,79,"Jun 21, 1996",The Hunchback of Notre Dame,100000000,100138851,325500000,225361149,138851,125361149,225500000,0.0,0.036,0.065,Domestic
379,379,80,"Dec 15, 2000",The Emperor's New Groove,100000000,89296573,169296573,80000000,-10703427,-20000000,69296573,-0.003,-0.006,0.02,Domestic
380,380,81,"Aug 17, 2012",The Expendables 2,100000000,85028192,311979256,226951064,-14971808,126951064,211979256,-0.004,0.037,0.061,Domestic
381,381,82,"Oct 16, 2009",Where the Wild Things Are,100000000,77233467,99123656,21890189,-22766533,-78109811,-876344,-0.007,-0.023,-0.0,Domestic
382,382,83,"Dec 15, 2006",Eragon,100000000,75030163,249488115,174457952,-24969837,74457952,149488115,-0.007,0.021,0.043,Domestic
383,383,84,"Jul 25, 2014",Hercules,100000000,72688614,243388614,170700000,-27311386,70700000,143388614,-0.008,0.02,0.041,Domestic
384,384,85,"Dec 10, 2010",The Tourist,100000000,67631157,278731369,211100212,-32368843,111100212,178731369,-0.009,0.032,0.052,Domestic
385,385,86,"Nov 24, 1999",End of Days,100000000,66889043,212026975,145137932,-33110957,45137932,112026975,-0.01,0.013,0.032,Domestic
386,386,87,"Jun 11, 2004",The Stepford Wives,100000000,59475623,96221971,36746348,-40524377,-63253652,-3778029,-0.012,-0.018,-0.001,Domestic
387,387,88,"Jun 8, 2007",Surf's Up,100000000,58867694,145395745,86528051,-41132306,-13471949,45395745,-0.012,-0.004,0.013,Domestic
388,388,89,"Dec 8, 2006",Blood Diamond,100000000,57377916,171377916,114000000,-42622084,14000000,71377916,-0.012,0.004,0.021,Domestic
389,389,90,"Sep 24, 2010",Legend of the Guardians: The Owls of Ga'Hoole,100000000,55675313,139716717,84041404,-44324687,-15958596,39716717,-0.013,-0.005,0.011,Domestic
390,390,91,"Nov 7, 1997",Starship Troopers,100000000,54768952,121100000,66331048,-45231048,-33668952,21100000,-0.013,-0.01,0.006,Domestic
391,391,92,"Jun 5, 2009",Land of the Lost,100000000,49438370,69548641,20110271,-50561630,-79889729,-30451359,-0.015,-0.023,-0.009,Domestic
392,392,93,"Dec 25, 2003",Peter Pan,100000000,48417850,95255485,46837635,-51582150,-53162365,-4744515,-0.015,-0.015,-0.001,Domestic
393,393,94,"Mar 15, 2019",Wonder Park,100000000,45216793,115149422,69932629,-54783207,-30067371,15149422,-0.016,-0.009,0.004,Domestic
394,394,95,"Jul 23, 2004",Catwoman,100000000,40202379,82145379,41943000,-59797621,-58057000,-17854621,-0.017,-0.017,-0.005,Domestic
395,395,96,"Aug 15, 2014",The Expendables 3,100000000,39322544,209461378,170138834,-60677456,70138834,109461378,-0.018,0.02,0.032,Domestic
396,396,97,"Nov 27, 2002",Treasure Planet,100000000,38120554,91800000,53679446,-61879446,-46320554,-8200000,-0.018,-0.013,-0.002,Domestic
397,397,98,"Mar 12, 2010",Green Zone,100000000,35497337,97523020,62025683,-64502663,-37974317,-2476980,-0.019,-0.011,-0.001,Domestic
398,398,99,"Oct 20, 2017",Geostorm,100000000,33700160,220796009,187095849,-66299840,87095849,120796009,-0.019,0.025,0.035,Domestic
399,399,100,"Dec 25, 2015",Point Break,100000000,28782481,126704591,97922110,-71217519,-2077890,26704591,-0.021,-0.001,0.008,Domestic
400,400,1,"Dec 11, 2015",In the Heart of the Sea,100000000,25020758,89693309,64672551,-74979242,-35327449,-10306691,-0.022,-0.01,-0.003,Domestic
401,401,2,"Apr 18, 2014",Transcendence,100000000,23022309,103039258,80016949,-76977691,-19983051,3039258,-0.022,-0.006,0.001,Domestic
402,402,3,"Feb 18, 2005",Son of the Mask,100000000,17018422,59918422,42900000,-82981578,-57100000,-40081578,-0.024,-0.016,-0.012,Domestic
403,403,4,"Dec 14, 2018",Mortal Engines,100000000,15951040,85287417,69336377,-84048960,-30663623,-14712583,-0.024,-0.009,-0.004,Domestic
404,404,5,"Aug 16, 2002",The Adventures of Pluto Nash,100000000,4411102,7094995,2683893,-95588898,-97316107,-92905005,-0.028,-0.028,-0.027,Domestic
405,405,6,"Jan 20, 2012",Jin lÃ­ng shÃ­ san chai,100000000,311434,98227017,97915583,-99688566,-2084417,-1772983,-0.029,-0.001,-0.001,Domestic
406,406,7,"Nov 6, 2015",The Peanuts Movie,99000000,130178411,250091610,119913199,31178411,20913199,151091610,0.009,0.006,0.044,Domestic
407,407,8,"Feb 8, 2019",The LEGO Movie 2: The Second Part,99000000,105806508,190325698,84519190,6806508,-14480810,91325698,0.002,-0.004,0.026,Domestic
408,408,9,"Nov 21, 2018",Robin Hood,99000000,30824628,84747441,53922813,-68175372,-45077187,-14252559,-0.02,-0.013,-0.004,Domestic
409,409,10,"May 4, 2001",The Mummy Returns,98000000,202007640,435040395,233032755,104007640,135032755,337040395,0.03,0.039,0.097,Domestic
410,410,11,"Dec 20, 2002",Gangs of New York,97000000,77730500,183124621,105394121,-19269500,8394121,86124621,-0.006,0.002,0.025,Domestic
411,411,12,"May 19, 2017",Alien: Covenant,97000000,74262031,238521247,164259216,-22737969,67259216,141521247,-0.007,0.019,0.041,Domestic
412,412,13,"Mar 13, 2015",Cinderella,95000000,201151353,534551353,333400000,106151353,238400000,439551353,0.031,0.069,0.127,Domestic
413,413,14,"Jul 13, 2012",Ice Age: Continental Drift,95000000,161321843,879765137,718443294,66321843,623443294,784765137,0.019,0.18,0.227,Domestic
414,414,15,"Dec 28, 2001",Black Hawk Down,95000000,108638745,159691085,51052340,13638745,-43947660,64691085,0.004,-0.013,0.019,Domestic
415,415,16,"May 27, 2010",Sex and the City 2,95000000,95347692,294680778,199333086,347692,104333086,199680778,0.0,0.03,0.058,Domestic
416,416,17,"Feb 12, 2010",Percy Jackson & the Olympians: The Lightning Thief,95000000,88768303,223050874,134282571,-6231697,39282571,128050874,-0.002,0.011,0.037,Domestic
417,417,18,"Aug 10, 2012",The Campaign,95000000,86907746,104907746,18000000,-8092254,-77000000,9907746,-0.002,-0.022,0.003,Domestic
418,418,19,"Nov 12, 2010",Unstoppable,95000000,81562942,165720921,84157979,-13437058,-10842021,70720921,-0.004,-0.003,0.02,Domestic
419,419,20,"May 9, 1997",The Fifth Element,95000000,63570862,263898761,200327899,-31429138,105327899,168898761,-0.009,0.03,0.049,Domestic
420,420,21,"Mar 31, 2000",The Road to El Dorado,95000000,50802661,65700000,14897339,-44197339,-80102661,-29300000,-0.013,-0.023,-0.008,Domestic
421,421,22,"Dec 11, 2009",The Lovely Bones,95000000,44114232,94894448,50780216,-50885768,-44219784,-105552,-0.015,-0.013,-0.0,Domestic
422,422,23,"Aug 19, 2016",Ben-Hur,95000000,26410477,91669648,65259171,-68589523,-29740829,-3330352,-0.02,-0.009,-0.001,Domestic
423,423,24,"Feb 6, 2015",Seventh Son,95000000,17725785,108874967,91149182,-77274215,-3850818,13874967,-0.022,-0.001,0.004,Domestic
424,424,25,"May 30, 2003",Finding Nemo,94000000,380529370,936429370,555900000,286529370,461900000,842429370,0.083,0.133,0.243,Domestic
425,425,26,"Dec 17, 2003",The Lord of the Rings: The Return of the King,94000000,377845905,1141403341,763557436,283845905,669557436,1047403341,0.082,0.193,0.302,Domestic
426,426,27,"Dec 18, 2002",The Lord of the Rings: The Two Towers,94000000,342548984,934699645,592150661,248548984,498150661,840699645,0.072,0.144,0.243,Domestic
427,427,28,"Jun 15, 2001",Lara Croft: Tomb Raider,94000000,131144183,273330185,142186002,37144183,48186002,179330185,0.011,0.014,0.052,Domestic
428,428,29,"Feb 13, 2015",Kingsman: The Secret Service,94000000,128261724,404561724,276300000,34261724,182300000,310561724,0.01,0.053,0.09,Domestic
429,429,30,"Jul 18, 2001",Jurassic Park III,93000000,181166115,365900000,184733885,88166115,91733885,272900000,0.025,0.026,0.079,Domestic
430,430,31,"Aug 5, 2011",Rise of the Planet of the Apes,93000000,176760185,470986200,294226015,83760185,201226015,377986200,0.024,0.058,0.109,Domestic
431,431,32,"Feb 14, 2008",The Spiderwick Chronicles,92500000,71195053,162839667,91644614,-21304947,-855386,70339667,-0.006,-0.0,0.02,Domestic
432,432,33,"Nov 5, 2004",The Incredibles,92000000,261441092,614726752,353285660,169441092,261285660,522726752,0.049,0.075,0.151,Domestic
433,433,34,"Feb 14, 2013",A Good Day to Die Hard,92000000,67349198,304249198,236900000,-24650802,144900000,212249198,-0.007,0.042,0.061,Domestic
434,434,35,"Apr 9, 2004",The Alamo,92000000,22406362,23911362,1505000,-69593638,-90495000,-68088638,-0.02,-0.026,-0.02,Domestic
435,435,36,"Dec 22, 1995",Cutthroat Island,92000000,10017322,18517322,8500000,-81982678,-83500000,-73482678,-0.024,-0.024,-0.021,Domestic
436,436,37,"Dec 25, 2013",The Secret Life of Walter Mitty,91000000,58236838,187861183,129624345,-32763162,38624345,96861183,-0.009,0.011,0.028,Domestic
437,437,38,"Dec 20, 2017",Jumanji: Welcome to the Jungle,90000000,404508916,964496193,559987277,314508916,469987277,874496193,0.091,0.136,0.252,Domestic
438,438,39,"Jul 1, 1997",Men in Black,90000000,250690539,587790539,337100000,160690539,247100000,497790539,0.046,0.071,0.144,Domestic
439,439,40,"Nov 19, 1999",Toy Story 2,90000000,245852179,511358276,265506097,155852179,175506097,421358276,0.045,0.051,0.122,Domestic
440,440,41,"Aug 3, 2001",Rush Hour 2,90000000,226164286,347425832,121261546,136164286,31261546,257425832,0.039,0.009,0.074,Domestic
441,441,42,"Dec 25, 2009",Sherlock Holmes,90000000,209028679,498438212,289409533,119028679,199409533,408438212,0.034,0.058,0.118,Domestic
442,442,43,"Jul 1, 2009",Ice Age: Dawn of the Dinosaurs,90000000,196573705,859701857,663128152,106573705,573128152,769701857,0.031,0.165,0.222,Domestic
443,443,44,"Dec 14, 2018",Spider-Man: Into The Spider-Verse 3D,90000000,190173195,375381768,185208573,100173195,95208573,285381768,0.029,0.027,0.082,Domestic
444,444,45,"Jul 21, 2000",What Lies Beneath,90000000,155464351,288693989,133229638,65464351,43229638,198693989,0.019,0.012,0.057,Domestic
445,445,46,"Apr 15, 2011",Rio,90000000,143619809,487519809,343900000,53619809,253900000,397519809,0.015,0.073,0.115,Domestic
446,446,47,"Oct 6, 2006",The Departed,90000000,132384315,289660619,157276304,42384315,67276304,199660619,0.012,0.019,0.058,Domestic
447,447,48,"Nov 3, 2000",Charlie's Angels,90000000,125305545,259736090,134430545,35305545,44430545,169736090,0.01,0.013,0.049,Domestic
448,448,49,"Jun 19, 1998",Mulan,90000000,120620254,303500000,182879746,30620254,92879746,213500000,0.009,0.027,0.062,Domestic
449,449,50,"Aug 13, 2008",Tropic Thunder,90000000,110515313,191145256,80629943,20515313,-9370057,101145256,0.006,-0.003,0.029,Domestic
450,450,51,"Dec 20, 2011",The Girl with the Dragon Tattoo,90000000,102515793,239373970,136858177,12515793,46858177,149373970,0.004,0.014,0.043,Domestic
451,451,52,"Jul 11, 1997",Contact,90000000,100920329,165900000,64979671,10920329,-25020329,75900000,0.003,-0.007,0.022,Domestic
452,452,53,"Jun 6, 2008",You Don't Mess With the Zohan,90000000,100018837,202910991,102892154,10018837,12892154,112910991,0.003,0.004,0.033,Domestic
453,453,54,"May 19, 1995",Die Hard: With a Vengeance,90000000,100012499,366101666,266089167,10012499,176089167,276101666,0.003,0.051,0.08,Domestic
454,454,55,"Sep 23, 2016",The Magnificent Seven,90000000,93432655,162525156,69092501,3432655,-20907499,72525156,0.001,-0.006,0.021,Domestic
455,455,56,"Dec 18, 2015",Alvin and the Chipmunks: The Road Chip,90000000,85886987,249517956,163630969,-4113013,73630969,159517956,-0.001,0.021,0.046,Domestic
456,456,57,"Jun 8, 2001",Atlantis: The Lost Empire,90000000,84052762,186049020,101996258,-5947238,11996258,96049020,-0.002,0.003,0.028,Domestic
457,457,58,"Dec 25, 2008",Valkyrie,90000000,83107829,203932174,120824345,-6892171,30824345,113932174,-0.002,0.009,0.033,Domestic
458,458,59,"Jul 24, 2015",Pixels,90000000,78765986,244041804,165275818,-11234014,75275818,154041804,-0.003,0.022,0.044,Domestic
459,459,60,"Jun 29, 2001",Artificial Intelligence: AI,90000000,78616689,235900000,157283311,-11383311,67283311,145900000,-0.003,0.019,0.042,Domestic
460,460,61,"Nov 26, 2003",The Haunted Mansion,90000000,75817994,155750628,79932634,-14182006,-10067366,65750628,-0.004,-0.003,0.019,Domestic
461,461,62,"Aug 4, 2000",Hollow Man,90000000,73209340,191200000,117990660,-16790660,27990660,101200000,-0.005,0.008,0.029,Domestic
462,462,63,"Apr 22, 2005",The Interpreter,90000000,72708161,162753837,90045676,-17291839,45676,72753837,-0.005,0.0,0.021,Domestic
463,463,64,"Aug 7, 2013",Percy Jackson: Sea of Monsters,90000000,68559554,200859554,132300000,-21440446,42300000,110859554,-0.006,0.012,0.032,Domestic
464,464,65,"Jul 25, 2003",Lara Croft: Tomb Raider: The Cradle of Life,90000000,65653758,157092943,91439185,-24346242,1439185,67092943,-0.007,0.0,0.019,Domestic
465,465,66,"Jun 10, 2016",Now You See Me 2,90000000,65075540,328325007,263249467,-24924460,173249467,238325007,-0.007,0.05,0.069,Domestic
466,466,67,"Nov 21, 2001",Spy Game,90000000,62362560,143049560,80687000,-27637440,-9313000,53049560,-0.008,-0.003,0.015,Domestic
467,467,68,"Apr 4, 1997",The Saint,90000000,61363304,169400000,108036696,-28636696,18036696,79400000,-0.008,0.005,0.023,Domestic
468,468,69,"Mar 10, 2000",Mission to Mars,90000000,60874615,106000000,45125385,-29125385,-44874615,16000000,-0.008,-0.013,0.005,Domestic
469,469,70,"Mar 16, 2018",Tomb Raider,90000000,58250803,273477501,215226698,-31749197,125226698,183477501,-0.009,0.036,0.053,Domestic
470,470,71,"Dec 17, 1999",Bicentennial Man,90000000,58220776,87420776,29200000,-31779224,-60800000,-2579224,-0.009,-0.018,-0.001,Domestic
471,471,72,"Jul 7, 2004",King Arthur,90000000,51877963,203877963,152000000,-38122037,62000000,113877963,-0.011,0.018,0.033,Domestic
472,472,73,"Apr 25, 1997",Volcano,90000000,47546796,120100000,72553204,-42453204,-17446796,30100000,-0.012,-0.005,0.009,Domestic
473,473,74,"Mar 26, 1997",The Devil's Own,90000000,42885593,140900000,98014407,-47114407,8014407,50900000,-0.014,0.002,0.015,Domestic
474,474,75,"Jul 19, 2002",K-19: The Widowmaker,90000000,35168966,65716126,30547160,-54831034,-59452840,-24283874,-0.016,-0.017,-0.007,Domestic
475,475,76,"Aug 19, 2011",Conan the Barbarian,90000000,21295021,63356133,42061112,-68704979,-47938888,-26643867,-0.02,-0.014,-0.008,Domestic
476,476,77,"Oct 21, 2011",The Three Musketeers,90000000,20377913,139877913,119500000,-69622087,29500000,49877913,-0.02,0.009,0.014,Domestic
477,477,78,"Apr 21, 2017",The Promise,90000000,8224288,10551417,2327129,-81775712,-87672871,-79448583,-0.024,-0.025,-0.023,Domestic
478,478,79,"Nov 24, 2010",The Nutcracker in 3D,90000000,195459,20466016,20270557,-89804541,-69729443,-69533984,-0.026,-0.02,-0.02,Domestic
481,481,82,"May 10, 1996",Twister,88000000,241688385,495700000,254011615,153688385,166011615,407700000,0.044,0.048,0.118,Domestic
482,482,83,"Jun 3, 2005",Cinderella Man,88000000,61649911,105021488,43371577,-26350089,-44628423,17021488,-0.008,-0.013,0.005,Domestic
483,483,84,"Sep 14, 2018",The Predator,88000000,51024708,159487563,108462855,-36975292,20462855,71487563,-0.011,0.006,0.021,Domestic
484,484,85,"Jul 8, 2005",Fantastic Four,87500000,154696080,333132750,178436670,67196080,90936670,245632750,0.019,0.026,0.071,Domestic
485,485,86,"Feb 9, 2001",Hannibal,87000000,165092266,350100280,185008014,78092266,98008014,263100280,0.023,0.028,0.076,Domestic
486,486,87,"Jul 25, 2003",Seabiscuit,86000000,120277854,148715342,28437488,34277854,-57562512,62715342,0.01,-0.017,0.018,Domestic
487,487,88,"Dec 22, 2000",Cast Away,85000000,233632142,427230516,193598374,148632142,108598374,342230516,0.043,0.031,0.099,Domestic
488,488,89,"Nov 17, 2006",Happy Feet,85000000,198000317,385000317,187000000,113000317,102000000,300000317,0.033,0.029,0.087,Domestic
489,489,90,"Dec 7, 2001",Ocean's Eleven,85000000,183417150,450728529,267311379,98417150,182311379,365728529,0.028,0.053,0.106,Domestic
490,490,91,"Jul 23, 2004",The Bourne Supremacy,85000000,176087450,311001124,134913674,91087450,49913674,226001124,0.026,0.014,0.065,Domestic
491,491,92,"Jul 25, 1997",Air Force One,85000000,172956409,315268353,142311944,87956409,57311944,230268353,0.025,0.017,0.066,Domestic
492,492,93,"Apr 3, 2009",Fast & Furious,85000000,155064265,363064265,208000000,70064265,123000000,278064265,0.02,0.036,0.08,Domestic
493,493,94,"Mar 14, 2008",Horton Hears a Who,85000000,154529439,299477886,144948447,69529439,59948447,214477886,0.02,0.017,0.062,Domestic
494,494,95,"Mar 21, 2014",Divergent,85000000,150947895,276014965,125067070,65947895,40067070,191014965,0.019,0.012,0.055,Domestic
495,495,96,"Sep 28, 2012",Hotel Transylvania,85000000,148313048,378505812,230192764,63313048,145192764,293505812,0.018,0.042,0.085,Domestic
496,496,97,"Apr 5, 2019",Shazam!,85000000,139606856,362899733,223292877,54606856,138292877,277899733,0.016,0.04,0.08,Domestic
497,497,98,"Nov 21, 2007",Enchanted,85000000,127706877,340384141,212677264,42706877,127677264,255384141,0.012,0.037,0.074,Domestic
498,498,99,"Feb 10, 2012",Safe House,85000000,126181630,208542162,82360532,41181630,-2639468,123542162,0.012,-0.001,0.036,Domestic
499,499,100,"Jul 20, 2007",I Now Pronounce You Chuck and Larry,85000000,119725280,185708462,65983182,34725280,-19016818,100708462,0.01,-0.005,0.029,Domestic
500,500,1,"Jun 8, 2007",Ocean's Thirteen,85000000,117144465,311744465,194600000,32144465,109600000,226744465,0.009,0.032,0.065,Domestic
501,501,2,"Dec 25, 2009",Itâs Complicated,85000000,112735375,224614744,111879369,27735375,26879369,139614744,0.008,0.008,0.04,Domestic
502,502,3,"Nov 20, 1998",Enemy of the State,85000000,111549836,250649836,139100000,26549836,54100000,165649836,0.008,0.016,0.048,Domestic
503,503,4,"Sep 29, 2006",Open Season,85000000,85105259,191932158,106826899,105259,21826899,106932158,0.0,0.006,0.031,Domestic
504,504,5,"Nov 4, 2011",Tower Heist,85000000,78046570,150422946,72376376,-6953430,-12623624,65422946,-0.002,-0.004,0.019,Domestic
505,505,6,"Nov 22, 2000",102 Dalmatians,85000000,66941559,66941559,0,-18058441,-85000000,-18058441,-0.005,-0.025,-0.005,Domestic
506,506,7,"Mar 30, 2012",Mirror Mirror,85000000,64935167,173613482,108678315,-20064833,23678315,88613482,-0.006,0.007,0.026,Domestic
507,507,8,"Dec 8, 2006",The Holiday,85000000,63280000,205190324,141910324,-21720000,56910324,120190324,-0.006,0.016,0.035,Domestic
508,508,9,"Jun 16, 2006",The Fast and the Furious: Tokyo Drift,85000000,62615510,157794205,95178695,-22384490,10178695,72794205,-0.006,0.003,0.021,Domestic
509,509,10,"Dec 9, 2005",Memoirs of a Geisha,85000000,57010853,161510853,104500000,-27989147,19500000,76510853,-0.008,0.006,0.022,Domestic
510,510,11,"Mar 16, 2001",Enemy at the Gates,85000000,51396781,96971293,45574512,-33603219,-39425488,11971293,-0.01,-0.011,0.003,Domestic
511,511,12,"Jun 18, 1993",Last Action Hero,85000000,50016394,137298489,87282095,-34983606,2282095,52298489,-0.01,0.001,0.015,Domestic
512,512,13,"Sep 26, 2003",The Rundown,85000000,47641743,80831893,33190150,-37358257,-51809850,-4168107,-0.011,-0.015,-0.001,Domestic
513,513,14,"Nov 23, 2011",Arthur Christmas,85000000,46462469,149717124,103254655,-38537531,18254655,64717124,-0.011,0.005,0.019,Domestic
514,514,15,"Jan 20, 2017",xXx: Return of Xander Cage,85000000,44898413,345033359,300134946,-40101587,215134946,260033359,-0.012,0.062,0.075,Domestic
515,515,16,"Nov 13, 1998",Meet Joe Black,85000000,44650003,44650003,0,-40349997,-85000000,-40349997,-0.012,-0.025,-0.012,Domestic
516,516,17,"Jul 30, 2010",Cats & Dogs: The Revenge of Kitty Galore,85000000,43585753,113026383,69440630,-41414247,-15559370,28026383,-0.012,-0.004,0.008,Domestic
517,517,18,"Feb 8, 2002",Collateral Damage,85000000,40048332,78353508,38305176,-44951668,-46694824,-6646492,-0.013,-0.013,-0.002,Domestic
518,518,19,"Mar 15, 2002",Showtime,85000000,37948765,78948765,41000000,-47051235,-44000000,-6051235,-0.014,-0.013,-0.002,Domestic
519,519,20,"Jun 30, 1995",Judge Dredd,85000000,34687912,113487912,78800000,-50312088,-6200000,28487912,-0.015,-0.002,0.008,Domestic
520,520,21,"Mar 2, 2007",Zodiac,85000000,33080084,83080084,50000000,-51919916,-35000000,-1919916,-0.015,-0.01,-0.001,Domestic
521,521,22,"Aug 13, 2010",Scott Pilgrim vs. The World,85000000,31611316,48056764,16445448,-53388684,-68554552,-36943236,-0.015,-0.02,-0.011,Domestic
522,522,23,"Mar 28, 2003",The Core,85000000,31111260,74132631,43021371,-53888740,-41978629,-10867369,-0.016,-0.012,-0.003,Domestic
523,523,24,"May 9, 1997",Father's Day,85000000,28681080,35681080,7000000,-56318920,-78000000,-49318920,-0.016,-0.023,-0.014,Domestic
524,524,25,"Dec 20, 2017",The Greatest Showman,84000000,174340174,386665550,212325376,90340174,128325376,302665550,0.026,0.037,0.087,Domestic
525,525,26,"Jun 14, 2002",Scooby-Doo,84000000,153294164,276294164,123000000,69294164,39000000,192294164,0.02,0.011,0.056,Domestic
526,526,27,"Jul 28, 2000",Nutty Professor II: The Klumps,84000000,123307945,166307945,43000000,39307945,-41000000,82307945,0.011,-0.012,0.024,Domestic
527,527,28,"Jul 19, 2013",RED 2,84000000,53262560,141507355,88244795,-30737440,4244795,57507355,-0.009,0.001,0.017,Domestic
528,528,29,"Jun 23, 2006",Click,82500000,137355633,237685089,100329456,54855633,17829456,155185089,0.016,0.005,0.045,Domestic
529,529,30,"Dec 15, 2006",Charlotte's Web,82500000,82985708,143985708,61000000,485708,-21500000,61485708,0.0,-0.006,0.018,Domestic
530,530,31,"Feb 14, 2008",Jumper,82500000,80172128,222640812,142468684,-2327872,59968684,140140812,-0.001,0.017,0.04,Domestic
531,531,32,"Jul 11, 2008",Hellboy II: The Golden Army,82500000,75986503,160388063,84401560,-6513497,1901560,77888063,-0.002,0.001,0.022,Domestic
532,532,33,"May 27, 2005",The Longest Yard,82000000,158119460,191558505,33439045,76119460,-48560955,109558505,0.022,-0.014,0.032,Domestic
533,533,34,"Aug 13, 2010",The Expendables,82000000,103068524,268268174,165199650,21068524,83199650,186268174,0.006,0.024,0.054,Domestic
534,534,35,"Nov 17, 2000",The 6th Day,82000000,34543701,96024898,61481197,-47456299,-20518803,14024898,-0.014,-0.006,0.004,Domestic
536,536,37,"May 23, 2003",Bruce Almighty,81000000,242704995,484468608,241763613,161704995,160763613,403468608,0.047,0.046,0.116,Domestic
537,537,38,"Mar 23, 2012",The Hunger Games,80000000,408010692,677923379,269912687,328010692,189912687,597923379,0.095,0.055,0.173,Domestic
538,538,39,"May 26, 2011",The Hangover Part II,80000000,254464305,586464305,332000000,174464305,252000000,506464305,0.05,0.073,0.146,Domestic
539,539,40,"May 21, 1996",Mission: Impossible,80000000,180981886,457697994,276716108,100981886,196716108,377697994,0.029,0.057,0.109,Domestic
540,540,41,"Feb 10, 2017",The Lego Batman Movie,80000000,175750384,310660018,134909634,95750384,54909634,230660018,0.028,0.016,0.067,Domestic
541,541,42,"Sep 25, 2015",Hotel Transylvania 2,80000000,169700110,469500298,299800188,89700110,219800188,389500298,0.026,0.063,0.112,Domestic
542,542,43,"Jun 18, 1992",Batman Returns,80000000,162833635,266824291,103990656,82833635,23990656,186824291,0.024,0.007,0.054,Domestic
543,543,44,"May 7, 1999",The Mummy,80000000,155385488,416385488,261000000,75385488,181000000,336385488,0.022,0.052,0.097,Domestic
544,544,45,"May 19, 2006",Over the Hedge,80000000,155019340,343397247,188377907,75019340,108377907,263397247,0.022,0.031,0.076,Domestic
545,545,46,"Jun 21, 2002",Lilo & Stitch,80000000,145771527,245800000,100028473,65771527,20028473,165800000,0.019,0.006,0.048,Domestic
546,546,47,"May 8, 1998",Deep Impact,80000000,140464664,349464664,209000000,60464664,129000000,269464664,0.017,0.037,0.078,Domestic
547,547,48,"Jul 12, 2013",Grown Ups 2,80000000,133668525,247023808,113355283,53668525,33355283,167023808,0.015,0.01,0.048,Domestic
548,548,49,"Dec 16, 2011",Alvin and the Chipmunks: Chipwrecked,80000000,133107389,349088523,215981134,53107389,135981134,269088523,0.015,0.039,0.078,Domestic
549,549,50,"Jun 20, 2008",Get Smart,80000000,130319208,226739416,96420208,50319208,16420208,146739416,0.015,0.005,0.042,Domestic
550,550,51,"Mar 11, 2005",Robots,80000000,128200012,260700012,132500000,48200012,52500000,180700012,0.014,0.015,0.052,Domestic
551,551,52,"Feb 19, 2010",Shutter Island,80000000,128012934,299461782,171448848,48012934,91448848,219461782,0.014,0.026,0.063,Domestic
552,552,53,"Dec 12, 2003",Something's Gotta Give,80000000,124685242,266685242,142000000,44685242,62000000,186685242,0.013,0.018,0.054,Domestic
553,553,54,"Nov 26, 2008",Four Christmases,80000000,120146040,168311558,48165518,40146040,-31834482,88311558,0.012,-0.009,0.025,Domestic
554,554,55,"Jun 27, 1997",Face/Off,80000000,112276146,241200000,128923854,32276146,48923854,161200000,0.009,0.014,0.047,Domestic
555,555,56,"Dec 25, 2008",Bedtime Stories,80000000,110101975,221468935,111366960,30101975,31366960,141468935,0.009,0.009,0.041,Domestic
556,556,57,"Jul 12, 2002",Road to Perdition,80000000,104054514,183354514,79300000,24054514,-700000,103354514,0.007,-0.0,0.03,Domestic
557,557,58,"Feb 11, 2011",Just Go With It,80000000,103028109,214974953,111946844,23028109,31946844,134974953,0.007,0.009,0.039,Domestic
558,558,59,"Feb 14, 2003",Daredevil,80000000,102543518,182782518,80239000,22543518,239000,102782518,0.007,0.0,0.03,Domestic
559,559,60,"Sep 26, 2008",Eagle Eye,80000000,101440743,180585259,79144516,21440743,-855484,100585259,0.006,-0.0,0.029,Domestic
560,560,61,"Jun 6, 1997",Con Air,80000000,101117573,224117573,123000000,21117573,43000000,144117573,0.006,0.012,0.042,Domestic
561,561,62,"Dec 17, 2010",Yogi Bear,80000000,100246011,204774690,104528679,20246011,24528679,124774690,0.006,0.007,0.036,Domestic
562,562,63,"Dec 25, 2003",Cold Mountain,80000000,95632614,165173909,69541295,15632614,-10458705,85173909,0.005,-0.003,0.025,Domestic
563,563,64,"Jan 15, 2010",The Book of Eli,80000000,94835059,158750817,63915758,14835059,-16084242,78750817,0.004,-0.005,0.023,Domestic
564,564,65,"Nov 26, 1997",Flubber,80000000,92993801,177993801,85000000,12993801,5000000,97993801,0.004,0.001,0.028,Domestic
565,565,66,"Jul 23, 1999",The Haunting,80000000,91188905,180188905,89000000,11188905,9000000,100188905,0.003,0.003,0.029,Domestic
566,566,67,"Nov 15, 1996",Space Jam,80000000,90463534,250200000,159736466,10463534,79736466,170200000,0.003,0.023,0.049,Domestic
567,567,68,"Oct 17, 2014",Fury,80000000,85817906,210315681,124497775,5817906,44497775,130315681,0.002,0.013,0.038,Domestic
568,568,69,"Sep 28, 2018",Smallfoot,80000000,83240103,213691277,130451174,3240103,50451174,133691277,0.001,0.015,0.039,Domestic
569,569,70,"Feb 10, 2006",The Pink Panther,80000000,82226474,158926474,76700000,2226474,-3300000,78926474,0.001,-0.001,0.023,Domestic
570,570,71,"Jul 8, 2011",Zookeeper,80000000,80360866,170805525,90444659,360866,10444659,90805525,0.0,0.003,0.026,Domestic
571,571,72,"Dec 12, 2008",The Day the Earth Stood Still,80000000,79366978,237370350,158003372,-633022,78003372,157370350,-0.0,0.023,0.045,Domestic
572,572,73,"Aug 8, 1997",Conspiracy Theory,80000000,76118990,142783718,66664728,-3881010,-13335272,62783718,-0.001,-0.004,0.018,Domestic
573,573,74,"Jun 12, 1998","Six Days, Seven Nights",80000000,74339294,164800000,90460706,-5660706,10460706,84800000,-0.002,0.003,0.024,Domestic
574,574,75,"May 24, 2002",Spirit: Stallion of the Cimarron,80000000,73215310,106515310,33300000,-6784690,-46700000,26515310,-0.002,-0.013,0.008,Domestic
575,575,76,"Jun 8, 2001",Swordfish,80000000,69772969,147080413,77307444,-10227031,-2692556,67080413,-0.003,-0.001,0.019,Domestic
576,576,77,"Dec 31, 1999",Fantasia 2000 (Theatrical Release),80000000,69610858,69618634,7776,-10389142,-79992224,-10381366,-0.003,-0.023,-0.003,Domestic
577,577,78,"Apr 3, 1998",Lost In Space,80000000,69117629,136047317,66929688,-10882371,-13070312,56047317,-0.003,-0.004,0.016,Domestic
578,578,79,"Jul 30, 2004",The Manchurian Candidate,80000000,65948711,96148711,30200000,-14051289,-49800000,16148711,-0.004,-0.014,0.005,Domestic
579,579,80,"Nov 22, 2006",DÃ©jÃ Vu,80000000,64038616,181038616,117000000,-15961384,37000000,101038616,-0.005,0.011,0.029,Domestic
580,580,81,"Jun 7, 2019",The Secret Life of Pets 2,80000000,63795655,113351496,49555841,-16204345,-30444159,33351496,-0.005,-0.009,0.01,Domestic
581,581,82,"Jun 24, 2005",Bewitched,80000000,63313159,131159306,67846147,-16686841,-12153853,51159306,-0.005,-0.004,0.015,Domestic
582,582,83,"Mar 8, 2002",The Time Machine,80000000,56684819,98983590,42298771,-23315181,-37701229,18983590,-0.007,-0.011,0.005,Domestic
583,583,84,"Oct 2, 1998",What Dreams May Come,80000000,55485043,71485043,16000000,-24514957,-64000000,-8514957,-0.007,-0.018,-0.002,Domestic
584,584,85,"Dec 25, 1998",Mighty Joe Young,80000000,50632037,50632037,0,-29367963,-80000000,-29367963,-0.008,-0.023,-0.008,Domestic
585,585,86,"Oct 28, 2005",The Legend of Zorro,80000000,45575336,141475336,95900000,-34424664,15900000,61475336,-0.01,0.005,0.018,Domestic
586,586,87,"Nov 10, 2000",Little Nicky,80000000,39442871,58270391,18827520,-40557129,-61172480,-21729609,-0.012,-0.018,-0.006,Domestic
587,587,88,"Sep 25, 2009",Surrogates,80000000,38577772,119668350,81090578,-41422228,1090578,39668350,-0.012,0.0,0.011,Domestic
588,588,89,"Jun 8, 2001",Evolution,80000000,38311134,98341932,60030798,-41688866,-19969202,18341932,-0.012,-0.006,0.005,Domestic
589,589,90,"Aug 26, 2005",The Brothers Grimm,80000000,37899638,105299638,67400000,-42100362,-12600000,25299638,-0.012,-0.004,0.007,Domestic
590,590,91,"Dec 13, 1996",Mars Attacks!,80000000,37771017,101371017,63600000,-42228983,-16400000,21371017,-0.012,-0.005,0.006,Domestic
591,591,92,"Apr 14, 2006",The Wild,80000000,37384046,99010667,61626621,-42615954,-18373379,19010667,-0.012,-0.005,0.005,Domestic
592,592,93,"Dec 20, 2013",Walking with Dinosaurs,80000000,36076121,123368842,87292721,-43923879,7292721,43368842,-0.013,0.002,0.013,Domestic
593,593,94,"Dec 22, 2000",Thirteen Days,80000000,34566746,66554547,31987801,-45433254,-48012199,-13445453,-0.013,-0.014,-0.004,Domestic
594,594,95,"Dec 6, 1996",Daylight,80000000,32908290,158908290,126000000,-47091710,46000000,78908290,-0.014,0.013,0.023,Domestic
595,595,96,"Oct 23, 2015",The Last Witch Hunter,80000000,27367660,130818912,103451252,-52632340,23451252,50818912,-0.015,0.007,0.015,Domestic
596,596,97,"Feb 21, 2014",Pompeii,80000000,23169033,108469033,85300000,-56830967,5300000,28469033,-0.016,0.002,0.008,Domestic
597,597,98,"May 12, 2000",Battlefield Earth: A Saga of the Year 3000,80000000,21471685,29725663,8253978,-58528315,-71746022,-50274337,-0.017,-0.021,-0.015,Domestic
598,598,99,"Nov 14, 2003",Looney Tunes: Back in Action,80000000,20950820,54540662,33589842,-59049180,-46410158,-25459338,-0.017,-0.013,-0.007,Domestic
599,599,100,"Dec 18, 2009",Nine,80000000,19676965,53508858,33831893,-60323035,-46168107,-26491142,-0.017,-0.013,-0.008,Domestic
600,600,1,"Nov 26, 2003",Timeline,80000000,19480739,26703184,7222445,-60519261,-72777555,-53296816,-0.017,-0.021,-0.015,Domestic
601,601,2,"Apr 22, 2010",Oceans,80000000,19422319,86787530,67365211,-60577681,-12634789,6787530,-0.017,-0.004,0.002,Domestic
602,602,3,"Nov 25, 1998",Babe: Pig in the City,80000000,18319860,69131860,50812000,-61680140,-29188000,-10868140,-0.018,-0.008,-0.003,Domestic
603,603,4,"Dec 25, 1997",The Postman,80000000,17650704,20841123,3190419,-62349296,-76809581,-59158877,-0.018,-0.022,-0.017,Domestic
604,604,5,"Nov 10, 2000",Red Planet,80000000,17480890,33463969,15983079,-62519110,-64016921,-46536031,-0.018,-0.018,-0.013,Domestic
605,605,6,"Jan 12, 2007",Arthur et les Minimoys,80000000,15132763,113325743,98192980,-64867237,18192980,33325743,-0.019,0.005,0.01,Domestic
606,606,7,"Aug 17, 2007",The Invasion,80000000,15074191,40147042,25072851,-64925809,-54927149,-39852958,-0.019,-0.016,-0.012,Domestic
607,607,8,"Sep 2, 2005",A Sound of Thunder,80000000,1900451,6300451,4400000,-78099549,-75600000,-73699549,-0.023,-0.022,-0.021,Domestic
608,608,9,"Jun 15, 1994",The Lion King,79300000,421785283,986214868,564429585,342485283,485129585,906914868,0.099,0.14,0.262,Domestic
609,609,10,"Feb 10, 2012",Journey 2: The Mysterious Island,79000000,103860290,318146162,214285872,24860290,135285872,239146162,0.007,0.039,0.069,Domestic
610,610,11,"Nov 11, 2011",Jack and Jill,79000000,74158157,150519217,76361060,-4841843,-2638940,71519217,-0.001,-0.001,0.021,Domestic
611,611,12,"Dec 21, 2001",A Beautiful Mind,78000000,170708996,317668058,146959062,92708996,68959062,239668058,0.027,0.02,0.069,Domestic
612,612,13,"Sep 27, 2013",Cloudy with a Chance of Meatballs 2,78000000,119793567,274392649,154599082,41793567,76599082,196392649,0.012,0.022,0.057,Domestic
613,613,14,"Oct 4, 2002",Red Dragon,78000000,92955420,206455420,113500000,14955420,35500000,128455420,0.004,0.01,0.037,Domestic
614,614,15,"Mar 5, 2004",Hidalgo,78000000,67286731,108086731,40800000,-10713269,-37200000,30086731,-0.003,-0.011,0.009,Domestic
615,615,16,"Jul 11, 2003",The League of Extraordinary Gentlemen,78000000,66465204,179265204,112800000,-11534796,34800000,101265204,-0.003,0.01,0.029,Domestic
616,616,17,"Aug 20, 2004",Exorcist: The Beginning,78000000,41814863,43957541,2142678,-36185137,-75857322,-34042459,-0.01,-0.022,-0.01,Domestic
618,618,19,"Feb 12, 2016",The Little Prince,77500000,1311213,102028919,100717706,-76188787,23217706,24528919,-0.022,0.007,0.007,Domestic
620,620,21,"Jul 20, 2018",The Equalizer 2,77000000,102084362,190453132,88368770,25084362,11368770,113453132,0.007,0.003,0.033,Domestic
621,621,22,"Jul 3, 2013",Despicable Me 2,76000000,368065385,975216835,607151450,292065385,531151450,899216835,0.084,0.153,0.26,Domestic
622,622,23,"Jun 6, 2003",2 Fast 2 Furious,76000000,127120058,236410607,109290549,51120058,33290549,160410607,0.015,0.01,0.046,Domestic
623,623,24,"Dec 25, 2006",Children of Men,76000000,35552383,69845011,34292628,-40447617,-41707372,-6154989,-0.012,-0.012,-0.002,Domestic
624,624,25,"Jun 30, 2000",The Adventures of Rocky & Bullwinkle,76000000,26000610,35129610,9129000,-49999390,-66871000,-40870390,-0.014,-0.019,-0.012,Domestic
625,625,26,"Jul 8, 2016",The Secret Life of Pets,75000000,368384330,886750534,518366204,293384330,443366204,811750534,0.085,0.128,0.234,Domestic
626,626,27,"Jul 2, 1996",Independence Day,75000000,306169255,817400878,511231623,231169255,436231623,742400878,0.067,0.126,0.214,Domestic
627,627,28,"Nov 9, 2018",Dr. Seussâ The Grinch,75000000,270620950,511002426,240381476,195620950,165381476,436002426,0.056,0.048,0.126,Domestic
628,628,29,"Dec 21, 2016",Sing,75000000,270329045,634454789,364125744,195329045,289125744,559454789,0.056,0.083,0.162,Domestic
629,629,30,"Jun 30, 2017",Despicable Me 3,75000000,264624300,1034727750,770103450,189624300,695103450,959727750,0.055,0.201,0.277,Domestic
630,630,31,"May 22, 1997",The Lost World: Jurassic Park,75000000,229086679,618638999,389552320,154086679,314552320,543638999,0.044,0.091,0.157,Domestic
631,631,32,"Mar 31, 2006",Ice Age: The Meltdown,75000000,195330621,651899282,456568661,120330621,381568661,576899282,0.035,0.11,0.167,Domestic
632,632,33,"May 27, 2005",Madagascar,75000000,193595521,556559566,362964045,118595521,287964045,481559566,0.034,0.083,0.139,Domestic
633,633,34,"Jun 25, 2010",Grown Ups,75000000,162001186,272223430,110222244,87001186,35222244,197223430,0.025,0.01,0.057,Domestic
634,634,35,"Oct 1, 2004",Shark Tale,75000000,161412000,371917043,210505043,86412000,135505043,296917043,0.025,0.039,0.086,Domestic
635,635,36,"Jul 14, 2000",X-Men,75000000,157299717,296872367,139572650,82299717,64572650,221872367,0.024,0.019,0.064,Domestic
636,636,37,"Jun 27, 2008",Wanted,75000000,134508551,342416460,207907909,59508551,132907909,267416460,0.017,0.038,0.077,Domestic
637,637,38,"Jun 7, 1996",The Rock,75000000,134069511,336069511,202000000,59069511,127000000,261069511,0.017,0.037,0.075,Domestic
638,638,39,"Feb 13, 2004",50 First Dates,75000000,120776832,196320329,75543497,45776832,543497,121320329,0.013,0.0,0.035,Domestic
639,639,40,"Jul 20, 2007",Hairspray,75000000,118871849,203035572,84163723,43871849,9163723,128035572,0.013,0.003,0.037,Domestic
640,640,41,"May 31, 2013",Now You See Me,75000000,117723989,342769200,225045211,42723989,150045211,267769200,0.012,0.043,0.077,Domestic
641,641,42,"Dec 15, 2006",Dreamgirls,75000000,103365956,155708695,52342739,28365956,-22657261,80708695,0.008,-0.007,0.023,Domestic
642,642,43,"Aug 3, 2018",Christopher Robin,75000000,99215042,197504758,98289716,24215042,23289716,122504758,0.007,0.007,0.035,Domestic
643,643,44,"Jul 23, 1999",Inspector Gadget,75000000,97387965,97387965,0,22387965,-75000000,22387965,0.006,-0.022,0.006,Domestic
644,644,45,"Nov 11, 2011",Immortals,75000000,83504017,211562435,128058418,8504017,53058418,136562435,0.002,0.015,0.039,Domestic
645,645,46,"Jun 18, 2004",The Terminal,75000000,77073959,218673959,141600000,2073959,66600000,143673959,0.001,0.019,0.041,Domestic
646,646,47,"Feb 18, 2005",Constantine,75000000,75976178,221594911,145618733,976178,70618733,146594911,0.0,0.02,0.042,Domestic
647,647,48,"Jul 21, 2006",Monster House,75000000,73661010,141267370,67606360,-1338990,-7393640,66267370,-0.0,-0.002,0.019,Domestic
648,648,49,"Dec 8, 2000",Vertical Limit,75000000,68473360,213500000,145026640,-6526640,70026640,138500000,-0.002,0.02,0.04,Domestic
649,649,50,"Dec 21, 2007",Charlie Wilson's War,75000000,66661095,119512771,52851676,-8338905,-22148324,44512771,-0.002,-0.006,0.013,Domestic
650,650,51,"Apr 16, 1999",Life,75000000,64062587,73521587,9459000,-10937413,-65541000,-1478413,-0.003,-0.019,-0.0,Domestic
651,651,52,"Mar 4, 2005",Be Cool,75000000,55849401,94944017,39094616,-19150599,-35905384,19944017,-0.006,-0.01,0.006,Domestic
652,652,53,"Dec 23, 2005",Munich,75000000,47379090,131492772,84113682,-27620910,9113682,56492772,-0.008,0.003,0.016,Domestic
653,653,54,"Jun 4, 2010",Killers,75000000,47059963,95572749,48512786,-27940037,-26487214,20572749,-0.008,-0.008,0.006,Domestic
654,654,55,"Aug 14, 2015",The Man From U.N.C.L.E.,75000000,45445109,104949584,59504475,-29554891,-15495525,29949584,-0.009,-0.004,0.009,Domestic
655,655,56,"Mar 7, 2003",Tears of the Sun,75000000,43632458,85632458,42000000,-31367542,-33000000,10632458,-0.009,-0.01,0.003,Domestic
656,656,57,"Jul 21, 2006",Lady in the Water,75000000,42285169,72785169,30500000,-32714831,-44500000,-2214831,-0.009,-0.013,-0.001,Domestic
657,657,58,"Dec 17, 2004",Spanglish,75000000,42044321,54344321,12300000,-32955679,-62700000,-20655679,-0.01,-0.018,-0.006,Domestic
658,658,59,"Oct 12, 2001",Bandits,75000000,41523271,71523271,30000000,-33476729,-45000000,-3476729,-0.01,-0.013,-0.001,Domestic
659,659,60,"Dec 17, 1999",Anna and the King,75000000,39251128,39251128,0,-35748872,-75000000,-35748872,-0.01,-0.022,-0.01,Domestic
660,660,61,"Jul 7, 1995",First Knight,75000000,37361412,127361412,90000000,-37638588,15000000,52361412,-0.011,0.004,0.015,Domestic
661,661,62,"Mar 25, 2011",Sucker Punch,75000000,36392502,89758389,53365887,-38607498,-21634113,14758389,-0.011,-0.006,0.004,Domestic
662,662,63,"Mar 11, 2005",Hostage,75000000,34636443,77636443,43000000,-40363557,-32000000,2636443,-0.012,-0.009,0.001,Domestic
663,663,64,"Oct 28, 2016",Inferno,75000000,34343574,219519367,185175793,-40656426,110175793,144519367,-0.012,0.032,0.042,Domestic
664,664,65,"Jun 13, 2003",Hollywood Homicide,75000000,30207785,50409753,20201968,-44792215,-54798032,-24590247,-0.013,-0.016,-0.007,Domestic
665,665,66,"Jun 16, 2000",Titan A.E.,75000000,22751979,36751979,14000000,-52248021,-61000000,-38248021,-0.015,-0.018,-0.011,Domestic
666,666,67,"Dec 17, 2004",Flight of the Phoenix,75000000,21009180,34009180,13000000,-53990820,-62000000,-40990820,-0.016,-0.018,-0.012,Domestic
667,667,68,"Oct 23, 1998",Soldier,75000000,14623082,14623082,0,-60376918,-75000000,-60376918,-0.017,-0.022,-0.017,Domestic
668,668,69,"Jan 15, 1999",Virus,75000000,14010690,30626690,16616000,-60989310,-58384000,-44373310,-0.018,-0.017,-0.013,Domestic
669,669,70,"Feb 23, 2001",Monkeybone,75000000,5409517,5409517,0,-69590483,-75000000,-69590483,-0.02,-0.022,-0.02,Domestic
672,672,73,"Jul 10, 2015",Minions,74000000,336045770,1160336173,824290403,262045770,750290403,1086336173,0.076,0.217,0.314,Domestic
673,673,74,"Feb 6, 2015",The SpongeBob Movie: Sponge Out of Water,74000000,162994032,311013181,148019149,88994032,74019149,237013181,0.026,0.021,0.068,Domestic
674,674,75,"Nov 22, 2000",Unbreakable,73243106,94999143,248099143,153100000,21756037,79856894,174856037,0.006,0.023,0.05,Domestic
675,675,76,"Aug 4, 2006",Talladega Nights: The Ballad of Ricky Bobby,73000000,148213377,162870525,14657148,75213377,-58342852,89870525,0.022,-0.017,0.026,Domestic
676,676,77,"May 20, 2016",The Angry Birds Movie,73000000,107509366,352327887,244818521,34509366,171818521,279327887,0.01,0.05,0.081,Domestic
677,677,78,"Aug 7, 1998",Snake Eyes,73000000,55591409,103891409,48300000,-17408591,-24700000,30891409,-0.005,-0.007,0.009,Domestic
678,678,79,"Feb 13, 1998",Sphere,73000000,37068294,50168294,13100000,-35931706,-59900000,-22831706,-0.01,-0.017,-0.007,Domestic
679,679,80,"Jul 27, 2007",The Simpsons Movie,72500000,183135014,527071022,343936008,110635014,271436008,454571022,0.032,0.078,0.131,Domestic
680,680,81,"Feb 8, 2008",Fool's Gold,72500000,70231041,109362966,39131925,-2268959,-33368075,36862966,-0.001,-0.01,0.011,Domestic
681,681,82,"Jul 31, 2009",Funny People,72500000,51855045,71880305,20025260,-20644955,-52474740,-619695,-0.006,-0.015,-0.0,Domestic
682,682,83,"Sep 28, 2007",The Kingdom,72500000,47467250,86509602,39042352,-25032750,-33457648,14009602,-0.007,-0.01,0.004,Domestic
683,683,84,"Jun 22, 2001",Dr. Dolittle 2,72000000,112950721,176101721,63151000,40950721,-8849000,104101721,0.012,-0.003,0.03,Domestic
684,684,85,"May 24, 1995",Braveheart,72000000,75545647,209045244,133499597,3545647,61499597,137045244,0.001,0.018,0.04,Domestic
685,685,86,"Nov 4, 2005",Jarhead,72000000,62647540,96947540,34300000,-9352460,-37700000,24947540,-0.003,-0.011,0.007,Domestic
686,686,87,"Apr 27, 2001",Driven,72000000,32616869,54616869,22000000,-39383131,-50000000,-17383131,-0.011,-0.014,-0.005,Domestic
687,687,88,"Dec 21, 2001",The Majestic,72000000,27796042,37306334,9510292,-44203958,-62489708,-34693666,-0.013,-0.018,-0.01,Domestic
688,688,89,"Jun 25, 2004",Two Brothers,72000000,19176754,62176754,43000000,-52823246,-29000000,-9823246,-0.015,-0.008,-0.003,Domestic
689,689,90,"Jul 30, 2004",The Village,71682975,114197520,257641634,143444114,42514545,71761139,185958659,0.012,0.021,0.054,Domestic
690,690,91,"Jun 26, 1998",Doctor Dolittle,71500000,144156605,294156605,150000000,72656605,78500000,222656605,0.021,0.023,0.064,Domestic
691,691,92,"Aug 2, 2002",Signs,70702619,227969295,408269295,180300000,157266676,109597381,337566676,0.045,0.032,0.097,Domestic
692,692,93,"May 19, 2004",Shrek 2,70000000,441226247,937008132,495781885,371226247,425781885,867008132,0.107,0.123,0.25,Domestic
693,693,94,"Jun 9, 2006",Cars,70000000,244082982,461651246,217568264,174082982,147568264,391651246,0.05,0.043,0.113,Domestic
694,694,95,"Dec 23, 2009",Alvin and the Chipmunks: The Squeakquel,70000000,219614612,443483213,223868601,149614612,153868601,373483213,0.043,0.044,0.108,Domestic
695,695,96,"Jun 22, 1988",Who Framed Roger Rabbit?,70000000,154112492,351500000,197387508,84112492,127387508,281500000,0.024,0.037,0.081,Domestic
696,696,97,"Jul 30, 1999",Runaway Bride,70000000,152257509,310138178,157880669,82257509,87880669,240138178,0.024,0.025,0.069,Domestic
697,697,98,"Aug 9, 2002",xXx,70000000,141930000,267200000,125270000,71930000,55270000,197200000,0.021,0.016,0.057,Domestic
698,698,99,"Jun 8, 2018",Oceanâs 8,70000000,140218711,297115976,156897265,70218711,86897265,227115976,0.02,0.025,0.066,Domestic
699,699,100,"Nov 8, 1996",Ransom,70000000,136492681,308700000,172207319,66492681,102207319,238700000,0.019,0.03,0.069,Domestic
700,700,1,"Aug 21, 2009",Inglourious Basterds,70000000,120774594,316915264,196140670,50774594,126140670,246915264,0.015,0.036,0.071,Domestic
701,701,2,"Dec 11, 1991",Hook,70000000,119654823,300854823,181200000,49654823,111200000,230854823,0.014,0.032,0.067,Domestic
702,702,3,"Jul 3, 1990",Die Hard 2,70000000,117323878,239814025,122490147,47323878,52490147,169814025,0.014,0.015,0.049,Domestic
703,703,4,"Aug 8, 2003",S.W.A.T.,70000000,116877597,207154748,90277151,46877597,20277151,137154748,0.014,0.006,0.04,Domestic
704,704,5,"Nov 10, 2017",Daddyâs Home 2,70000000,104029443,175807183,71777740,34029443,1777740,105807183,0.01,0.001,0.031,Domestic
705,705,6,"Nov 19, 1999",Sleepy Hollow,70000000,101068340,207068340,106000000,31068340,36000000,137068340,0.009,0.01,0.04,Domestic
706,706,7,"Dec 14, 2001",Vanilla Sky,70000000,100614858,202726605,102111747,30614858,32111747,132726605,0.009,0.009,0.038,Domestic
707,707,8,"Jun 13, 1997",Hercules,70000000,99112101,250700000,151587899,29112101,81587899,180700000,0.008,0.024,0.052,Domestic
708,708,9,"Mar 22, 2013",Olympus Has Fallen,70000000,98927592,172878928,73951336,28927592,3951336,102878928,0.008,0.001,0.03,Domestic
709,709,10,"Mar 11, 2011",Battle: Los Angeles,70000000,83552429,213463976,129911547,13552429,59911547,143463976,0.004,0.017,0.041,Domestic
710,710,11,"Aug 13, 2004",AVP: Alien Vs. Predator,70000000,80281096,172543519,92262423,10281096,22262423,102543519,0.003,0.006,0.03,Domestic
711,711,12,"Dec 25, 2011",War Horse,70000000,79883359,156815529,76932170,9883359,6932170,86815529,0.003,0.002,0.025,Domestic
712,712,13,"Mar 1, 2002",We Were Soldiers,70000000,78120196,114658262,36538066,8120196,-33461934,44658262,0.002,-0.01,0.013,Domestic
713,713,14,"Feb 7, 2014",The Monuments Men,70000000,78031620,158702748,80671128,8031620,10671128,88702748,0.002,0.003,0.026,Domestic
714,714,15,"Sep 23, 2016",Storks,70000000,72679278,183353431,110674153,2679278,40674153,113353431,0.001,0.012,0.033,Domestic
715,715,16,"Dec 11, 1998",Star Trek: Insurrection,70000000,70187658,117800000,47612342,187658,-22387658,47800000,0.0,-0.006,0.014,Domestic
716,716,17,"Dec 10, 2003",Big Fish,70000000,66432867,123954323,57521456,-3567133,-12478544,53954323,-0.001,-0.004,0.016,Domestic
717,717,18,"Jun 17, 1994",Wolf,70000000,65011757,131011757,66000000,-4988243,-4000000,61011757,-0.001,-0.001,0.018,Domestic
718,718,19,"Jan 20, 2012",Underworld: Awakening,70000000,62321039,160379930,98058891,-7678961,28058891,90379930,-0.002,0.008,0.026,Domestic
719,719,20,"Sep 22, 2017",The Lego Ninjago Movie,70000000,59281555,122737201,63455646,-10718445,-6544354,52737201,-0.003,-0.002,0.015,Domestic
720,720,21,"Oct 10, 2014",Dracula Untold,70000000,55991880,220241723,164249843,-14008120,94249843,150241723,-0.004,0.027,0.043,Domestic
721,721,22,"Sep 29, 2006",The Guardian,70000000,55011732,94973540,39961808,-14988268,-30038192,24973540,-0.004,-0.009,0.007,Domestic
722,722,23,"Aug 9, 1989",The Abyss,70000000,54243125,54243125,0,-15756875,-70000000,-15756875,-0.005,-0.02,-0.005,Domestic
723,723,24,"Sep 24, 2010",Wall Street 2: Money Never Sleeps,70000000,52474616,137431619,84957003,-17525384,14957003,67431619,-0.005,0.004,0.019,Domestic
724,724,25,"Jan 14, 2011",The Dilemma,70000000,48475290,70546865,22071575,-21524710,-47928425,546865,-0.006,-0.014,0.0,Domestic
725,725,26,"Dec 25, 2005",Rumor Has It,70000000,42996140,88933562,45937422,-27003860,-24062578,18933562,-0.008,-0.007,0.005,Domestic
726,726,27,"Nov 6, 1998",The Siege,70000000,40934175,116625798,75691623,-29065825,5691623,46625798,-0.008,0.002,0.013,Domestic
727,727,28,"Aug 10, 2007",Stardust,70000000,38634938,137022245,98387307,-31365062,28387307,67022245,-0.009,0.008,0.019,Domestic
728,728,29,"Jun 15, 2012",Rock of Ages,70000000,38518613,61031932,22513319,-31481387,-47486681,-8968068,-0.009,-0.014,-0.003,Domestic
729,729,30,"Oct 8, 1997",Seven Years in Tibet,70000000,37945884,131445884,93500000,-32054116,23500000,61445884,-0.009,0.007,0.018,Domestic
730,730,31,"Sep 17, 2004",Sky Captain and the World of Tomorrow,70000000,37760080,49730854,11970774,-32239920,-58029226,-20269146,-0.009,-0.017,-0.006,Domestic
731,731,32,"Sep 14, 2007",The Brave One,70000000,36793804,69792704,32998900,-33206196,-37001100,-207296,-0.01,-0.011,-0.0,Domestic
732,732,33,"Nov 1, 2002",I Spy,70000000,33561137,60279822,26718685,-36438863,-43281315,-9720178,-0.011,-0.012,-0.003,Domestic
733,733,34,"Jun 7, 2002",Bad Company,70000000,30157016,69157016,39000000,-39842984,-31000000,-842984,-0.012,-0.009,-0.0,Domestic
734,734,35,"Oct 21, 2005",Doom,70000000,28212337,58757178,30544841,-41787663,-39455159,-11242822,-0.012,-0.011,-0.003,Domestic
735,735,36,"Jan 29, 2016",The Finest Hours,70000000,27569558,49252761,21683203,-42430442,-48316797,-20747239,-0.012,-0.014,-0.006,Domestic
736,736,37,"Oct 18, 2013",Escape Plan,70000000,25135965,103735965,78600000,-44864035,8600000,33735965,-0.013,0.002,0.01,Domestic
737,737,38,"Sep 23, 2011",Killer Elite,70000000,25124986,65409046,40284060,-44875014,-29715940,-4590954,-0.013,-0.009,-0.001,Domestic
738,738,39,"Jan 16, 1998",Hard Rain,70000000,19870567,19870567,0,-50129433,-70000000,-50129433,-0.014,-0.02,-0.014,Domestic
739,739,40,"Feb 15, 2002",Hart's War,70000000,19076815,33076815,14000000,-50923185,-56000000,-36923185,-0.015,-0.016,-0.011,Domestic
740,740,41,"Feb 8, 2002",Rollerball,70000000,18990542,25852508,6861966,-51009458,-63138034,-44147492,-0.015,-0.018,-0.013,Domestic
741,741,42,"Jan 10, 2014",The Legend of Hercules,70000000,18848538,58953319,40104781,-51151462,-29895219,-11046681,-0.015,-0.009,-0.003,Domestic
742,742,43,"Apr 27, 2007",Next,70000000,18211013,73591500,55380487,-51788987,-14619513,3591500,-0.015,-0.004,0.001,Domestic
743,743,44,"Sep 20, 2002",Ballistic: Ecks vs. Sever,70000000,14294842,14294842,0,-55705158,-70000000,-55705158,-0.016,-0.02,-0.016,Domestic
744,744,45,"Aug 10, 2001",Osmosis Jones,70000000,13596911,13596911,0,-56403089,-70000000,-56403089,-0.016,-0.02,-0.016,Domestic
745,745,46,"May 9, 2014",Legends of Oz: Dorothyâs Return,70000000,8462347,20107933,11645586,-61537653,-58354414,-49892067,-0.018,-0.017,-0.014,Domestic
746,746,47,"Jan 16, 2015",Blackhat,70000000,8005980,19665004,11659024,-61994020,-58340976,-50334996,-0.018,-0.017,-0.015,Domestic
747,747,48,"Mar 31, 2006",Basic Instinct 2,70000000,5946136,35417162,29471026,-64053864,-40528974,-34582838,-0.018,-0.012,-0.01,Domestic
748,748,49,"May 28, 2010",Agora,70000000,619423,38992292,38372869,-69380577,-31627131,-31007708,-0.02,-0.009,-0.009,Domestic
749,749,50,"Jul 9, 2010",Despicable Me,69000000,251513985,543464573,291950588,182513985,222950588,474464573,0.053,0.064,0.137,Domestic
750,750,51,"Jul 30, 2010",Dinner for Schmucks,69000000,73026337,86796502,13770165,4026337,-55229835,17796502,0.001,-0.016,0.005,Domestic
751,751,52,"Mar 2, 2018",Red Sparrow,69000000,46874505,145951861,99077356,-22125495,30077356,76951861,-0.006,0.009,0.022,Domestic
752,752,53,"Jun 30, 2010",The Twilight Saga: Eclipse,68000000,300531751,706102828,405571077,232531751,337571077,638102828,0.067,0.097,0.184,Domestic
753,753,54,"May 31, 2002",The Sum of All Fears,68000000,118471320,193500000,75028680,50471320,7028680,125500000,0.015,0.002,0.036,Domestic
754,754,55,"Jun 26, 2015",Ted 2,68000000,81476385,217214143,135737758,13476385,67737758,149214143,0.004,0.02,0.043,Domestic
755,755,56,"Jul 13, 2001",The Score,68000000,71069884,113542091,42472207,3069884,-25527793,45542091,0.001,-0.007,0.013,Domestic
756,756,57,"Feb 25, 2011",Hall Pass,68000000,45060734,87173475,42112741,-22939266,-25887259,19173475,-0.007,-0.007,0.006,Domestic
757,757,58,"Nov 22, 1995",Money Train,68000000,35324232,77224232,41900000,-32675768,-26100000,9224232,-0.009,-0.008,0.003,Domestic
758,758,59,"Mar 21, 2003",Dreamcatcher,68000000,33685268,75685268,42000000,-34314732,-26000000,7685268,-0.01,-0.008,0.002,Domestic
759,759,60,"Aug 6, 1999",Mystery Men,68000000,29762011,33462011,3700000,-38237989,-64300000,-34537989,-0.011,-0.019,-0.01,Domestic
760,760,61,"Nov 5, 1999",The Insider,68000000,28965197,60265197,31300000,-39034803,-36700000,-7734803,-0.011,-0.011,-0.002,Domestic
761,761,62,"Dec 22, 2017",Downsizing,68000000,24449754,54462971,30013217,-43550246,-37986783,-13537029,-0.013,-0.011,-0.004,Domestic
762,762,63,"Mar 2, 2012",Doctor Seuss' The Lorax,67500000,214030500,350976753,136946253,146530500,69446253,283476753,0.042,0.02,0.082,Domestic
763,763,64,"Oct 10, 2008",Body of Lies,67500000,39394666,118556530,79161864,-28105334,11661864,51056530,-0.008,0.003,0.015,Domestic
764,764,65,"Jun 22, 2012",Abraham Lincoln: Vampire Hunter,67500000,37519139,137489730,99970591,-29980861,32470591,69989730,-0.009,0.009,0.02,Domestic
765,765,66,"Sep 20, 1996",Last Man Standing,67000000,18115927,18115927,0,-48884073,-67000000,-48884073,-0.014,-0.019,-0.014,Domestic
766,766,67,"Aug 17, 2007",The Last Legion,67000000,5932060,25357771,19425711,-61067940,-47574289,-41642229,-0.018,-0.014,-0.012,Domestic
767,767,68,"Apr 30, 1999",Entrapment,66000000,87707396,211700000,123992604,21707396,57992604,145700000,0.006,0.017,0.042,Domestic
768,768,69,"Jun 19, 1998",The X Files: Fight the Future,66000000,83898313,189176423,105278110,17898313,39278110,123176423,0.005,0.011,0.036,Domestic
769,769,70,"Mar 14, 2014",Need for Speed,66000000,43568507,194169619,150601112,-22431493,84601112,128169619,-0.006,0.024,0.037,Domestic
770,770,71,"Jul 24, 1998",Saving Private Ryan,65000000,216335085,485035085,268700000,151335085,203700000,420035085,0.044,0.059,0.121,Domestic
771,771,72,"Dec 15, 2000",What Women Want,65000000,182805123,374105123,191300000,117805123,126300000,309105123,0.034,0.036,0.089,Domestic
772,772,73,"Nov 9, 2012",Lincoln,65000000,182207973,273346281,91138308,117207973,26138308,208346281,0.034,0.008,0.06,Domestic
773,773,74,"Mar 15, 2002",Ice Age,65000000,176387405,386116343,209728938,111387405,144728938,321116343,0.032,0.042,0.093,Domestic
774,774,75,"Jun 30, 1995",Apollo 13,65000000,173772767,335802271,162029504,108772767,97029504,270802271,0.031,0.028,0.078,Domestic
775,775,76,"Mar 31, 1999",The Matrix,65000000,171479930,463517383,292037453,106479930,227037453,398517383,0.031,0.066,0.115,Domestic
776,776,77,"Jul 13, 2018",Hotel Transylvania 3: Summer Vacation,65000000,167500092,527079962,359579870,102500092,294579870,462079962,0.03,0.085,0.133,Domestic
777,777,78,"Dec 25, 2012",Les Miserables,65000000,148809770,442169052,293359282,83809770,228359282,377169052,0.024,0.066,0.109,Domestic
778,778,79,"Nov 1, 2002",The Santa Clause 2,65000000,139225854,172825854,33600000,74225854,-31400000,107825854,0.021,-0.009,0.031,Domestic
779,779,80,"Jun 1, 1990",Total Recall,65000000,119394839,261400000,142005161,54394839,77005161,196400000,0.016,0.022,0.057,Domestic
780,780,81,"Dec 18, 1998",You've Got Mail,65000000,115821495,250800000,134978505,50821495,69978505,185800000,0.015,0.02,0.054,Domestic
781,781,82,"Dec 25, 2014",Unbroken,65000000,115637895,163527824,47889929,50637895,-17110071,98527824,0.015,-0.005,0.028,Domestic
782,782,83,"Jun 5, 2015",Spy!,65000000,110825712,232585748,121760036,45825712,56760036,167585748,0.013,0.016,0.048,Domestic
783,783,84,"Nov 5, 2010",Due Date,65000000,100539043,211739043,111200000,35539043,46200000,146739043,0.01,0.013,0.042,Domestic
784,784,85,"Jul 25, 2008",Step Brothers,65000000,100468793,128468793,28000000,35468793,-37000000,63468793,0.01,-0.011,0.018,Domestic
785,785,86,"Dec 15, 1995",Jumanji,65000000,100458310,262758310,162300000,35458310,97300000,197758310,0.01,0.028,0.057,Domestic
786,786,87,"Jul 17, 1998",The Mask of Zorro,65000000,93828745,233700000,139871255,28828745,74871255,168700000,0.008,0.022,0.049,Domestic
787,787,88,"Aug 4, 2000",Space Cowboys,65000000,90454043,128874043,38420000,25454043,-26580000,63874043,0.007,-0.008,0.018,Domestic
788,788,89,"Dec 19, 2014",Annie,65000000,85911262,139829625,53918363,20911262,-11081637,74829625,0.006,-0.003,0.022,Domestic
789,789,90,"May 28, 1993",Cliffhanger,65000000,84049211,255000000,170950789,19049211,105950789,190000000,0.006,0.031,0.055,Domestic
790,790,91,"Aug 12, 2016",Peteâs Dragon,65000000,76233151,137768975,61535824,11233151,-3464176,72768975,0.003,-0.001,0.021,Domestic
791,791,92,"Feb 9, 1996",Broken Arrow,65000000,70645997,148345997,77700000,5645997,12700000,83345997,0.002,0.004,0.024,Domestic
792,792,93,"Aug 9, 2006",World Trade Center,65000000,70278893,163295654,93016761,5278893,28016761,98295654,0.002,0.008,0.028,Domestic
793,793,94,"Jul 7, 2000",The Kid,65000000,69688384,69688384,0,4688384,-65000000,4688384,0.001,-0.019,0.001,Domestic
794,794,95,"Dec 19, 2003",Mona Lisa Smile,65000000,63803100,141205169,77402069,-1196900,12402069,76205169,-0.0,0.004,0.022,Domestic
795,795,96,"May 16, 2012",The Dictator,65000000,59650222,180148897,120498675,-5349778,55498675,115148897,-0.002,0.016,0.033,Domestic
796,796,97,"Jul 16, 1999",Eyes Wide Shut,65000000,55691208,104267443,48576235,-9308792,-16423765,39267443,-0.003,-0.005,0.011,Domestic
797,797,98,"Feb 17, 2012",This Means War,65000000,54760791,156974557,102213766,-10239209,37213766,91974557,-0.003,0.011,0.027,Domestic
798,798,99,"Feb 27, 2015",Focus,65000000,53862963,168065700,114202737,-11137037,49202737,103065700,-0.003,0.014,0.03,Domestic
799,799,100,"Dec 8, 2004",Blade: Trinity,65000000,52397389,131353165,78955776,-12602611,13955776,66353165,-0.004,0.004,0.019,Domestic
800,800,1,"Nov 21, 2012",Red Dawn,65000000,44806783,48164150,3357367,-20193217,-61642633,-16835850,-0.006,-0.018,-0.005,Domestic
801,801,2,"Dec 22, 2006",We Are Marshall,65000000,43545364,43545364,0,-21454636,-65000000,-21454636,-0.006,-0.019,-0.006,Domestic
802,802,3,"Sep 18, 2015",Everest,65000000,43482270,221297061,177814791,-21517730,112814791,156297061,-0.006,0.033,0.045,Domestic
803,803,4,"Sep 14, 2012",Resident Evil: Retribution,65000000,42345531,240647629,198302098,-22654469,133302098,175647629,-0.007,0.038,0.051,Domestic
804,804,5,"Mar 20, 1998",Primary Colors,65000000,39017984,39017984,0,-25982016,-65000000,-25982016,-0.008,-0.019,-0.008,Domestic
805,805,6,"Oct 15, 1999",Fight Club,65000000,37030102,100851705,63821603,-27969898,-1178397,35851705,-0.008,-0.0,0.01,Domestic
806,806,7,"Aug 22, 2008",Death Race,65000000,36316032,72516819,36200787,-28683968,-28799213,7516819,-0.008,-0.008,0.002,Domestic
807,807,8,"Oct 11, 1996",The Long Kiss Goodnight,65000000,33447612,33447612,0,-31552388,-65000000,-31552388,-0.009,-0.019,-0.009,Domestic
808,808,9,"Dec 8, 2000",Proof of Life,65000000,32598931,62761005,30162074,-32401069,-34837926,-2238995,-0.009,-0.01,-0.001,Domestic
809,809,10,"Nov 11, 2005",Zathura,65000000,28045540,58545540,30500000,-36954460,-34500000,-6454460,-0.011,-0.01,-0.002,Domestic
810,810,11,"Nov 26, 2003",The Missing,65000000,26900336,38253433,11353097,-38099664,-53646903,-26746567,-0.011,-0.015,-0.008,Domestic
811,811,12,"Jan 14, 2005",Elektra,65000000,24409722,56824633,32414911,-40590278,-32585089,-8175367,-0.012,-0.009,-0.002,Domestic
812,812,13,"Oct 23, 2009",Astro Boy,65000000,19551067,41636243,22085176,-45448933,-42914824,-23363757,-0.013,-0.012,-0.007,Domestic
813,813,14,"Jan 24, 2014","I, Frankenstein",65000000,19075290,74575290,55500000,-45924710,-9500000,9575290,-0.013,-0.003,0.003,Domestic
814,814,15,"May 24, 1991",Hudson Hawk,65000000,17218916,17218916,0,-47781084,-65000000,-47781084,-0.014,-0.019,-0.014,Domestic
815,815,16,"Aug 22, 2014",Sin City: A Dame to Kill For,65000000,13757804,40650842,26893038,-51242196,-38106962,-24349158,-0.015,-0.011,-0.007,Domestic
816,816,17,"Dec 25, 2016",Live by Night,65000000,10378555,21774432,11395877,-54621445,-53604123,-43225568,-0.016,-0.015,-0.012,Domestic
817,817,18,"Oct 27, 2000",Lucky Numbers,65000000,10014234,10014234,0,-54985766,-65000000,-54985766,-0.016,-0.019,-0.016,Domestic
818,818,19,"Sep 23, 2005",Oliver Twist,65000000,2070920,26670920,24600000,-62929080,-40400000,-38329080,-0.018,-0.012,-0.011,Domestic
819,819,20,"Sep 4, 2015",Tian jiang xiong shi,65000000,74070,122519874,122445804,-64925930,57445804,57519874,-0.019,0.017,0.017,Domestic
821,821,22,"Jul 14, 2006",Little Man,64000000,58636047,101636047,43000000,-5363953,-21000000,37636047,-0.002,-0.006,0.011,Domestic
822,822,23,"Oct 8, 1999",Random Hearts,64000000,31054924,63200000,32145076,-32945076,-31854924,-800000,-0.01,-0.009,-0.0,Domestic
823,823,24,"Dec 27, 2006",Perfume: The Story of a Murderer,63700000,2223293,133603463,131380170,-61476707,67680170,69903463,-0.018,0.02,0.02,Domestic
824,824,25,"Jun 11, 1993",Jurassic Park,63000000,395708305,1038812584,643104279,332708305,580104279,975812584,0.096,0.167,0.282,Domestic
825,825,26,"Jul 25, 2002",Austin Powers in Goldmember,63000000,213117789,296338663,83220874,150117789,20220874,233338663,0.043,0.006,0.067,Domestic
826,826,27,"Apr 1, 2011",Hop,63000000,108085305,188657593,80572288,45085305,17572288,125657593,0.013,0.005,0.036,Domestic
827,827,28,"Sep 15, 2017",American Assassin,63000000,36249674,68310140,32060466,-26750326,-30939534,5310140,-0.008,-0.009,0.002,Domestic
828,828,29,"Jun 24, 1994",Wyatt Earp,63000000,25052000,25052000,0,-37948000,-63000000,-37948000,-0.011,-0.018,-0.011,Domestic
829,829,30,"Aug 3, 1994",Clear and Present Danger,62000000,122012656,207500000,85487344,60012656,23487344,145500000,0.017,0.007,0.042,Domestic
830,830,31,"Apr 21, 2000",U-571,62000000,77086030,127630030,50544000,15086030,-11456000,65630030,0.004,-0.003,0.019,Domestic
831,831,32,"Nov 17, 1995",The American President,62000000,60022813,107822813,47800000,-1977187,-14200000,45822813,-0.001,-0.004,0.013,Domestic
832,832,33,"Dec 25, 2015",The Hateful Eight,62000000,54117416,147864886,93747470,-7882584,31747470,85864886,-0.002,0.009,0.025,Domestic
833,833,34,"Jun 20, 2008",The Love Guru,62000000,32235793,40159017,7923224,-29764207,-54076776,-21840983,-0.009,-0.016,-0.006,Domestic
834,834,35,"Feb 23, 2001",3000 Miles to Graceland,62000000,15738632,18708848,2970216,-46261368,-59029784,-43291152,-0.013,-0.017,-0.012,Domestic
835,835,36,"Oct 3, 2014",Gone Girl,61000000,167767189,368567189,200800000,106767189,139800000,307567189,0.031,0.04,0.089,Domestic
836,836,37,"Mar 30, 2007",Blades of Glory,61000000,118594548,145594548,27000000,57594548,-34000000,84594548,0.017,-0.01,0.024,Domestic
837,837,38,"Sep 18, 2015",Maze Runner: The Scorch Trials,61000000,81697192,310566162,228868970,20697192,167868970,249566162,0.006,0.048,0.072,Domestic
838,838,39,"Aug 2, 2013",2 Guns,61000000,75612460,132493015,56880555,14612460,-4119445,71493015,0.004,-0.001,0.021,Domestic
839,839,40,"Jan 26, 2018",Maze Runner: The Death Cure,61000000,58032443,265878536,207846093,-2967557,146846093,204878536,-0.001,0.042,0.059,Domestic
840,840,41,"Jan 11, 2019",A Dogâs Way Home,61000000,41952715,81149689,39196974,-19047285,-21803026,20149689,-0.005,-0.006,0.006,Domestic
841,841,42,"Feb 19, 2016",Mei Ren Yu,60720000,3229457,554516671,551287214,-57490543,490567214,493796671,-0.017,0.142,0.143,Domestic
842,842,43,"Dec 22, 2004",Meet the Fockers,60000000,279167575,516567575,237400000,219167575,177400000,456567575,0.063,0.051,0.132,Domestic
843,843,44,"Feb 7, 2014",The Lego Movie,60000000,257784718,457729388,199944670,197784718,139944670,397729388,0.057,0.04,0.115,Domestic
844,844,45,"Mar 9, 2007",300,60000000,210614939,454161935,243546996,150614939,183546996,394161935,0.043,0.053,0.114,Domestic
845,845,46,"Mar 2, 2007",Wild Hogs,60000000,168213584,253555383,85341799,108213584,25341799,193555383,0.031,0.007,0.056,Domestic
846,846,47,"Dec 25, 2008",Marley & Me,60000000,143153751,247812011,104658260,83153751,44658260,187812011,0.024,0.013,0.054,Domestic
847,847,48,"Dec 10, 1999",The Green Mile,60000000,136801374,290701374,153900000,76801374,93900000,230701374,0.022,0.027,0.067,Domestic
848,848,49,"Jun 5, 1998",The Truman Show,60000000,125618201,264118201,138500000,65618201,78500000,204118201,0.019,0.023,0.059,Domestic
849,849,50,"Sep 9, 2016",Sully,60000000,125070033,238524556,113454523,65070033,53454523,178524556,0.019,0.015,0.052,Domestic
850,850,51,"Jun 14, 2002",The Bourne Identity,60000000,121468960,214357371,92888411,61468960,32888411,154357371,0.018,0.009,0.045,Domestic
851,851,52,"Oct 9, 2009",Couples Retreat,60000000,109205660,172450423,63244763,49205660,3244763,112450423,0.014,0.001,0.032,Domestic
852,852,53,"Nov 17, 1995",Goldeneye,60000000,106429941,356429941,250000000,46429941,190000000,296429941,0.013,0.055,0.086,Domestic
853,853,54,"May 30, 2003",The Italian Job,60000000,106126012,176262839,70136827,46126012,10136827,116262839,0.013,0.003,0.034,Domestic
854,854,55,"May 9, 2003",Daddy Day Care,60000000,104148781,164285587,60136806,44148781,136806,104285587,0.013,0.0,0.03,Domestic
855,855,56,"Jun 18, 1999",The General's Daughter,60000000,102705852,149705852,47000000,42705852,-13000000,89705852,0.012,-0.004,0.026,Domestic
856,856,57,"Dec 18, 1998",The Prince of Egypt,60000000,101413188,218613188,117200000,41413188,57200000,158613188,0.012,0.017,0.046,Domestic
857,857,58,"Aug 6, 2004",Collateral,60000000,100170152,217670152,117500000,40170152,57500000,157670152,0.012,0.017,0.046,Domestic
858,858,59,"Jul 4, 2001",Cats & Dogs,60000000,93375151,200700000,107324849,33375151,47324849,140700000,0.01,0.014,0.041,Domestic
859,859,60,"Dec 20, 2002",Two Weeks Notice,60000000,93354918,199043309,105688391,33354918,45688391,139043309,0.01,0.013,0.04,Domestic
860,860,61,"Oct 2, 1998",Antz,60000000,90757863,152457863,61700000,30757863,1700000,92457863,0.009,0.0,0.027,Domestic
861,861,62,"Apr 19, 2002",The Scorpion King,60000000,90580000,165890634,75310634,30580000,15310634,105890634,0.009,0.004,0.031,Domestic
862,862,63,"Oct 15, 2010",Red,60000000,90380162,196439693,106059531,30380162,46059531,136439693,0.009,0.013,0.039,Domestic
863,863,64,"Mar 5, 2004",Starsky & Hutch,60000000,88200225,170200225,82000000,28200225,22000000,110200225,0.008,0.006,0.032,Domestic
864,864,65,"Jun 27, 1990",Days of Thunder,60000000,82670733,157670733,75000000,22670733,15000000,97670733,0.007,0.004,0.028,Domestic
865,865,66,"Dec 21, 2005",Cheaper by the Dozen 2,60000000,82571173,135015330,52444157,22571173,-7555843,75015330,0.007,-0.002,0.022,Domestic
866,866,67,"Aug 13, 2010",Eat Pray Love,60000000,80574010,206598789,126024779,20574010,66024779,146598789,0.006,0.019,0.042,Domestic
867,867,68,"Dec 21, 2012",Jack Reacher,60000000,80070736,217370736,137300000,20070736,77300000,157370736,0.006,0.022,0.045,Domestic
868,868,69,"Apr 23, 2004",Man on Fire,60000000,77906816,130968579,53061763,17906816,-6938237,70968579,0.005,-0.002,0.02,Domestic
869,869,70,"Dec 22, 2000",The Family Man,60000000,75764085,124715863,48951778,15764085,-11048222,64715863,0.005,-0.003,0.019,Domestic
870,870,71,"Sep 9, 2011",Contagion,60000000,75658097,137551594,61893497,15658097,1893497,77551594,0.005,0.001,0.022,Domestic
871,871,72,"Dec 22, 1999",Any Given Sunday,60000000,75530832,100230832,24700000,15530832,-35300000,40230832,0.004,-0.01,0.012,Domestic
872,872,73,"May 15, 1998",The Horse Whisperer,60000000,75383563,186883563,111500000,15383563,51500000,126883563,0.004,0.015,0.037,Domestic
873,873,74,"Feb 6, 2009",Coraline,60000000,75286229,126037057,50750828,15286229,-9249172,66037057,0.004,-0.003,0.019,Domestic
874,874,75,"Oct 1, 2004",Ladder 49,60000000,74541707,102332848,27791141,14541707,-32208859,42332848,0.004,-0.009,0.012,Domestic
875,875,76,"Jul 28, 1999",Deep Blue Sea,60000000,73648228,165048228,91400000,13648228,31400000,105048228,0.004,0.009,0.03,Domestic
876,876,77,"Oct 28, 2009",Michael Jackson's This Is It,60000000,72091016,252091016,180000000,12091016,120000000,192091016,0.003,0.035,0.055,Domestic
877,877,78,"Jan 17, 2003",Kangaroo Jack,60000000,66723216,90723216,24000000,6723216,-36000000,30723216,0.002,-0.01,0.009,Domestic
878,878,79,"Jun 13, 2008",The Happening,60000000,64506874,162778384,98271510,4506874,38271510,102778384,0.001,0.011,0.03,Domestic
879,879,80,"Mar 4, 2016",London Has Fallen,60000000,62524260,195194085,132669825,2524260,72669825,135194085,0.001,0.021,0.039,Domestic
880,880,81,"Apr 7, 2000",Rules of Engagement,60000000,61322858,71719931,10397073,1322858,-49602927,11719931,0.0,-0.014,0.003,Domestic
881,881,82,"Mar 10, 2006",The Shaggy Dog,60000000,61123569,87123569,26000000,1123569,-34000000,27123569,0.0,-0.01,0.008,Domestic
882,882,83,"Nov 22, 1996",Jingle All the Way,60000000,60592389,129832389,69240000,592389,9240000,69832389,0.0,0.003,0.02,Domestic
883,883,84,"Apr 2, 2004",Hellboy,60000000,59623958,99823958,40200000,-376042,-19800000,39823958,-0.0,-0.006,0.011,Domestic
884,884,85,"Oct 21, 2016",Jack Reacher: Never Go Back,60000000,58697076,159946489,101249413,-1302924,41249413,99946489,-0.0,0.012,0.029,Domestic
885,885,86,"May 25, 2017",Baywatch,60000000,58060186,175863783,117803597,-1939814,57803597,115863783,-0.001,0.017,0.033,Domestic
886,886,87,"Dec 25, 1998",A Civil Action,60000000,56709981,56709981,0,-3290019,-60000000,-3290019,-0.001,-0.017,-0.001,Domestic
887,887,88,"Dec 25, 2015",Joy,60000000,56451232,101134059,44682827,-3548768,-15317173,41134059,-0.001,-0.004,0.012,Domestic
888,888,89,"Aug 17, 2012",ParaNorman,60000000,56003051,108119662,52116611,-3996949,-7883389,48119662,-0.001,-0.002,0.014,Domestic
889,889,90,"Nov 14, 1997",The Jackal,60000000,54956941,159356941,104400000,-5043059,44400000,99356941,-0.001,0.013,0.029,Domestic
890,890,91,"Dec 25, 2003",Paycheck,60000000,53789313,98819789,45030476,-6210687,-14969524,38819789,-0.002,-0.004,0.011,Domestic
891,891,92,"Mar 1, 1996",Up Close & Personal,60000000,51045801,100645801,49600000,-8954199,-10400000,40645801,-0.003,-0.003,0.012,Domestic
892,892,93,"Dec 19, 2008",The Tale of Despereaux,60000000,50877145,90482317,39605172,-9122855,-20394828,30482317,-0.003,-0.006,0.009,Domestic
893,893,94,"Sep 26, 2014",The Boxtrolls,60000000,50837305,111946251,61108946,-9162695,1108946,51946251,-0.003,0.0,0.015,Domestic
894,894,95,"Aug 4, 2017",The Dark Tower,60000000,50701325,113461527,62760202,-9298675,2760202,53461527,-0.003,0.001,0.015,Domestic
895,895,96,"Sep 27, 2002",The Tuxedo,60000000,50586000,104429625,53843625,-9414000,-6156375,44429625,-0.003,-0.002,0.013,Domestic
896,896,97,"Jan 17, 2014",Jack Ryan: Shadow Recruit,60000000,50577412,131377412,80800000,-9422588,20800000,71377412,-0.003,0.006,0.021,Domestic
897,897,98,"Jul 14, 1995",Under Siege 2: Dark Territory,60000000,50024083,104324083,54300000,-9975917,-5700000,44324083,-0.003,-0.002,0.013,Domestic
898,898,99,"Mar 24, 2005",Miss Congeniality 2: Armed and Fabulous,60000000,48478006,101382396,52904390,-11521994,-7095610,41382396,-0.003,-0.002,0.012,Domestic
899,899,100,"Dec 25, 2018",Vice,60000000,47836282,70883171,23046889,-12163718,-36953111,10883171,-0.004,-0.011,0.003,Domestic
900,900,1,"Nov 26, 1997",Alien: Resurrection,60000000,47795018,160700000,112904982,-12204982,52904982,100700000,-0.004,0.015,0.029,Domestic
901,901,2,"Mar 23, 2007",Shooter,60000000,47003582,95538560,48534978,-12996418,-11465022,35538560,-0.004,-0.003,0.01,Domestic
902,902,3,"Oct 16, 1998",Practical Magic,60000000,46850558,68336997,21486439,-13149442,-38513561,8336997,-0.004,-0.011,0.002,Domestic
903,903,4,"Jan 11, 2013",Gangster Squad,60000000,46000903,104100903,58100000,-13999097,-1900000,44100903,-0.004,-0.001,0.013,Domestic
904,904,5,"Apr 7, 2017",Smurfs: The Lost Village,60000000,45020282,197578586,152558304,-14979718,92558304,137578586,-0.004,0.027,0.04,Domestic
905,905,6,"Oct 12, 2018",First Man,60000000,44936545,105203825,60267280,-15063455,267280,45203825,-0.004,0.0,0.013,Domestic
906,906,7,"Jun 19, 2009",Year One,60000000,43337279,57604723,14267444,-16662721,-45732556,-2395277,-0.005,-0.013,-0.001,Domestic
907,907,8,"Jan 29, 2010",Edge of Darkness,60000000,43313890,82812456,39498566,-16686110,-20501434,22812456,-0.005,-0.006,0.007,Domestic
908,908,9,"Dec 13, 2002",Star Trek: Nemesis,60000000,43254409,67312826,24058417,-16745591,-35941583,7312826,-0.005,-0.01,0.002,Domestic
909,909,10,"Feb 19, 2002",Reign of Fire,60000000,43061982,82150183,39088201,-16938018,-20911799,22150183,-0.005,-0.006,0.006,Domestic
910,910,11,"Nov 20, 2009",Planet 51,60000000,42194060,108996113,66802053,-17805940,6802053,48996113,-0.005,0.002,0.014,Domestic
911,911,12,"Mar 20, 2009",Duplicity,60000000,40572825,81079566,40506741,-19427175,-19493259,21079566,-0.006,-0.006,0.006,Domestic
912,912,13,"Sep 12, 2008",Righteous Kill,60000000,40081410,78481410,38400000,-19918590,-21600000,18481410,-0.006,-0.006,0.005,Domestic
913,913,14,"Dec 11, 2009",Invictus,60000000,37491364,124514011,87022647,-22508636,27022647,64514011,-0.006,0.008,0.019,Domestic
914,914,15,"Apr 17, 2009",State of Play,60000000,37017955,88832210,51814255,-22982045,-8185745,28832210,-0.007,-0.002,0.008,Domestic
915,915,16,"Feb 12, 1999",My Favorite Martian,60000000,36850101,36850101,0,-23149899,-60000000,-23149899,-0.007,-0.017,-0.007,Domestic
916,916,17,"Apr 21, 2006",The Sentinel,60000000,36280697,78080697,41800000,-23719303,-18200000,18080697,-0.007,-0.005,0.005,Domestic
917,917,18,"Sep 21, 2012",Trouble with the Curve,60000000,35763137,47818913,12055776,-24236863,-47944224,-12181087,-0.007,-0.014,-0.004,Domestic
918,918,19,"Oct 10, 2003",Intolerable Cruelty,60000000,35327628,121327628,86000000,-24672372,26000000,61327628,-0.007,0.008,0.018,Domestic
919,919,20,"Jan 10, 1997",The Relic,60000000,33956608,33956608,0,-26043392,-60000000,-26043392,-0.008,-0.017,-0.008,Domestic
920,920,21,"Apr 3, 1998",Mercury Rising,60000000,32983332,32983332,0,-27016668,-60000000,-27016668,-0.008,-0.017,-0.008,Domestic
921,921,22,"Sep 15, 2000",Almost Famous,60000000,32522352,47371191,14848839,-27477648,-45151161,-12628809,-0.008,-0.013,-0.004,Domestic
922,922,23,"Feb 8, 2019",Cold Pursuit,60000000,32138862,62599159,30460297,-27861138,-29539703,2599159,-0.008,-0.009,0.001,Domestic
923,923,24,"Dec 6, 2002",Analyze That,60000000,32122249,54994757,22872508,-27877751,-37127492,-5005243,-0.008,-0.011,-0.001,Domestic
924,924,25,"Apr 24, 2009",The Soloist,60000000,31853584,38522450,6668866,-28146416,-53331134,-21477550,-0.008,-0.015,-0.006,Domestic
925,925,26,"Aug 21, 2013",The Mortal Instruments: City of Bones,60000000,31165421,75965567,44800146,-28834579,-15199854,15965567,-0.008,-0.004,0.005,Domestic
926,926,27,"Nov 3, 2000",The Legend of Bagger Vance,60000000,30695227,39235486,8540259,-29304773,-51459741,-20764514,-0.008,-0.015,-0.006,Domestic
927,927,28,"Feb 22, 2002",Dragonfly,60000000,30063805,30063805,0,-29936195,-60000000,-29936195,-0.009,-0.017,-0.009,Domestic
928,928,29,"May 13, 2011",Priest,60000000,29136626,84154026,55017400,-30863374,-4982600,24154026,-0.009,-0.001,0.007,Domestic
929,929,30,"Jun 16, 2006",Garfield: A Tail of Two Kitties,60000000,28426747,147985373,119558626,-31573253,59558626,87985373,-0.009,0.017,0.025,Domestic
930,930,31,"Apr 29, 2005",XXX: State of the Union,60000000,26873932,71073932,44200000,-33126068,-15800000,11073932,-0.01,-0.005,0.003,Domestic
931,931,32,"Aug 15, 1997",Event Horizon,60000000,26673242,26673242,0,-33326758,-60000000,-33326758,-0.01,-0.017,-0.01,Domestic
932,932,33,"Jul 2, 2003",Sinbad: Legend of the Seven Seas,60000000,26483452,80767884,54284432,-33516548,-5715568,20767884,-0.01,-0.002,0.006,Domestic
933,933,34,"Jul 8, 2005",Dark Water,60000000,25473093,49473093,24000000,-34526907,-36000000,-10526907,-0.01,-0.01,-0.003,Domestic
934,934,35,"Aug 14, 1998",The Avengers,60000000,23385416,48585416,25200000,-36614584,-34800000,-11414584,-0.011,-0.01,-0.003,Domestic
935,935,36,"Sep 15, 2006",The Black Dahlia,60000000,22672813,49238525,26565712,-37327187,-33434288,-10761475,-0.011,-0.01,-0.003,Domestic
936,936,37,"Mar 26, 1999",EDtv,60000000,22508689,35319689,12811000,-37491311,-47189000,-24680311,-0.011,-0.014,-0.007,Domestic
937,937,38,"Dec 25, 2008",The Spirit,60000000,19806188,39006188,19200000,-40193812,-40800000,-20993812,-0.012,-0.012,-0.006,Domestic
938,938,39,"Oct 19, 2001",The Last Castle,60000000,18208078,20541668,2333590,-41791922,-57666410,-39458332,-0.012,-0.017,-0.011,Domestic
939,939,40,"Jan 23, 2009",Inkheart,60000000,17303424,66655938,49352514,-42696576,-10647486,6655938,-0.012,-0.003,0.002,Domestic
940,940,41,"Jan 14, 2000",Supernova,60000000,14218868,14816494,597626,-45781132,-59402374,-45183506,-0.013,-0.017,-0.013,Domestic
941,941,42,"Sep 22, 2006",Flyboys,60000000,13090630,14816379,1725749,-46909370,-58274251,-45183621,-0.014,-0.017,-0.013,Domestic
942,942,43,"Feb 14, 2014",Winterâs Tale,60000000,12600231,29575033,16974802,-47399769,-43025198,-30424967,-0.014,-0.012,-0.009,Domestic
943,943,44,"Oct 9, 1998",Holy Man,60000000,12069719,12069719,0,-47930281,-60000000,-47930281,-0.014,-0.017,-0.014,Domestic
944,944,45,"Jul 11, 2008",Meet Dave,60000000,11803254,50648806,38845552,-48196746,-21154448,-9351194,-0.014,-0.006,-0.003,Domestic
945,945,46,"Aug 12, 2005",The Great Raid,60000000,10166502,10597070,430568,-49833498,-59569432,-49402930,-0.014,-0.017,-0.014,Domestic
946,946,47,"Feb 24, 2017",Rock Dog,60000000,9420546,24148488,14727942,-50579454,-45272058,-35851512,-0.015,-0.013,-0.01,Domestic
947,947,48,"Jan 23, 2015",Mortdecai,60000000,7696134,30396134,22700000,-52303866,-37300000,-29603866,-0.015,-0.011,-0.009,Domestic
948,948,49,"Jan 11, 2008",In the Name of the King: A Dungeon Siege Tale,60000000,4775656,13233220,8457564,-55224344,-51542436,-46766780,-0.016,-0.015,-0.014,Domestic
949,949,50,"Oct 24, 2003",Beyond Borders,60000000,4426297,11427090,7000793,-55573703,-52999207,-48572910,-0.016,-0.015,-0.014,Domestic
950,950,51,"Feb 5, 2016",Xi You Ji zhi Sun Wu Kong San Da Bai Gu Jing,60000000,709982,194058503,193348521,-59290018,133348521,134058503,-0.017,0.039,0.039,Domestic
953,953,54,"Mar 23, 2018",Sherlock Gnomes,59000000,43242871,87527651,44284780,-15757129,-14715220,28527651,-0.005,-0.004,0.008,Domestic
954,954,55,"Jan 25, 2019",The Kid Who Would Be King,59000000,16790790,28348446,11557656,-42209210,-47442344,-30651554,-0.012,-0.014,-0.009,Domestic
955,955,56,"Feb 12, 2016",Deadpool,58000000,363070709,801025593,437954884,305070709,379954884,743025593,0.088,0.11,0.215,Domestic
956,956,57,"Dec 25, 2014",American Sniper,58000000,350126372,547326372,197200000,292126372,139200000,489326372,0.084,0.04,0.141,Domestic
957,957,58,"Oct 16, 2015",Goosebumps,58000000,80069458,158905324,78835866,22069458,20835866,100905324,0.006,0.006,0.029,Domestic
958,958,59,"May 25, 1988",Rambo III,58000000,53715611,188715611,135000000,-4284389,77000000,130715611,-0.001,0.022,0.038,Domestic
959,959,60,"Dec 15, 1995",Sabrina,58000000,53458319,87100000,33641681,-4541681,-24358319,29100000,-0.001,-0.007,0.008,Domestic
960,960,61,"Jan 20, 2012",Red Tails,58000000,49876377,50365498,489121,-8123623,-57510879,-7634502,-0.002,-0.017,-0.002,Domestic
961,961,62,"Sep 16, 2005",Just Like Heaven,58000000,48318130,100687083,52368953,-9681870,-5631047,42687083,-0.003,-0.002,0.012,Domestic
962,962,63,"Jun 7, 2013",The Internship,58000000,44672764,93672764,49000000,-13327236,-9000000,35672764,-0.004,-0.003,0.01,Domestic
963,963,64,"Apr 28, 2000",The Flintstones in Viva Rock Vegas,58000000,35231365,59431365,24200000,-22768635,-33800000,1431365,-0.007,-0.01,0.0,Domestic
964,964,65,"Apr 4, 2008",Leatherheads,58000000,31373938,41348628,9974690,-26626062,-48025310,-16651372,-0.008,-0.014,-0.005,Domestic
965,965,66,"Mar 24, 2017",Life,58000000,30234022,100929666,70695644,-27765978,12695644,42929666,-0.008,0.004,0.012,Domestic
966,966,67,"Dec 18, 2009",Did You Hear About the Morgans?,58000000,29580087,80480566,50900479,-28419913,-7099521,22480566,-0.008,-0.002,0.006,Domestic
967,967,68,"Dec 12, 2008","Che, Part 1: The Argentine",58000000,1802521,31627370,29824849,-56197479,-28175151,-26372630,-0.016,-0.008,-0.008,Domestic
968,968,69,"May 30, 2008",Sex and the City,57500000,152647258,415247258,262600000,95147258,205100000,357747258,0.027,0.059,0.103,Domestic
969,969,70,"Sep 10, 2010",Resident Evil: Afterlife,57500000,60128566,295874190,235745624,2628566,178245624,238374190,0.001,0.051,0.069,Domestic
970,970,71,"Jun 15, 2012",That's My Boy,57500000,36931089,58085235,21154146,-20568911,-36345854,585235,-0.006,-0.01,0.0,Domestic
971,971,72,"Oct 17, 1997",Devil's Advocate,57000000,61007424,153007424,92000000,4007424,35000000,96007424,0.001,0.01,0.028,Domestic
972,972,73,"Feb 17, 2012",Ghost Rider: Spirit of Vengeance,57000000,51774002,149217355,97443353,-5225998,40443353,92217355,-0.002,0.012,0.027,Domestic
973,973,74,"May 31, 1996",Dragonheart,57000000,51364680,104364680,53000000,-5635320,-4000000,47364680,-0.002,-0.001,0.014,Domestic
974,974,75,"Nov 12, 2004",After the Sunset,57000000,28328132,38329114,10000982,-28671868,-46999018,-18670886,-0.008,-0.014,-0.005,Domestic
975,975,76,"Aug 17, 2001",Captain Corelli's Mandolin,57000000,25528495,62097495,36569000,-31471505,-20431000,5097495,-0.009,-0.006,0.001,Domestic
976,976,77,"Dec 25, 2014",Into the Woods,56200000,128002372,213116401,85114029,71802372,28914029,156916401,0.021,0.008,0.045,Domestic
977,977,78,"Apr 11, 2003",Anger Management,56000000,135560942,195660942,60100000,79560942,4100000,139660942,0.023,0.001,0.04,Domestic
978,978,79,"Mar 4, 2005",The Pacifier,56000000,113006880,198006880,85000000,57006880,29000000,142006880,0.016,0.008,0.041,Domestic
979,979,80,"Apr 2, 2004",Walking Tall,56000000,46213824,47313824,1100000,-9786176,-54900000,-8686176,-0.003,-0.016,-0.003,Domestic
980,980,81,"Jan 22, 2016",Zhuo yao ji,56000000,32766,359495591,359462825,-55967234,303462825,303495591,-0.016,0.088,0.088,Domestic
981,981,82,"Jul 6, 1994",Forrest Gump,55000000,330151138,679850637,349699499,275151138,294699499,624850637,0.079,0.085,0.18,Domestic
982,982,83,"Dec 14, 2007",Alvin and the Chipmunks,55000000,217326974,362605033,145278059,162326974,90278059,307605033,0.047,0.026,0.089,Domestic
983,983,84,"Nov 2, 2018",Bohemian Rhapsody,55000000,216303339,894985342,678682003,161303339,623682003,839985342,0.047,0.18,0.243,Domestic
984,984,85,"Feb 11, 2005",Hitch,55000000,177784257,366784257,189000000,122784257,134000000,311784257,0.035,0.039,0.09,Domestic
985,985,86,"Oct 6, 2000",Meet the Parents,55000000,166225040,330425040,164200000,111225040,109200000,275425040,0.032,0.032,0.08,Domestic
986,986,87,"Dec 15, 2006",The Pursuit of Happyness,55000000,162586036,307311093,144725057,107586036,89725057,252311093,0.031,0.026,0.073,Domestic
987,987,88,"Jun 10, 1995",Pocahontas,55000000,141579773,347100000,205520227,86579773,150520227,292100000,0.025,0.043,0.084,Domestic
988,988,89,"Dec 15, 1978",Superman,55000000,134218018,300200000,165981982,79218018,110981982,245200000,0.023,0.032,0.071,Domestic
989,989,90,"Jun 28, 1996",The Nutty Professor,55000000,128814019,273814019,145000000,73814019,90000000,218814019,0.021,0.026,0.063,Domestic
990,990,91,"Feb 10, 2017",Fifty Shades Darker,55000000,114434010,381398492,266964482,59434010,211964482,326398492,0.017,0.061,0.094,Domestic
991,991,92,"Oct 11, 2013",Captain Phillips,55000000,107136417,220648184,113511767,52136417,58511767,165648184,0.015,0.017,0.048,Domestic
992,992,93,"Jul 16, 1997",George Of The Jungle,55000000,105263257,174463257,69200000,50263257,14200000,119463257,0.015,0.004,0.034,Domestic
993,993,94,"Aug 1, 2003",American Wedding,55000000,104354205,126425115,22070910,49354205,-32929090,71425115,0.014,-0.01,0.021,Domestic
994,994,95,"Nov 10, 2017",Murder on the Orient Express,55000000,102826543,345922730,243096187,47826543,188096187,290922730,0.014,0.054,0.084,Domestic
995,995,96,"Sep 26, 2014",The Equalizer,55000000,101530738,192903624,91372886,46530738,36372886,137903624,0.013,0.011,0.04,Domestic
996,996,97,"Feb 9, 2018",Fifty Shades Freed,55000000,100407760,371350619,270942859,45407760,215942859,316350619,0.013,0.062,0.091,Domestic
997,997,98,"May 26, 1995",Casper,55000000,100328194,282300000,181971806,45328194,126971806,227300000,0.013,0.037,0.066,Domestic
998,998,99,"Apr 9, 2010",Date Night,55000000,98711404,152269033,53557629,43711404,-1442371,97269033,0.013,-0.0,0.028,Domestic
999,999,100,"Dec 13, 2002",Maid in Manhattan,55000000,93932896,163838217,69905321,38932896,14905321,108838217,0.011,0.004,0.031,Domestic
1000,1000,1,"May 12, 1995",Crimson Tide,55000000,91387195,159387195,68000000,36387195,13000000,104387195,0.011,0.004,0.03,Domestic
1001,1001,2,"Sep 23, 2005",Flightplan,55000000,89706988,214392904,124685916,34706988,69685916,159392904,0.01,0.02,0.046,Domestic
1002,1002,3,"Dec 9, 1994",Disclosure,55000000,83015089,212200000,129184911,28015089,74184911,157200000,0.008,0.021,0.045,Domestic
1003,1003,4,"Apr 10, 1998",City of Angels,55000000,78750909,198750909,120000000,23750909,65000000,143750909,0.007,0.019,0.042,Domestic
1004,1004,5,"Jan 16, 2015",Paddington,55000000,76223578,258789097,182565519,21223578,127565519,203789097,0.006,0.037,0.059,Domestic
1005,1005,6,"Apr 28, 2006",R.V.,55000000,71724497,87473024,15748527,16724497,-39251473,32473024,0.005,-0.011,0.009,Domestic
1006,1006,7,"Oct 28, 1994",Stargate,55000000,71565669,196565669,125000000,16565669,70000000,141565669,0.005,0.02,0.041,Domestic
1007,1007,8,"Oct 10, 2003",Kill Bill: Volume 1,55000000,70098138,176469428,106371290,15098138,51371290,121469428,0.004,0.015,0.035,Domestic
1008,1008,9,"Jun 17, 2011",Mr. Poppers's Penguins,55000000,68224452,189624452,121400000,13224452,66400000,134624452,0.004,0.019,0.039,Domestic
1009,1009,10,"Aug 13, 1999",Bowfinger,55000000,66458769,98699769,32241000,11458769,-22759000,43699769,0.003,-0.007,0.013,Domestic
1010,1010,11,"Apr 16, 2004",Kill Bill: Volume 2,55000000,66207920,153535982,87328062,11207920,32328062,98535982,0.003,0.009,0.028,Domestic
1011,1011,12,"Dec 22, 1989",Tango & Cash,55000000,63408614,63408614,0,8408614,-55000000,8408614,0.002,-0.016,0.002,Domestic
1012,1012,13,"Jul 31, 1992",Death Becomes Her,55000000,58422650,149022650,90600000,3422650,35600000,94022650,0.001,0.01,0.027,Domestic
1013,1013,14,"May 26, 2000",Shanghai Noon,55000000,56932305,71189835,14257530,1932305,-40742470,16189835,0.001,-0.012,0.005,Domestic
1014,1014,15,"Mar 15, 1996",Executive Decision,55000000,56679192,122079192,65400000,1679192,10400000,67079192,0.0,0.003,0.019,Domestic
1015,1015,16,"Nov 1, 2013",Free Birds,55000000,55750480,110387072,54636592,750480,-363408,55387072,0.0,-0.0,0.016,Domestic
1016,1016,17,"May 22, 1992",Alien 3,55000000,54927174,158500000,103572826,-72826,48572826,103500000,-0.0,0.014,0.03,Domestic
1017,1017,18,"Apr 18, 2008",The Forbidden Kingdom,55000000,52075270,129075270,77000000,-2924730,22000000,74075270,-0.001,0.006,0.021,Domestic
1018,1018,19,"Dec 22, 2004",The Phantom of the Opera,55000000,51225796,153770052,102544256,-3774204,47544256,98770052,-0.001,0.014,0.029,Domestic
1019,1019,20,"Mar 21, 2014",Muppets Most Wanted,55000000,51178893,79312301,28133408,-3821107,-26866592,24312301,-0.001,-0.008,0.007,Domestic
1020,1020,21,"Dec 25, 1996",Evita,55000000,50047179,151947179,101900000,-4952821,46900000,96947179,-0.001,0.014,0.028,Domestic
1021,1021,22,"Aug 19, 2016",Kubo and the Two Strings,55000000,48023088,77548122,29525034,-6976912,-25474966,22548122,-0.002,-0.007,0.007,Domestic
1022,1022,23,"Sep 25, 1998",Ronin,55000000,41610884,70692101,29081217,-13389116,-25918783,15692101,-0.004,-0.007,0.005,Domestic
1023,1023,24,"Nov 24, 2010",Burlesque,55000000,39440655,90552675,51112020,-15559345,-3887980,35552675,-0.004,-0.001,0.01,Domestic
1024,1024,25,"Oct 11, 1996",The Ghost and the Darkness,55000000,38564422,38564422,0,-16435578,-55000000,-16435578,-0.005,-0.016,-0.005,Domestic
1025,1025,26,"Oct 24, 2008",Changeling,55000000,35739802,113805580,78065778,-19260198,23065778,58805580,-0.006,0.007,0.017,Domestic
1026,1026,27,"Jul 27, 2012",The Watch,55000000,34353000,67130045,32777045,-20647000,-22222955,12130045,-0.006,-0.006,0.004,Domestic
1027,1027,28,"Mar 14, 2003",The Hunted,55000000,34234008,47213095,12979087,-20765992,-42020913,-7786905,-0.006,-0.012,-0.002,Domestic
1028,1028,29,"Jun 4, 1999",Instinct,55000000,34105207,34105207,0,-20894793,-55000000,-20894793,-0.006,-0.016,-0.006,Domestic
1029,1029,30,"Dec 12, 2003",Stuck On You,55000000,33832741,63537164,29704423,-21167259,-25295577,8537164,-0.006,-0.007,0.002,Domestic
1030,1030,31,"Feb 29, 2008",Semi-Pro,55000000,33479698,43980363,10500665,-21520302,-44499335,-11019637,-0.006,-0.013,-0.003,Domestic
1031,1031,32,"Feb 23, 2018",Annihilation,55000000,32732301,43070915,10338614,-22267699,-44661386,-11929085,-0.006,-0.013,-0.003,Domestic
1032,1032,33,"Oct 16, 2015",Crimson Peak,55000000,31090320,74966854,43876534,-23909680,-11123466,19966854,-0.007,-0.003,0.006,Domestic
1033,1033,34,"Apr 27, 2012",The Pirates! Band of Misfits,55000000,31051126,136143605,105092479,-23948874,50092479,81143605,-0.007,0.014,0.023,Domestic
1034,1034,35,"Dec 2, 2005",Aeon Flux,55000000,25857987,53913573,28055586,-29142013,-26944414,-1086427,-0.008,-0.008,-0.0,Domestic
1035,1035,36,"Aug 2, 1996",Chain Reaction,55000000,21226204,60209334,38983130,-33773796,-16016870,5209334,-0.01,-0.005,0.002,Domestic
1036,1036,37,"Aug 16, 1996",The Fan,55000000,18582965,18582965,0,-36417035,-55000000,-36417035,-0.011,-0.016,-0.011,Domestic
1037,1037,38,"Oct 12, 2007",Elizabeth: The Golden Age,55000000,16285240,74870866,58585626,-38714760,3585626,19870866,-0.011,0.001,0.006,Domestic
1038,1038,39,"Jun 12, 2009",Imagine That,55000000,16222392,22438144,6215752,-38777608,-48784248,-32561856,-0.011,-0.014,-0.009,Domestic
1039,1039,40,"Feb 21, 2003",Gods and Generals,55000000,12882934,12923936,41002,-42117066,-54958998,-42076064,-0.012,-0.016,-0.012,Domestic
1040,1040,41,"Jan 10, 1997",Turbulence,55000000,11532774,11532774,0,-43467226,-55000000,-43467226,-0.013,-0.016,-0.013,Domestic
1041,1041,42,"Feb 1, 2013",Bullet to the Head,55000000,9489829,22597969,13108140,-45510171,-41891860,-32402031,-0.013,-0.012,-0.009,Domestic
1042,1042,43,"Sep 22, 2006",All the King's Men,55000000,7221458,9521458,2300000,-47778542,-52700000,-45478542,-0.014,-0.015,-0.013,Domestic
1043,1043,44,"Jul 30, 2004",Thunderbirds,55000000,6768055,28231444,21463389,-48231945,-33536611,-26768556,-0.014,-0.01,-0.008,Domestic
1044,1044,45,"Nov 26, 2004",Un long dimanche de fianÃ§ailles,55000000,6167817,69759296,63591479,-48832183,8591479,14759296,-0.014,0.002,0.004,Domestic
1045,1045,46,"May 4, 2007",Lucky You,55000000,5755286,6521829,766543,-49244714,-54233457,-48478171,-0.014,-0.016,-0.014,Domestic
1046,1046,47,"Jul 22, 1998",Lolita,55000000,1147784,1147784,0,-53852216,-55000000,-53852216,-0.016,-0.016,-0.016,Domestic
1047,1047,48,"Sep 20, 2002",Eye See You,55000000,79161,1807990,1728829,-54920839,-53271171,-53192010,-0.016,-0.015,-0.015,Domestic
1048,1048,49,"Jun 19, 1981",Superman II,54000000,108185706,108185706,0,54185706,-54000000,54185706,0.016,-0.016,0.016,Domestic
1049,1049,50,"Mar 22, 2002",Blade 2,54000000,81676888,154338601,72661713,27676888,18661713,100338601,0.008,0.005,0.029,Domestic
1050,1050,51,"Jul 14, 2006","You, Me and Dupree",54000000,75802010,130402010,54600000,21802010,600000,76402010,0.006,0.0,0.022,Domestic
1051,1051,52,"Dec 19, 2008",Seven Pounds,54000000,69951824,166617328,96665504,15951824,42665504,112617328,0.005,0.012,0.033,Domestic
1052,1052,53,"Dec 25, 1990",The Godfather: Part III,54000000,66520529,66520529,0,12520529,-54000000,12520529,0.004,-0.016,0.004,Domestic
1053,1053,54,"Oct 14, 2005",Elizabethtown,54000000,26850426,50719373,23868947,-27149574,-30131053,-3280627,-0.008,-0.009,-0.001,Domestic
1054,1054,55,"Aug 1, 2003",Gigli,54000000,6087542,7126002,1038460,-47912458,-52961540,-46873998,-0.014,-0.015,-0.014,Domestic
1055,1055,56,"Jun 16, 2000",Shaft,53012938,70327868,107190108,36862240,17314930,-16150698,54177170,0.005,-0.005,0.016,Domestic
1056,1056,57,"Aug 5, 2005",The Dukes of Hazzard,53000000,80270227,109848461,29578234,27270227,-23421766,56848461,0.008,-0.007,0.016,Domestic
1057,1057,58,"Oct 16, 2009",Law Abiding Citizen,53000000,73357727,131159781,57802054,20357727,4802054,78159781,0.006,0.001,0.023,Domestic
1058,1058,59,"Sep 18, 2015",Black Mass,53000000,62575678,98837872,36262194,9575678,-16737806,45837872,0.003,-0.005,0.013,Domestic
1059,1059,60,"Nov 14, 1997",Anastasia,53000000,58403409,139801096,81397687,5403409,28397687,86801096,0.002,0.008,0.025,Domestic
1060,1060,61,"May 18, 2001",Moulin Rouge,53000000,57386369,179200588,121814219,4386369,68814219,126200588,0.001,0.02,0.036,Domestic
1061,1061,62,"Nov 2, 2001",Domestic Disturbance,53000000,45207112,54207112,9000000,-7792888,-44000000,1207112,-0.002,-0.013,0.0,Domestic
1062,1062,63,"Oct 20, 2006",Flags of Our Fathers,53000000,33602376,63657941,30055565,-19397624,-22944435,10657941,-0.006,-0.007,0.003,Domestic
1063,1063,64,"Apr 6, 2007",Grindhouse,53000000,25031037,50187789,25156752,-27968963,-27843248,-2812211,-0.008,-0.008,-0.001,Domestic
1064,1064,65,"Oct 16, 1998",Beloved,53000000,22852487,22852487,0,-30147513,-53000000,-30147513,-0.009,-0.015,-0.009,Domestic
1065,1065,66,"Dec 19, 2012",Zero Dark Thirty,52500000,95720716,134612435,38891719,43220716,-13608281,82112435,0.012,-0.004,0.024,Domestic
1066,1066,67,"Dec 25, 2002",Catch Me if You Can,52000000,164606800,355612291,191005491,112606800,139005491,303612291,0.033,0.04,0.088,Domestic
1067,1067,68,"Jul 18, 2008",Mamma Mia!,52000000,144130063,615748772,471618709,92130063,419618709,563748772,0.027,0.121,0.163,Domestic
1068,1068,69,"Jun 2, 2006",The Break-Up,52000000,118703275,205727307,87024032,66703275,35024032,153727307,0.019,0.01,0.044,Domestic
1069,1069,70,"Feb 12, 2010",Valentine's Day,52000000,110485654,217569328,107083674,58485654,55083674,165569328,0.017,0.016,0.048,Domestic
1070,1070,71,"Nov 22, 1995",Casino,52000000,42438300,110400000,67961700,-9561700,15961700,58400000,-0.003,0.005,0.017,Domestic
1071,1071,72,"Aug 5, 2011",The Change-Up,52000000,37243418,75997067,38753649,-14756582,-13246351,23997067,-0.004,-0.004,0.007,Domestic
1072,1072,73,"Dec 23, 1998",The Thin Red Line,52000000,36400491,97709034,61308543,-15599509,9308543,45709034,-0.005,0.003,0.013,Domestic
1073,1073,74,"Dec 22, 1999",Man on the Moon,52000000,34580635,47407635,12827000,-17419365,-39173000,-4592365,-0.005,-0.011,-0.001,Domestic
1074,1074,75,"Feb 5, 2010",From Paris With Love,52000000,24077427,53139168,29061741,-27922573,-22938259,1139168,-0.008,-0.007,0.0,Domestic
1075,1075,76,"Apr 16, 2003",Bulletproof Monk,52000000,23010607,23010607,0,-28989393,-52000000,-28989393,-0.008,-0.015,-0.008,Domestic
1076,1076,77,"Jun 23, 2000","Me, Myself & Irene",51000000,90570999,149270999,58700000,39570999,7700000,98270999,0.011,0.002,0.028,Domestic
1077,1077,78,"Aug 4, 2006",Barnyard: The Original Party Animals,51000000,72779000,118583844,45804844,21779000,-5195156,67583844,0.006,-0.002,0.02,Domestic
1078,1078,79,"Aug 17, 2018",Alpha,51000000,35851379,99624873,63773494,-15148621,12773494,48624873,-0.004,0.004,0.014,Domestic
1079,1079,80,"Nov 22, 2006",Deck the Halls,51000000,35093569,46815807,11722238,-15906431,-39277762,-4184193,-0.005,-0.011,-0.001,Domestic
1080,1080,81,"Mar 4, 2011",The Adjustment Bureau,50200000,62495645,126931325,64435680,12295645,14235680,76731325,0.004,0.004,0.022,Domestic
1081,1081,82,"Nov 20, 2009",The Twilight Saga: New Moon,50000000,296623634,687557727,390934093,246623634,340934093,637557727,0.071,0.098,0.184,Domestic
1082,1082,83,"May 18, 2001",Shrek,50000000,267655011,491812794,224157783,217655011,174157783,441812794,0.063,0.05,0.128,Domestic
1083,1083,84,"Jun 29, 2012",Ted,50000000,218665740,556016627,337350887,168665740,287350887,506016627,0.049,0.083,0.146,Domestic
1084,1084,85,"Jun 13, 2014",22 Jump Street,50000000,191719337,331333876,139614539,141719337,89614539,281333876,0.041,0.026,0.081,Domestic
1085,1085,86,"Jun 14, 1991",Robin Hood: Prince of Thieves,50000000,165493908,390500000,225006092,115493908,175006092,340500000,0.033,0.051,0.098,Domestic
1086,1086,87,"Dec 13, 1996",Jerry Maguire,50000000,153952592,274000000,120047408,103952592,70047408,224000000,0.03,0.02,0.065,Domestic
1087,1087,88,"Dec 25, 2015",Daddyâs Home,50000000,150357137,242757137,92400000,100357137,42400000,192757137,0.029,0.012,0.056,Domestic
1088,1088,89,"Dec 24, 1997",As Good as it Gets,50000000,148478011,314111923,165633912,98478011,115633912,264111923,0.028,0.033,0.076,Domestic
1089,1089,90,"Dec 25, 1998",Patch Adams,50000000,135014968,202173000,67158032,85014968,17158032,152173000,0.025,0.005,0.044,Domestic
1090,1090,91,"Jun 17, 2016",Central Intelligence,50000000,127440871,217194805,89753934,77440871,39753934,167194805,0.022,0.011,0.048,Domestic
1091,1091,92,"Dec 18, 2013",Anchorman 2: The Legend Continues,50000000,127352707,172185754,44833047,77352707,-5166953,122185754,0.022,-0.001,0.035,Domestic
1092,1092,93,"Jun 10, 2011",Super 8,50000000,127004179,257972745,130968566,77004179,80968566,207972745,0.022,0.023,0.06,Domestic
1093,1093,94,"Jun 28, 2002",Mr. Deeds,50000000,126293452,171269535,44976083,76293452,-5023917,121269535,0.022,-0.001,0.035,Domestic
1094,1094,95,"Mar 17, 2000",Erin Brockovich,50000000,125548685,257805243,132256558,75548685,82256558,207805243,0.022,0.024,0.06,Domestic
1095,1095,96,"Nov 21, 2018",Creed II,50000000,115715889,213591522,97875633,65715889,47875633,163591522,0.019,0.014,0.047,Domestic
1096,1096,97,"Feb 9, 2018",Peter Rabbit,50000000,115234093,347136477,231902384,65234093,181902384,297136477,0.019,0.053,0.086,Domestic
1097,1097,98,"Feb 7, 2003",How to Lose a Guy in 10 Days,50000000,105807520,178890782,73083262,55807520,23083262,128890782,0.016,0.007,0.037,Domestic
1098,1098,99,"Nov 11, 1994",Interview with the Vampire: The Vampire Chronicles,50000000,105264608,223564608,118300000,55264608,68300000,173564608,0.016,0.02,0.05,Domestic
1099,1099,100,"Dec 14, 2018",The Mule,50000000,103804407,170857676,67053269,53804407,17053269,120857676,0.016,0.005,0.035,Domestic
1100,1100,1,"Dec 19, 2008",Yes Man,50000000,97690976,225990976,128300000,47690976,78300000,175990976,0.014,0.023,0.051,Domestic
1101,1101,2,"Feb 28, 2014",Non-Stop,50000000,91742160,222383055,130640895,41742160,80640895,172383055,0.012,0.023,0.05,Domestic
1102,1102,3,"Dec 25, 1998",Stepmom,50000000,91137662,159745279,68607617,41137662,18607617,109745279,0.012,0.005,0.032,Domestic
1103,1103,4,"Aug 9, 2013",Disney Planes,50000000,90282580,238059569,147776989,40282580,97776989,188059569,0.012,0.028,0.054,Domestic
1104,1104,5,"Mar 10, 2006",Failure to Launch,50000000,88715192,128402901,39687709,38715192,-10312291,78402901,0.011,-0.003,0.023,Domestic
1105,1105,6,"Mar 24, 2006",Inside Man,50000000,88634237,185798265,97164028,38634237,47164028,135798265,0.011,0.014,0.039,Domestic
1106,1106,7,"Jul 28, 2017",The Emoji Movie,50000000,86089513,216562312,130472799,36089513,80472799,166562312,0.01,0.023,0.048,Domestic
1107,1107,8,"Jul 29, 2011","Crazy, Stupid, Love",50000000,84351197,147142328,62791131,34351197,12791131,97142328,0.01,0.004,0.028,Domestic
1108,1108,9,"Dec 22, 2017",The Post,50000000,81903458,179748880,97845422,31903458,47845422,129748880,0.009,0.014,0.037,Domestic
1109,1109,10,"Feb 5, 1999",Payback,50000000,81526121,161626121,80100000,31526121,30100000,111626121,0.009,0.009,0.032,Domestic
1110,1110,11,"Jun 9, 1995",Congo,50000000,81022333,152022333,71000000,31022333,21000000,102022333,0.009,0.006,0.029,Domestic
1111,1111,12,"Mar 20, 2009",Knowing,50000000,79957634,186450317,106492683,29957634,56492683,136450317,0.009,0.016,0.039,Domestic
1112,1112,13,"Mar 18, 2005",The Ring Two,50000000,75941727,161941727,86000000,25941727,36000000,111941727,0.007,0.01,0.032,Domestic
1113,1113,14,"Dec 23, 2011",We Bought a Zoo,50000000,75624550,118729073,43104523,25624550,-6895477,68729073,0.007,-0.002,0.02,Domestic
1114,1114,15,"Sep 23, 2011",Moneyball,50000000,75605492,111300835,35695343,25605492,-14304657,61300835,0.007,-0.004,0.018,Domestic
1115,1115,16,"Jun 11, 2004",Garfield: The Movie,50000000,75367693,208094550,132726857,25367693,82726857,158094550,0.007,0.024,0.046,Domestic
1116,1116,17,"Nov 24, 2004",Christmas with the Kranks,50000000,73701902,96469187,22767285,23701902,-27232715,46469187,0.007,-0.008,0.013,Domestic
1117,1117,18,"Mar 17, 2006",V for Vendetta,50000000,70511035,130214162,59703127,20511035,9703127,80214162,0.006,0.003,0.023,Domestic
1118,1118,19,"Mar 10, 1995",Outbreak,50000000,67823573,190023573,122200000,17823573,72200000,140023573,0.005,0.021,0.04,Domestic
1119,1119,20,"Mar 13, 2009",Race to Witch Mountain,50000000,67172595,105103784,37931189,17172595,-12068811,55103784,0.005,-0.003,0.016,Domestic
1120,1120,21,"Sep 24, 2004",The Forgotten,50000000,66711892,117211892,50500000,16711892,500000,67211892,0.005,0.0,0.019,Domestic
1121,1121,22,"Jun 22, 2005",Herbie: Fully Loaded,50000000,66010682,144110682,78100000,16010682,28100000,94110682,0.005,0.008,0.027,Domestic
1122,1122,23,"Feb 7, 2003",Shanghai Knights,50000000,60470220,88316835,27846615,10470220,-22153385,38316835,0.003,-0.006,0.011,Domestic
1123,1123,24,"Jul 18, 2014",Planes: Fire and Rescue,50000000,59157732,156399644,97241912,9157732,47241912,106399644,0.003,0.014,0.031,Domestic
1124,1124,25,"Feb 10, 2006",Curious George,50000000,58640119,71052604,12412485,8640119,-37587515,21052604,0.002,-0.011,0.006,Domestic
1125,1125,26,"Apr 6, 2012",American Reunion,50000000,56758835,236799211,180040376,6758835,130040376,186799211,0.002,0.038,0.054,Domestic
1126,1126,27,"Jan 25, 2013",Hansel & Gretel: Witch Hunters,50000000,55703475,214949716,159246241,5703475,109246241,164949716,0.002,0.032,0.048,Domestic
1127,1127,28,"Feb 18, 2011",I am Number Four,50000000,55100437,146195159,91094722,5100437,41094722,96195159,0.001,0.012,0.028,Domestic
1128,1128,29,"Sep 28, 2001",Donât Say a Word,50000000,54997476,104488383,49490907,4997476,-509093,54488383,0.001,-0.0,0.016,Domestic
1129,1129,30,"Jan 15, 2016",13 Hours: The Secret Soldiers of Benghazi,50000000,52853219,69411370,16558151,2853219,-33441849,19411370,0.001,-0.01,0.006,Domestic
1130,1130,31,"May 8, 2002",Unfaithful,50000000,52752475,119114494,66362019,2752475,16362019,69114494,0.001,0.005,0.02,Domestic
1131,1131,32,"Sep 29, 2017",American Made,50000000,51342000,135569212,84227212,1342000,34227212,85569212,0.0,0.01,0.025,Domestic
1132,1132,33,"Nov 23, 2005",Syriana,50000000,50824620,92690959,41866339,824620,-8133661,42690959,0.0,-0.002,0.012,Domestic
1133,1133,34,"Sep 10, 2004",Resident Evil: Apocalypse,50000000,50740078,125168734,74428656,740078,24428656,75168734,0.0,0.007,0.022,Domestic
1134,1134,35,"Oct 17, 2014",The Book of Life,50000000,50151543,97651543,47500000,151543,-2500000,47651543,0.0,-0.001,0.014,Domestic
1135,1135,36,"Feb 14, 1997",Absolute Power,50000000,50068310,50068310,0,68310,-50000000,68310,0.0,-0.014,0.0,Domestic
1136,1136,37,"Feb 10, 2006",Firewall,50000000,48751189,82751189,34000000,-1248811,-16000000,32751189,-0.0,-0.005,0.009,Domestic
1137,1137,38,"Sep 12, 1997",The Game,50000000,48265581,80369970,32104389,-1734419,-17895611,30369970,-0.001,-0.005,0.009,Domestic
1138,1138,39,"Aug 22, 1997",G.I. Jane,50000000,48169156,48169156,0,-1830844,-50000000,-1830844,-0.001,-0.014,-0.001,Domestic
1139,1139,40,"Aug 8, 2014",Into the Storm,50000000,47602194,150429371,102827177,-2397806,52827177,100429371,-0.001,0.015,0.029,Domestic
1140,1140,41,"Oct 10, 2014",The Judge,50000000,47119388,76119388,29000000,-2880612,-21000000,26119388,-0.001,-0.006,0.008,Domestic
1141,1141,42,"Apr 21, 2006",Silent Hill,50000000,46982632,94704227,47721595,-3017368,-2278405,44704227,-0.001,-0.001,0.013,Domestic
1142,1142,43,"Aug 11, 2000",The Replacements,50000000,44737059,50054511,5317452,-5262941,-44682548,54511,-0.002,-0.013,0.0,Domestic
1143,1143,44,"Jul 29, 1998",The Negotiator,50000000,44705766,49105766,4400000,-5294234,-45600000,-894234,-0.002,-0.013,-0.0,Domestic
1144,1144,45,"Aug 19, 2016",War Dogs,50000000,43034523,86234503,43199980,-6965477,-6800020,36234503,-0.002,-0.002,0.01,Domestic
1145,1145,46,"May 25, 1994",Beverly Hills Cop III,50000000,42586861,119180938,76594077,-7413139,26594077,69180938,-0.002,0.008,0.02,Domestic
1146,1146,47,"Jun 15, 1990",Gremlins 2: The New Batch,50000000,41476097,41476097,0,-8523903,-50000000,-8523903,-0.002,-0.014,-0.002,Domestic
1147,1147,48,"Sep 26, 1997",The Peacemaker,50000000,41263140,62967368,21704228,-8736860,-28295772,12967368,-0.003,-0.008,0.004,Domestic
1148,1148,49,"Oct 3, 2003",Out of Time,50000000,41083108,55489826,14406718,-8916892,-35593282,5489826,-0.003,-0.01,0.002,Domestic
1149,1149,50,"Nov 12, 2004",Bridget Jones: The Edge Of Reason,50000000,40203020,263894551,223691531,-9796980,173691531,213894551,-0.003,0.05,0.062,Domestic
1150,1150,51,"Feb 11, 2000",The Beach,50000000,39778599,39778599,0,-10221401,-50000000,-10221401,-0.003,-0.014,-0.003,Domestic
1151,1151,52,"Jun 10, 2005",The Adventures of Sharkboy and Lavagirl in 3-D,50000000,39177684,69425966,30248282,-10822316,-19751718,19425966,-0.003,-0.006,0.006,Domestic
1152,1152,53,"Feb 18, 1994",On Deadly Ground,50000000,38590458,38590458,0,-11409542,-50000000,-11409542,-0.003,-0.014,-0.003,Domestic
1153,1153,54,"Nov 25, 2009",Ninja Assassin,50000000,38122883,62209892,24087009,-11877117,-25912991,12209892,-0.003,-0.007,0.004,Domestic
1154,1154,55,"May 28, 2004",Raising Helen,50000000,37485528,49928680,12443152,-12514472,-37556848,-71320,-0.004,-0.011,-0.0,Domestic
1155,1155,56,"May 20, 2016",The Nice Guys,50000000,36261763,59596747,23334984,-13738237,-26665016,9596747,-0.004,-0.008,0.003,Domestic
1156,1156,57,"Sep 17, 1999",For Love of the Game,50000000,35188640,46112640,10924000,-14811360,-39076000,-3887360,-0.004,-0.011,-0.001,Domestic
1157,1157,58,"Dec 11, 1998",Jack Frost,50000000,34645374,34645374,0,-15354626,-50000000,-15354626,-0.004,-0.014,-0.004,Domestic
1158,1158,59,"Jun 4, 2010",Marmaduke,50000000,33644788,89895930,56251142,-16355212,6251142,39895930,-0.005,0.002,0.012,Domestic
1159,1159,60,"Jun 28, 1996",Striptease,50000000,33109743,113309743,80200000,-16890257,30200000,63309743,-0.005,0.009,0.018,Domestic
1160,1160,61,"Oct 15, 2010",Hereafter,50000000,32746941,108660270,75913329,-17253059,25913329,58660270,-0.005,0.007,0.017,Domestic
1161,1161,62,"Apr 19, 2002",Murder by Numbers,50000000,31874869,56643267,24768398,-18125131,-25231602,6643267,-0.005,-0.007,0.002,Domestic
1162,1162,63,"Oct 6, 1995",Assassins,50000000,30306268,83306268,53000000,-19693732,3000000,33306268,-0.006,0.001,0.01,Domestic
1163,1163,64,"Feb 12, 2016",Zoolander 2,50000000,28848693,55348693,26500000,-21151307,-23500000,5348693,-0.006,-0.007,0.002,Domestic
1164,1164,65,"Jan 16, 2009",Defiance,50000000,28644813,52987754,24342941,-21355187,-25657059,2987754,-0.006,-0.007,0.001,Domestic
1165,1165,66,"Feb 9, 2007",Hannibal Rising,50000000,27669725,80583311,52913586,-22330275,2913586,30583311,-0.006,0.001,0.009,Domestic
1166,1166,67,"Oct 15, 1999",The Story of Us,50000000,27100030,27100030,0,-22899970,-50000000,-22899970,-0.007,-0.014,-0.007,Domestic
1167,1167,68,"Mar 29, 2013",The Host,50000000,26623701,64477051,37853350,-23376299,-12146650,14477051,-0.007,-0.004,0.004,Domestic
1168,1168,69,"Mar 28, 2003",Basic,50000000,26599248,42598498,15999250,-23400752,-34000750,-7401502,-0.007,-0.01,-0.002,Domestic
1169,1169,70,"Mar 13, 2015",Run All Night,50000000,26461644,66961644,40500000,-23538356,-9500000,16961644,-0.007,-0.003,0.005,Domestic
1170,1170,71,"Aug 9, 2002",Blood Work,50000000,26199517,26199517,0,-23800483,-50000000,-23800483,-0.007,-0.014,-0.007,Domestic
1171,1171,72,"Feb 13, 2009",The International,50000000,25450527,53850527,28400000,-24549473,-21600000,3850527,-0.007,-0.006,0.001,Domestic
1172,1172,73,"Aug 9, 1996",Escape from L.A.,50000000,25426861,25426861,0,-24573139,-50000000,-24573139,-0.007,-0.014,-0.007,Domestic
1173,1173,74,"Feb 27, 2004",Twisted,50000000,25195050,40119848,14924798,-24804950,-35075202,-9880152,-0.007,-0.01,-0.003,Domestic
1174,1174,75,"Dec 10, 2004",The Life Aquatic with Steve Zissou,50000000,24006726,34806726,10800000,-25993274,-39200000,-15193274,-0.008,-0.011,-0.004,Domestic
1175,1175,76,"Aug 4, 1999",The Iron Giant,50000000,23159305,31333917,8174612,-26840695,-41825388,-18666083,-0.008,-0.012,-0.005,Domestic
1176,1176,77,"Apr 12, 2019",Hellboy,50000000,21903748,40725492,18821744,-28096252,-31178256,-9274508,-0.008,-0.009,-0.003,Domestic
1177,1177,78,"Apr 8, 2011",Your Highness,50000000,21596445,26121638,4525193,-28403555,-45474807,-23878362,-0.008,-0.013,-0.007,Domestic
1178,1178,79,"Sep 16, 2016",Snowden,50000000,21587519,35380918,13793399,-28412481,-36206601,-14619082,-0.008,-0.01,-0.004,Domestic
1179,1179,80,"Sep 30, 2011",Dream House,50000000,21302340,41642166,20339826,-28697660,-29660174,-8357834,-0.008,-0.009,-0.002,Domestic
1180,1180,81,"Jun 24, 2016",Free State of Jones,50000000,20810036,23237252,2427216,-29189964,-47572784,-26762748,-0.008,-0.014,-0.008,Domestic
1181,1181,82,"Sep 4, 2009",Gamer,50000000,20534907,42002029,21467122,-29465093,-28532878,-7997971,-0.009,-0.008,-0.002,Domestic
1182,1182,83,"Feb 25, 2005",Man of the House,50000000,19699706,22099706,2400000,-30300294,-47600000,-27900294,-0.009,-0.014,-0.008,Domestic
1183,1183,84,"Feb 21, 2003",The Life of David Gale,50000000,19694635,28920188,9225553,-30305365,-40774447,-21079812,-0.009,-0.012,-0.006,Domestic
1184,1184,85,"Feb 14, 2013",Beautiful Creatures,50000000,19452138,60282876,40830738,-30547862,-9169262,10282876,-0.009,-0.003,0.003,Domestic
1185,1185,86,"Sep 30, 2005",Into the Blue,50000000,18782227,41982227,23200000,-31217773,-26800000,-8017773,-0.009,-0.008,-0.002,Domestic
1186,1186,87,"Sep 14, 2007",Eastern Promises,50000000,17181265,56077088,38895823,-32818735,-11104177,6077088,-0.009,-0.003,0.002,Domestic
1187,1187,88,"Jul 1, 1994",Baby's Day Out,50000000,16581575,16581575,0,-33418425,-50000000,-33418425,-0.01,-0.014,-0.01,Domestic
1188,1188,89,"Nov 12, 1999",The Messenger: The Story of Joan of Arc,50000000,14271297,14271297,0,-35728703,-50000000,-35728703,-0.01,-0.014,-0.01,Domestic
1189,1189,90,"Nov 3, 1995",Fair Game,50000000,11497497,26097497,14600000,-38502503,-35400000,-23902503,-0.011,-0.01,-0.007,Domestic
1190,1190,91,"Feb 25, 2011",Drive Angry,50000000,10721033,41042583,30321550,-39278967,-19678450,-8957417,-0.011,-0.006,-0.003,Domestic
1191,1191,92,"Nov 7, 1997",Mad City,50000000,10561038,10561038,0,-39438962,-50000000,-39438962,-0.011,-0.014,-0.011,Domestic
1192,1192,93,"Oct 13, 1995",The Scarlet Letter,50000000,10359006,10359006,0,-39640994,-50000000,-39640994,-0.011,-0.014,-0.011,Domestic
1193,1193,94,"Oct 14, 2005",Domino,50000000,10169202,23574057,13404855,-39830798,-36595145,-26425943,-0.012,-0.011,-0.008,Domestic
1194,1194,95,"Oct 13, 1995",Jade,50000000,9812870,9812870,0,-40187130,-50000000,-40187130,-0.012,-0.014,-0.012,Domestic
1195,1195,96,"Feb 27, 2009",Street Fighter: The Legend of Chun-Li,50000000,8742261,12660287,3918026,-41257739,-46081974,-37339713,-0.012,-0.013,-0.011,Domestic
1196,1196,97,"Mar 29, 2002",Death to Smoochy,50000000,8355815,8374062,18247,-41644185,-49981753,-41625938,-0.012,-0.014,-0.012,Domestic
1197,1197,98,"Feb 16, 2018",Early Man,50000000,8267544,45285890,37018346,-41732456,-12981654,-4714110,-0.012,-0.004,-0.001,Domestic
1198,1198,99,"Nov 13, 2009",The Boat That Rocked,50000000,8017467,37472651,29455184,-41982533,-20544816,-12527349,-0.012,-0.006,-0.004,Domestic
1199,1199,100,"Jan 30, 2004",The Big Bounce,50000000,6471394,6626115,154721,-43528606,-49845279,-43373885,-0.013,-0.014,-0.013,Domestic
1200,1200,1,"Mar 3, 2000",What Planet Are You From?,50000000,6291602,6291602,0,-43708398,-50000000,-43708398,-0.013,-0.014,-0.013,Domestic
1201,1201,2,"Apr 17, 2015",Child 44,50000000,1224330,8004221,6779891,-48775670,-43220109,-41995779,-0.014,-0.012,-0.012,Domestic
1202,1202,3,"Jan 23, 2009",Outlander,50000000,166003,1250617,1084614,-49833997,-48915386,-48749383,-0.014,-0.014,-0.014,Domestic
1203,1203,4,"Mar 15, 2013",Upside Down,50000000,102118,26387039,26284921,-49897882,-23715079,-23612961,-0.014,-0.007,-0.007,Domestic
1204,1204,5,"Oct 2, 2015",Shanghai,50000000,46425,15505922,15459497,-49953575,-34540503,-34494078,-0.014,-0.01,-0.01,Domestic
1209,1209,10,"Nov 2, 2001",The One,49000000,43905746,72689126,28783380,-5094254,-20216620,23689126,-0.001,-0.006,0.007,Domestic
1210,1210,11,"Mar 6, 2015",Chappie,49000000,31569268,105002056,73432788,-17430732,24432788,56002056,-0.005,0.007,0.016,Domestic
1211,1211,12,"Jul 11, 1990",The Adventures of Ford Fairlane,49000000,20423389,20423389,0,-28576611,-49000000,-28576611,-0.008,-0.014,-0.008,Domestic
1212,1212,13,"Nov 16, 2012",Anna Karenina,49000000,12816367,71004627,58188260,-36183633,9188260,22004627,-0.01,0.003,0.006,Domestic
1213,1213,14,"May 24, 1989",Indiana Jones and the Last Crusade,48000000,197171806,474171806,277000000,149171806,229000000,426171806,0.043,0.066,0.123,Domestic
1214,1214,15,"Oct 18, 2002",The Ring,48000000,129094024,248218486,119124462,81094024,71124462,200218486,0.023,0.021,0.058,Domestic
1215,1215,16,"Dec 27, 2000",Traffic,48000000,124107476,208300000,84192524,76107476,36192524,160300000,0.022,0.01,0.046,Domestic
1216,1216,17,"Mar 29, 2002",Panic Room,48000000,95308367,196308367,101000000,47308367,53000000,148308367,0.014,0.015,0.043,Domestic
1217,1217,18,"Jan 9, 2015",Taken 3,48000000,89256424,327656424,238400000,41256424,190400000,279656424,0.012,0.055,0.081,Domestic
1218,1218,19,"Aug 6, 1999",The Thomas Crown Affair,48000000,69304264,124304264,55000000,21304264,7000000,76304264,0.006,0.002,0.022,Domestic
1219,1219,20,"Nov 16, 2018",Instant Family,48000000,67363237,119736188,52372951,19363237,4372951,71736188,0.006,0.001,0.021,Domestic
1220,1220,21,"Nov 5, 1999",The Bone Collector,48000000,66488090,151463090,84975000,18488090,36975000,103463090,0.005,0.011,0.03,Domestic
1221,1221,22,"Oct 1, 1999",Three Kings,48000000,60652036,107752036,47100000,12652036,-900000,59752036,0.004,-0.0,0.017,Domestic
1222,1222,23,"Jan 22, 2010",Tooth Fairy,48000000,60022256,112610386,52588130,12022256,4588130,64610386,0.003,0.001,0.019,Domestic
1223,1223,24,"Aug 17, 2001",Rat Race,48000000,56607223,86607223,30000000,8607223,-18000000,38607223,0.002,-0.005,0.011,Domestic
1224,1224,25,"Sep 7, 2007",3:10 to Yuma,48000000,53606916,71171825,17564909,5606916,-30435091,23171825,0.002,-0.009,0.007,Domestic
1225,1225,26,"Aug 13, 2001",K-PAX,48000000,50315140,50315140,0,2315140,-48000000,2315140,0.001,-0.014,0.001,Domestic
1226,1226,27,"Dec 25, 2001",Kate and Leopold,48000000,47095453,70937778,23842325,-904547,-24157675,22937778,-0.0,-0.007,0.007,Domestic
1227,1227,28,"Oct 20, 2000",Bedazzled,48000000,37879996,90376224,52496228,-10120004,4496228,42376224,-0.003,0.001,0.012,Domestic
1228,1228,29,"Jun 26, 1998",Out of Sight,48000000,37562568,77562568,40000000,-10437432,-8000000,29562568,-0.003,-0.002,0.009,Domestic
1229,1229,30,"Dec 14, 1984",The Cotton Club,48000000,25928721,25928721,0,-22071279,-48000000,-22071279,-0.006,-0.014,-0.006,Domestic
1230,1230,31,"Jan 25, 2008",Rambo,47500000,42754105,112214531,69460426,-4745895,21960426,64714531,-0.001,0.006,0.019,Domestic
1231,1231,32,"Jul 13, 2016",The Infiltrator,47500000,15436808,20718104,5281296,-32063192,-42218704,-26781896,-0.009,-0.012,-0.008,Domestic
1232,1232,33,"Jun 15, 1990",Dick Tracy,47000000,103738726,162738726,59000000,56738726,12000000,115738726,0.016,0.003,0.033,Domestic
1233,1233,34,"Nov 11, 2016",Arrival,47000000,100546139,203127894,102581755,53546139,55581755,156127894,0.015,0.016,0.045,Domestic
1234,1234,35,"Jun 14, 1996",The Cable Guy,47000000,60240295,102825796,42585501,13240295,-4414499,55825796,0.004,-0.001,0.016,Domestic
1235,1235,36,"Apr 22, 2009",Earth,47000000,32011576,116773317,84761741,-14988424,37761741,69773317,-0.004,0.011,0.02,Domestic
1236,1236,37,"Oct 19, 2001",Riding in Cars with Boys,47000000,29781453,29781453,0,-17218547,-47000000,-17218547,-0.005,-0.014,-0.005,Domestic
1237,1237,38,"Jan 5, 2007",Happily N'Ever After,47000000,15849032,37923818,22074786,-31150968,-24925214,-9076182,-0.009,-0.007,-0.003,Domestic
1238,1238,39,"Nov 27, 2002",Solaris,47000000,14970038,14970038,0,-32029962,-47000000,-32029962,-0.009,-0.014,-0.009,Domestic
1239,1239,40,"Jun 18, 2010",Jonah Hex,47000000,10547117,11022696,475579,-36452883,-46524421,-35977304,-0.011,-0.013,-0.01,Domestic
1240,1240,41,"Feb 23, 1996",Mary Reilly,47000000,5707094,12900000,7192906,-41292906,-39807094,-34100000,-0.012,-0.011,-0.01,Domestic
1241,1241,42,"Dec 23, 2016",Silence,46500000,7100177,23726626,16626449,-39399823,-29873551,-22773374,-0.011,-0.009,-0.007,Domestic
1242,1242,43,"Nov 1, 2013",Mr. Nobody,46500000,3622,22254,18632,-46496378,-46481368,-46477746,-0.013,-0.013,-0.013,Domestic
1243,1243,44,"Jun 20, 1997",My Best Friend's Wedding,46000000,126813153,298923419,172110266,80813153,126110266,252923419,0.023,0.036,0.073,Domestic
1244,1244,45,"Jul 20, 2001",America's Sweethearts,46000000,93607673,160648493,67040820,47607673,21040820,114648493,0.014,0.006,0.033,Domestic
1245,1245,46,"Nov 22, 1996",Star Trek: First Contact,46000000,92027888,150000000,57972112,46027888,11972112,104000000,0.013,0.003,0.03,Domestic
1246,1246,47,"May 24, 2002",Insomnia,46000000,67263182,113622499,46359317,21263182,359317,67622499,0.006,0.0,0.02,Domestic
1247,1247,48,"Sep 20, 2013",Prisoners,46000000,61002302,113402302,52400000,15002302,6400000,67402302,0.004,0.002,0.019,Domestic
1248,1248,49,"Jul 12, 1996",Courage Under Fire,46000000,59003384,100833145,41829761,13003384,-4170239,54833145,0.004,-0.001,0.016,Domestic
1249,1249,50,"Sep 17, 1982",Inchon,46000000,4408636,4408636,0,-41591364,-46000000,-41591364,-0.012,-0.013,-0.012,Domestic
1250,1250,51,"Dec 31, 2010",Arthur and the War of Two Worlds,45500000,347136,36180824,35833688,-45152864,-9666312,-9319176,-0.013,-0.003,-0.003,Domestic
1251,1251,52,"Mar 21, 1997",Liar Liar,45000000,181410615,302710615,121300000,136410615,76300000,257710615,0.039,0.022,0.074,Domestic
1252,1252,53,"Nov 20, 1998",A Bug's Life,45000000,162798565,363095319,200296754,117798565,155296754,318095319,0.034,0.045,0.092,Domestic
1253,1253,54,"Oct 5, 2012",Taken 2,45000000,139854287,377807404,237953117,94854287,192953117,332807404,0.027,0.056,0.096,Domestic
1254,1254,55,"May 27, 1994",The Flintstones,45000000,130531208,358500000,227968792,85531208,182968792,313500000,0.025,0.053,0.091,Domestic
1255,1255,56,"Oct 24, 2003",Scary Movie 3,45000000,110000082,155200000,45199918,65000082,199918,110200000,0.019,0.0,0.032,Domestic
1256,1256,57,"Dec 22, 2000",Miss Congeniality,45000000,106807667,213420951,106613284,61807667,61613284,168420951,0.018,0.018,0.049,Domestic
1257,1257,58,"Dec 22, 2017",Pitch Perfect 3,45000000,104897530,185736412,80838882,59897530,35838882,140736412,0.017,0.01,0.041,Domestic
1258,1258,59,"Jul 11, 2008",Journey to the Center of the Earth,45000000,101704370,243180937,141476567,56704370,96476567,198180937,0.016,0.028,0.057,Domestic
1259,1259,60,"Dec 17, 1993",The Pelican Brief,45000000,100768056,187995859,87227803,55768056,42227803,142995859,0.016,0.012,0.041,Domestic
1260,1260,61,"Aug 11, 2004",The Princess Diaries 2: Royal Engagement,45000000,95149435,122071435,26922000,50149435,-18078000,77071435,0.014,-0.005,0.022,Domestic
1261,1261,62,"Dec 25, 2007",The Bucket List,45000000,93466502,174807445,81340943,48466502,36340943,129807445,0.014,0.01,0.037,Domestic
1262,1262,63,"Jul 20, 1994",The Client,45000000,92115211,117615211,25500000,47115211,-19500000,72615211,0.014,-0.006,0.021,Domestic
1263,1263,64,"Nov 23, 2011",The Muppets,45000000,88625922,160971922,72346000,43625922,27346000,115971922,0.013,0.008,0.033,Domestic
1264,1264,65,"Jun 5, 1992",Patriot Games,45000000,83287363,178100000,94812637,38287363,49812637,133100000,0.011,0.014,0.038,Domestic
1265,1265,66,"May 13, 2005",Monster-in-Law,45000000,82931301,155931301,73000000,37931301,28000000,110931301,0.011,0.008,0.032,Domestic
1266,1266,67,"Oct 5, 2001",Training Day,45000000,76261036,104505362,28244326,31261036,-16755674,59505362,0.009,-0.005,0.017,Domestic
1267,1267,68,"Oct 7, 2016",The Girl on the Train,45000000,75395035,174278214,98883179,30395035,53883179,129278214,0.009,0.016,0.037,Domestic
1268,1268,69,"Dec 24, 1999",Galaxy Quest,45000000,71423726,90523726,19100000,26423726,-25900000,45523726,0.008,-0.007,0.013,Domestic
1269,1269,70,"Jul 4, 2001",Scary Movie 2,45000000,71277420,141189101,69911681,26277420,24911681,96189101,0.008,0.007,0.028,Domestic
1270,1270,71,"Aug 21, 1998",Blade,45000000,70141876,131237688,61095812,25141876,16095812,86237688,0.007,0.005,0.025,Domestic
1271,1271,72,"Jan 14, 2005",Coach Carter,45000000,67264877,76665507,9400630,22264877,-35599370,31665507,0.006,-0.01,0.009,Domestic
1272,1272,73,"Mar 19, 2010",The Bounty Hunter,45000000,67061228,135808837,68747609,22061228,23747609,90808837,0.006,0.007,0.026,Domestic
1273,1273,74,"Apr 12, 2002",Changing Lanes,45000000,66790248,66790248,0,21790248,-45000000,21790248,0.006,-0.013,0.006,Domestic
1274,1274,75,"Apr 11, 1997",Anaconda,45000000,65598907,136998907,71400000,20598907,26400000,91998907,0.006,0.008,0.027,Domestic
1275,1275,76,"Jan 20, 2006",Underworld: Evolution,45000000,62318875,113417762,51098887,17318875,6098887,68417762,0.005,0.002,0.02,Domestic
1276,1276,77,"Aug 4, 2000",Coyote Ugly,45000000,60786269,113916474,53130205,15786269,8130205,68916474,0.005,0.002,0.02,Domestic
1277,1277,78,"Nov 7, 2003",Love Actually,45000000,59472278,248505300,189033022,14472278,144033022,203505300,0.004,0.042,0.059,Domestic
1278,1278,79,"Aug 9, 1996",Jack,45000000,58617334,58617334,0,13617334,-45000000,13617334,0.004,-0.013,0.004,Domestic
1279,1279,80,"Oct 7, 1994",The Specialist,45000000,57362581,57362581,0,12362581,-45000000,12362581,0.004,-0.013,0.004,Domestic
1280,1280,81,"Dec 9, 2016",Office Christmas Party,45000000,54767494,91323299,36555805,9767494,-8444195,46323299,0.003,-0.002,0.013,Domestic
1281,1281,82,"Aug 16, 1996",Tin Cup,45000000,53854588,75854588,22000000,8854588,-23000000,30854588,0.003,-0.007,0.009,Domestic
1282,1282,83,"Nov 23, 2005","Yours, Mine and Ours",45000000,53359917,72359917,19000000,8359917,-26000000,27359917,0.002,-0.008,0.008,Domestic
1283,1283,84,"May 13, 2005",Kicking and Screaming,45000000,52842724,55842724,3000000,7842724,-42000000,10842724,0.002,-0.012,0.003,Domestic
1284,1284,85,"Apr 29, 2005",The Hitchhiker's Guide to the Galaxy,45000000,51019112,102746214,51727102,6019112,6727102,57746214,0.002,0.002,0.017,Domestic
1285,1285,86,"Sep 21, 2007",Resident Evil: Extinction,45000000,50648679,149871103,99222424,5648679,54222424,104871103,0.002,0.016,0.03,Domestic
1286,1286,87,"Dec 25, 2004",Fat Albert,45000000,48114556,48563556,449000,3114556,-44551000,3563556,0.001,-0.013,0.001,Domestic
1287,1287,88,"Jul 6, 2012",Savages,45000000,47323100,82513490,35190390,2323100,-9809610,37513490,0.001,-0.003,0.011,Domestic
1288,1288,89,"Sep 30, 1994",The River Wild,45000000,46815000,94215000,47400000,1815000,2400000,49215000,0.001,0.001,0.014,Domestic
1289,1289,90,"May 23, 2014",Blended,45000000,46290741,127990741,81700000,1290741,36700000,82990741,0.0,0.011,0.024,Domestic
1290,1290,91,"Jun 16, 2017",All Eyez on Me,45000000,44922302,54876855,9954553,-77698,-35045447,9876855,-0.0,-0.01,0.003,Domestic
1291,1291,92,"Jan 13, 2006",Last Holiday,45000000,38399961,43343247,4943286,-6600039,-40056714,-1656753,-0.002,-0.012,-0.0,Domestic
1292,1292,93,"Mar 3, 2006",16 Blocks,45000000,36895141,65595141,28700000,-8104859,-16300000,20595141,-0.002,-0.005,0.006,Domestic
1293,1293,94,"Jul 14, 1995",The Indian in the Cupboard,45000000,35627222,35627222,0,-9372778,-45000000,-9372778,-0.003,-0.013,-0.003,Domestic
1294,1294,95,"Sep 10, 2004",Cellular,45000000,32003620,61475984,29472364,-12996380,-15527636,16475984,-0.004,-0.004,0.005,Domestic
1295,1295,96,"Jul 28, 2006",The Ant Bully,45000000,28142535,49610898,21468363,-16857465,-23531637,4610898,-0.005,-0.007,0.001,Domestic
1296,1296,97,"Jul 18, 2003",Johnny English,45000000,28013509,163126676,135113167,-16986491,90113167,118126676,-0.005,0.026,0.034,Domestic
1297,1297,98,"Dec 14, 1984",Dune,45000000,27447471,27447471,0,-17552529,-45000000,-17552529,-0.005,-0.013,-0.005,Domestic
1298,1298,99,"Jul 31, 2009",Aliens in the Attic,45000000,25200412,59551283,34350871,-19799588,-10649129,14551283,-0.006,-0.003,0.004,Domestic
1299,1299,100,"Sep 14, 2007",Across the Universe,45000000,24343673,29367143,5023470,-20656327,-39976530,-15632857,-0.006,-0.012,-0.005,Domestic
1300,1300,1,"Dec 26, 2008",Revolutionary Road,45000000,22951340,79604820,56653480,-22048660,11653480,34604820,-0.006,0.003,0.01,Domestic
1301,1301,2,"Aug 29, 2008",Babylon A.D.,45000000,22532572,70216497,47683925,-22467428,2683925,25216497,-0.006,0.001,0.007,Domestic
1302,1302,3,"Nov 4, 1994",Frankenstein,45000000,22006296,112006296,90000000,-22993704,45000000,67006296,-0.007,0.013,0.019,Domestic
1303,1303,4,"Oct 4, 1996",The Glimmer Man,45000000,20404841,36404841,16000000,-24595159,-29000000,-8595159,-0.007,-0.008,-0.002,Domestic
1304,1304,5,"Jul 17, 1996",Multiplicity,45000000,20133326,20133326,0,-24866674,-45000000,-24866674,-0.007,-0.013,-0.007,Domestic
1305,1305,6,"May 3, 2019",UglyDolls,45000000,19894664,24644664,4750000,-25105336,-40250000,-20355336,-0.007,-0.012,-0.006,Domestic
1306,1306,7,"Jan 19, 2001",The Pledge,45000000,19719930,29406132,9686202,-25280070,-35313798,-15593868,-0.007,-0.01,-0.005,Domestic
1307,1307,8,"Dec 16, 2005",The Producers: The Movie Musical,45000000,19398532,32952995,13554463,-25601468,-31445537,-12047005,-0.007,-0.009,-0.003,Domestic
1308,1308,9,"Jun 7, 1996",The Phantom,45000000,17220599,17220599,0,-27779401,-45000000,-27779401,-0.008,-0.013,-0.008,Domestic
1309,1309,10,"Jul 1, 2005",Rebound,45000000,16809014,17492014,683000,-28190986,-44317000,-27507986,-0.008,-0.013,-0.008,Domestic
1310,1310,11,"Feb 19, 2010",The Ghost Writer,45000000,15541549,65532491,49990942,-29458451,4990942,20532491,-0.009,0.001,0.006,Domestic
1311,1311,12,"Dec 22, 2000",All the Pretty Horses,45000000,15527125,18120267,2593142,-29472875,-42406858,-26879733,-0.009,-0.012,-0.008,Domestic
1312,1312,13,"Sep 5, 2008",Bangkok Dangerous,45000000,15298133,46598133,31300000,-29701867,-13700000,1598133,-0.009,-0.004,0.0,Domestic
1313,1313,14,"Dec 20, 1995",Nixon,45000000,13668249,34668249,21000000,-31331751,-24000000,-10331751,-0.009,-0.007,-0.003,Domestic
1314,1314,15,"Sep 21, 2012",Dredd,45000000,13414714,41467606,28052892,-31585286,-16947108,-3532394,-0.009,-0.005,-0.001,Domestic
1315,1315,16,"Oct 28, 2011",The Rum Diary,45000000,13109815,21544732,8434917,-31890185,-36565083,-23455268,-0.009,-0.011,-0.007,Domestic
1316,1316,17,"Jan 30, 1998",Deep Rising,45000000,11203026,11203026,0,-33796974,-45000000,-33796974,-0.01,-0.013,-0.01,Domestic
1317,1317,18,"Dec 21, 2018",Welcome to Marwen,45000000,10763520,12874922,2111402,-34236480,-42888598,-32125078,-0.01,-0.012,-0.009,Domestic
1318,1318,19,"Oct 21, 2011",Johnny English Reborn,45000000,8406711,164640401,156233690,-36593289,111233690,119640401,-0.011,0.032,0.035,Domestic
1319,1319,20,"Sep 26, 2008",Miracle at St. Anna,45000000,7916887,9676497,1759610,-37083113,-43240390,-35323503,-0.011,-0.012,-0.01,Domestic
1320,1320,21,"Apr 5, 2002",Big Trouble,45000000,7262288,8488871,1226583,-37737712,-43773417,-36511129,-0.011,-0.013,-0.011,Domestic
1321,1321,22,"Dec 21, 2006",Man cheng jin dai huang jin jia,45000000,6566773,76904429,70337656,-38433227,25337656,31904429,-0.011,0.007,0.009,Domestic
1322,1322,23,"Nov 16, 2007",Love in the Time of Cholera,45000000,4617608,31077418,26459810,-40382392,-18540190,-13922582,-0.012,-0.005,-0.004,Domestic
1323,1323,24,"Dec 25, 2002",Pinocchio,45000000,3681811,31681811,28000000,-41318189,-17000000,-13318189,-0.012,-0.005,-0.004,Domestic
1324,1324,25,"Jan 31, 1997",Shadow Conspiracy,45000000,2154540,2154540,0,-42845460,-45000000,-42845460,-0.012,-0.013,-0.012,Domestic
1326,1326,27,"Oct 12, 2012",Argo,44500000,136025503,227140757,91115254,91525503,46615254,182640757,0.026,0.013,0.053,Domestic
1327,1327,28,"Aug 6, 1993",The Fugitive,44000000,183875760,353715317,169839557,139875760,125839557,309715317,0.04,0.036,0.089,Domestic
1328,1328,29,"May 22, 1985",Rambo: First Blood Part II,44000000,150415432,300400000,149984568,106415432,105984568,256400000,0.031,0.031,0.074,Domestic
1329,1329,30,"Oct 18, 1996",Sleepers,44000000,53300852,165600852,112300000,9300852,68300000,121600852,0.003,0.02,0.035,Domestic
1330,1330,31,"Jul 30, 2010",Charlie St. Cloud,44000000,31206263,48478084,17271821,-12793737,-26728179,4478084,-0.004,-0.008,0.001,Domestic
1331,1331,32,"Feb 2, 1996",The Juror,44000000,22730924,22730924,0,-21269076,-44000000,-21269076,-0.006,-0.013,-0.006,Domestic
1332,1332,33,"Feb 6, 2014",The Interview,44000000,6105175,12342632,6237457,-37894825,-37762543,-31657368,-0.011,-0.011,-0.009,Domestic
1333,1333,34,"Nov 19, 1980",Heaven's Gate,44000000,3484331,3484523,192,-40515669,-43999808,-40515477,-0.012,-0.013,-0.012,Domestic
1334,1334,35,"Jun 28, 2013",The Heat,43000000,159581587,229727774,70146187,116581587,27146187,186727774,0.034,0.008,0.054,Domestic
1335,1335,36,"Dec 19, 2000",Finding Forrester,43000000,51768623,80013623,28245000,8768623,-14755000,37013623,0.003,-0.004,0.011,Domestic
1336,1336,37,"Apr 14, 2000",28 Days,43000000,37035515,62063972,25028457,-5964485,-17971543,19063972,-0.002,-0.005,0.006,Domestic
1337,1337,38,"May 13, 2005",Danny the Dog,43000000,24537621,49037621,24500000,-18462379,-18500000,6037621,-0.005,-0.005,0.002,Domestic
1338,1338,39,"Apr 12, 2002",The Sweetest Thing,43000000,24430272,63078756,38648484,-18569728,-4351516,20078756,-0.005,-0.001,0.006,Domestic
1339,1339,40,"Nov 9, 2018",The Girl in the Spiderâs Web,43000000,14828555,34983342,20154787,-28171445,-22845213,-8016658,-0.008,-0.007,-0.002,Domestic
1340,1340,41,"Jan 6, 2017",A Monster Calls,43000000,3740823,46414530,42673707,-39259177,-326293,3414530,-0.011,-0.0,0.001,Domestic
1341,1341,42,"Jan 28, 2011",The Mechanic,42500000,29121498,76347393,47225895,-13378502,4725895,33847393,-0.004,0.001,0.01,Domestic
1342,1342,43,"Jun 30, 1993",The Firm,42000000,158340892,270340892,112000000,116340892,70000000,228340892,0.034,0.02,0.066,Domestic
1343,1343,44,"Mar 16, 2012",21 Jump Street,42000000,138447667,202812429,64364762,96447667,22364762,160812429,0.028,0.006,0.046,Domestic
1344,1344,45,"May 28, 1999",Notting Hill,42000000,116089678,363728085,247638407,74089678,205638407,321728085,0.021,0.059,0.093,Domestic
1345,1345,46,"Jun 21, 2000",Chicken Run,42000000,106793915,227793915,121000000,64793915,79000000,185793915,0.019,0.023,0.054,Domestic
1346,1346,47,"Jan 16, 2004",Along Came Polly,42000000,88073507,173044410,84970903,46073507,42970903,131044410,0.013,0.012,0.038,Domestic
1347,1347,48,"Jul 1, 1992",Boomerang,42000000,70052444,131052444,61000000,28052444,19000000,89052444,0.008,0.005,0.026,Domestic
1348,1348,49,"Jul 10, 2009",BrÃ¼no,42000000,60054530,138708527,78653997,18054530,36653997,96708527,0.005,0.011,0.028,Domestic
1349,1349,50,"Jun 12, 1963",Cleopatra,42000000,57000000,71000000,14000000,15000000,-28000000,29000000,0.004,-0.008,0.008,Domestic
1350,1350,51,"May 12, 2017",Snatched,42000000,45852178,57852177,11999999,3852178,-30000001,15852177,0.001,-0.009,0.005,Domestic
1351,1351,52,"Oct 12, 2012",Here Comes the Boom,42000000,45290318,73239258,27948940,3290318,-14051060,31239258,0.001,-0.004,0.009,Domestic
1352,1352,53,"Apr 5, 2002",High Crimes,42000000,41543207,63781100,22237893,-456793,-19762107,21781100,-0.0,-0.006,0.006,Domestic
1353,1353,54,"Nov 15, 1996",The Mirror Has Two Faces,42000000,41267469,41267469,0,-732531,-42000000,-732531,-0.0,-0.012,-0.0,Domestic
1354,1354,55,"Mar 11, 2011",Red Riding Hood,42000000,37662162,91678442,54016280,-4337838,12016280,49678442,-0.001,0.003,0.014,Domestic
1355,1355,56,"Jan 25, 2002",The Mothman Prophecies,42000000,35228696,56438555,21209859,-6771304,-20790141,14438555,-0.002,-0.006,0.004,Domestic
1356,1356,57,"Jul 14, 1989",Licence to Kill,42000000,34667015,156167015,121500000,-7332985,79500000,114167015,-0.002,0.023,0.033,Domestic
1357,1357,58,"Dec 25, 2018",Holmes & Watson,42000000,30568743,41926605,11357862,-11431257,-30642138,-73395,-0.003,-0.009,-0.0,Domestic
1358,1358,59,"Jan 27, 2012",One for the Money,42000000,26414527,36197221,9782694,-15585473,-32217306,-5802779,-0.005,-0.009,-0.002,Domestic
1359,1359,60,"Mar 9, 2001",15 Minutes,42000000,24375436,56331864,31956428,-17624564,-10043572,14331864,-0.005,-0.003,0.004,Domestic
1360,1360,61,"Sep 16, 2005",Lord of War,42000000,24149632,60437727,36288095,-17850368,-5711905,18437727,-0.005,-0.002,0.005,Domestic
1361,1361,62,"May 28, 1993",Super Mario Bros.,42000000,20844907,20844907,0,-21155093,-42000000,-21155093,-0.006,-0.012,-0.006,Domestic
1362,1362,63,"Oct 2, 1992",Hero,42000000,19487173,66787173,47300000,-22512827,5300000,24787173,-0.007,0.002,0.007,Domestic
1363,1363,64,"Jan 27, 2012",Man on a Ledge,42000000,18620000,49621440,31001440,-23380000,-10998560,7621440,-0.007,-0.003,0.002,Domestic
1364,1364,65,"Dec 3, 2010",The Warrior's Way,42000000,5666340,8514325,2847985,-36333660,-39152015,-33485675,-0.01,-0.011,-0.01,Domestic
1365,1365,66,"Apr 18, 1997",McHale's Navy,42000000,4408420,4408420,0,-37591580,-42000000,-37591580,-0.011,-0.012,-0.011,Domestic
1366,1366,67,"May 28, 2010",Micmacs,42000000,1259693,11756922,10497229,-40740307,-31502771,-30243078,-0.012,-0.009,-0.009,Domestic
1369,1369,70,"Nov 8, 2002",8 Mile,41000000,116724075,245768384,129044309,75724075,88044309,204768384,0.022,0.025,0.059,Domestic
1370,1370,71,"May 31, 2019",Rocketman,41000000,57342725,108642725,51300000,16342725,10300000,67642725,0.005,0.003,0.02,Domestic
1371,1371,72,"May 11, 2001",A Knightâs Tale,41000000,56083966,100622586,44538620,15083966,3538620,59622586,0.004,0.001,0.017,Domestic
1372,1372,73,"Aug 22, 2003",The Medallion,41000000,22108977,22108977,0,-18891023,-41000000,-18891023,-0.005,-0.012,-0.005,Domestic
1373,1373,74,"Oct 14, 2011",The Big Year,41000000,7204138,7684524,480386,-33795862,-40519614,-33315476,-0.01,-0.012,-0.01,Domestic
1374,1374,75,"Aug 6, 1999",The Sixth Sense,40000000,293506292,672806292,379300000,253506292,339300000,632806292,0.073,0.098,0.183,Domestic
1375,1375,76,"Jul 15, 2005",Wedding Crashers,40000000,209218368,283218368,74000000,169218368,34000000,243218368,0.049,0.01,0.07,Domestic
1376,1376,77,"Jun 11, 2010",The Karate Kid,40000000,176591618,351774938,175183320,136591618,135183320,311774938,0.039,0.039,0.09,Domestic
1377,1377,78,"Feb 13, 2015",Fifty Shades of Grey,40000000,166167230,570998101,404830871,126167230,364830871,530998101,0.036,0.105,0.153,Domestic
1378,1378,79,"Jun 19, 2009",The Proposal,40000000,163958031,314709717,150751686,123958031,110751686,274709717,0.036,0.032,0.079,Domestic
1379,1379,80,"Dec 13, 2013",American Hustle,40000000,150117807,257878294,107760487,110117807,67760487,217878294,0.032,0.02,0.063,Domestic
1380,1380,81,"May 17, 2019",John Wick: Chapter 3 â Parabellum,40000000,141744320,256498033,114753713,101744320,74753713,216498033,0.029,0.022,0.063,Domestic
1381,1381,82,"Dec 25, 2003",Cheaper by the Dozen,40000000,138614544,190212113,51597569,98614544,11597569,150212113,0.028,0.003,0.043,Domestic
1382,1382,83,"Jul 25, 2014",Lucy,40000000,126573960,457507776,330933816,86573960,290933816,417507776,0.025,0.084,0.121,Domestic
1383,1383,84,"Dec 25, 2013",Lone Survivor,40000000,125095601,149804632,24709031,85095601,-15290969,109804632,0.025,-0.004,0.032,Domestic
1384,1384,85,"Nov 22, 1989",Back to the Future Part II,40000000,118450002,332000000,213549998,78450002,173549998,292000000,0.023,0.05,0.084,Domestic
1385,1385,86,"Sep 24, 1999",Double Jeopardy,40000000,116735231,177835231,61100000,76735231,21100000,137835231,0.022,0.006,0.04,Domestic
1386,1386,87,"Jul 25, 2003",Spy Kids 3-D: Game Over,40000000,111760631,167851995,56091364,71760631,16091364,127851995,0.021,0.005,0.037,Domestic
1387,1387,88,"Jul 24, 1996",A Time to Kill,40000000,108766007,152266007,43500000,68766007,3500000,112266007,0.02,0.001,0.032,Domestic
1388,1388,89,"Jul 1, 1992",A League of Their Own,40000000,107533925,132440066,24906141,67533925,-15093859,92440066,0.019,-0.004,0.027,Domestic
1389,1389,90,"Jun 10, 2016",The Conjuring 2: The Enfield Poltergeist,40000000,102470008,311262102,208792094,62470008,168792094,271262102,0.018,0.049,0.078,Domestic
1390,1390,91,"Oct 1, 2010",The Social Network,40000000,96962694,224922135,127959441,56962694,87959441,184922135,0.016,0.025,0.053,Domestic
1391,1391,92,"Aug 7, 2009",Julie & Julia,40000000,94125426,126646119,32520693,54125426,-7479307,86646119,0.016,-0.002,0.025,Domestic
1392,1392,93,"Feb 6, 2009",He's Just Not That Into You,40000000,93953653,181053657,87100004,53953653,47100004,141053657,0.016,0.014,0.041,Domestic
1393,1393,94,"Feb 10, 2017",John Wick: Chapter Two,40000000,92029184,171350009,79320825,52029184,39320825,131350009,0.015,0.011,0.038,Domestic
1394,1394,95,"Jan 15, 2016",Ride Along 2,40000000,90862685,124827316,33964631,50862685,-6035369,84827316,0.015,-0.002,0.024,Domestic
1395,1395,96,"Apr 14, 2006",Scary Movie 4,40000000,90710620,178710620,88000000,50710620,48000000,138710620,0.015,0.014,0.04,Domestic
1396,1396,97,"Mar 27, 2015",Get Hard,40000000,90411453,106511453,16100000,50411453,-23900000,66511453,0.015,-0.007,0.019,Domestic
1397,1397,98,"Feb 4, 2000",Scream 3,40000000,89138076,161838076,72700000,49138076,32700000,121838076,0.014,0.009,0.035,Domestic
1398,1398,99,"May 24, 1990",Back to the Future Part III,40000000,88055283,244088654,156033371,48055283,116033371,204088654,0.014,0.034,0.059,Domestic
1399,1399,100,"Oct 14, 2016",The Accountant,40000000,86260045,152962083,66702038,46260045,26702038,112962083,0.013,0.008,0.033,Domestic
1400,1400,1,"Nov 14, 2014",Dumb and Dumber To,40000000,86208010,156553592,70345582,46208010,30345582,116553592,0.013,0.009,0.034,Domestic
1401,1401,2,"Apr 25, 2014",The Other Woman,40000000,83911193,195111193,111200000,43911193,71200000,155111193,0.013,0.021,0.045,Domestic
1402,1402,3,"Nov 13, 1992",Bram Stoker's Dracula,40000000,82522790,215862692,133339902,42522790,93339902,175862692,0.012,0.027,0.051,Domestic
1403,1403,4,"Feb 17, 2006",Eight Below,40000000,81612565,120455994,38843429,41612565,-1156571,80455994,0.012,-0.0,0.023,Domestic
1404,1404,5,"Dec 24, 1999",The Talented Mr. Ripley,40000000,81292135,128792135,47500000,41292135,7500000,88792135,0.012,0.002,0.026,Domestic
1405,1405,6,"Sep 25, 2015",The Intern,40000000,75764672,197115710,121351038,35764672,81351038,157115710,0.01,0.023,0.045,Domestic
1406,1406,7,"Sep 25, 1992",The Last of the Mohicans,40000000,75505856,75505856,0,35505856,-40000000,35505856,0.01,-0.012,0.01,Domestic
1407,1407,8,"Oct 29, 2004",Ray,40000000,75305995,124823094,49517099,35305995,9517099,84823094,0.01,0.003,0.024,Domestic
1408,1408,9,"Apr 1, 2005",Sin City,40000000,74103820,158527918,84424098,34103820,44424098,118527918,0.01,0.013,0.034,Domestic
1409,1409,10,"Oct 16, 2015",Bridge of Spies,40000000,72313754,162498338,90184584,32313754,50184584,122498338,0.009,0.014,0.035,Domestic
1410,1410,11,"Feb 22, 2008",Vantage Point,40000000,72266306,150886329,78620023,32266306,38620023,110886329,0.009,0.011,0.032,Domestic
1411,1411,12,"Mar 20, 2009","I Love You, Man",40000000,72013010,92302502,20289492,32013010,-19710508,52302502,0.009,-0.006,0.015,Domestic
1412,1412,13,"Nov 9, 2001",Shallow Hal,40000000,70836296,70836296,0,30836296,-40000000,30836296,0.009,-0.012,0.009,Domestic
1413,1413,14,"Dec 20, 1991",JFK,40000000,70405498,205400000,134994502,30405498,94994502,165400000,0.009,0.027,0.048,Domestic
1414,1414,15,"Jan 27, 2006",Big Momma's House 2,40000000,70165972,137047376,66881404,30165972,26881404,97047376,0.009,0.008,0.028,Domestic
1415,1415,16,"Sep 21, 2018",The House with a Clock in its Walls,40000000,68549695,126331750,57782055,28549695,17782055,86331750,0.008,0.005,0.025,Domestic
1416,1416,17,"Nov 4, 2016",Hacksaw Ridge,40000000,67209615,168904682,101695067,27209615,61695067,128904682,0.008,0.018,0.037,Domestic
1417,1417,18,"Mar 2, 2001",The Mexican,40000000,66808615,145238250,78429635,26808615,38429635,105238250,0.008,0.011,0.03,Domestic
1418,1418,19,"Aug 28, 2009",The Final Destination,40000000,66477700,187384627,120906927,26477700,80906927,147384627,0.008,0.023,0.043,Domestic
1419,1419,20,"Apr 17, 2009",17 Again,40000000,64167069,139474906,75307837,24167069,35307837,99474906,0.007,0.01,0.029,Domestic
1420,1420,21,"Feb 18, 2011",Unknown,40000000,63686397,136123083,72436686,23686397,32436686,96123083,0.007,0.009,0.028,Domestic
1421,1421,22,"Jun 4, 2010",Get Him to the Greek,40000000,61153526,91455875,30302349,21153526,-9697651,51455875,0.006,-0.003,0.015,Domestic
1422,1422,23,"Nov 21, 2003",Gothika,40000000,59588068,141484812,81896744,19588068,41896744,101484812,0.006,0.012,0.029,Domestic
1423,1423,24,"Nov 30, 2001",Behind Enemy Lines,40000000,58855732,58855732,0,18855732,-40000000,18855732,0.005,-0.012,0.005,Domestic
1424,1424,25,"Mar 18, 2011",The Lincoln Lawyer,40000000,58009200,87145086,29135886,18009200,-10864114,47145086,0.005,-0.003,0.014,Domestic
1425,1425,26,"Oct 15, 2004",Shall We Dance?,40000000,57887882,118097882,60210000,17887882,20210000,78097882,0.005,0.006,0.023,Domestic
1426,1426,27,"Aug 25, 2006",Invincible,40000000,57806952,58501127,694175,17806952,-39305825,18501127,0.005,-0.011,0.005,Domestic
1427,1427,28,"Feb 15, 2013",Escape From Planet Earth,40000000,57012977,74156610,17143633,17012977,-22856367,34156610,0.005,-0.007,0.01,Domestic
1428,1428,29,"Jul 10, 1998",Small Soldiers,40000000,55143823,71743823,16600000,15143823,-23400000,31743823,0.004,-0.007,0.009,Domestic
1429,1429,30,"Jul 31, 1997",Spawn,40000000,54979992,87949859,32969867,14979992,-7030133,47949859,0.004,-0.002,0.014,Domestic
1430,1430,31,"Nov 26, 2014",Horrible Bosses 2,40000000,54445357,105945357,51500000,14445357,11500000,65945357,0.004,0.003,0.019,Domestic
1431,1431,32,"Jan 25, 2002",The Count of Monte Cristo,40000000,54228104,75389090,21160986,14228104,-18839014,35389090,0.004,-0.005,0.01,Domestic
1432,1432,33,"Oct 20, 2006",The Prestige,40000000,53089891,104407366,51317475,13089891,11317475,64407366,0.004,0.003,0.019,Domestic
1433,1433,34,"Jun 16, 2006",The Lake House,40000000,52330111,114830111,62500000,12330111,22500000,74830111,0.004,0.006,0.022,Domestic
1434,1434,35,"Jul 9, 2010",Predators,40000000,52000688,127234389,75233701,12000688,35233701,87234389,0.003,0.01,0.025,Domestic
1435,1435,36,"Aug 15, 2012",The Odd Life of Timothy Green,40000000,51853450,55249159,3395709,11853450,-36604291,15249159,0.003,-0.011,0.004,Domestic
1436,1436,37,"Jul 31, 1987",The Living Daylights,40000000,51185000,191200000,140015000,11185000,100015000,151200000,0.003,0.029,0.044,Domestic
1437,1437,38,"Dec 8, 2006",Apocalypto,40000000,50866635,121032272,70165637,10866635,30165637,81032272,0.003,0.009,0.023,Domestic
1438,1438,39,"Feb 14, 2007",Music and Lyrics,40000000,50572589,146196885,95624296,10572589,55624296,106196885,0.003,0.016,0.031,Domestic
1439,1439,40,"Jun 18, 1986",Legal Eagles,40000000,49851591,49851591,0,9851591,-40000000,9851591,0.003,-0.012,0.003,Domestic
1440,1440,41,"Mar 12, 2004",Secret Window,40000000,47958031,92111551,44153520,7958031,4153520,52111551,0.002,0.001,0.015,Domestic
1441,1441,42,"Aug 12, 2005",The Skeleton Key,40000000,47907715,92256918,44349203,7907715,4349203,52256918,0.002,0.001,0.015,Domestic
1442,1442,43,"Jun 20, 2014",Jersey Boys,40000000,47047013,65282732,18235719,7047013,-21764281,25282732,0.002,-0.006,0.007,Domestic
1443,1443,44,"May 2, 2008",Made of Honor,40000000,46012734,106548738,60536004,6012734,20536004,66548738,0.002,0.006,0.019,Domestic
1444,1444,45,"Nov 21, 1997",The Rainmaker,40000000,45916769,45916769,0,5916769,-40000000,5916769,0.002,-0.012,0.002,Domestic
1445,1445,46,"Feb 7, 1992",Medicine Man,40000000,44948240,44948240,0,4948240,-40000000,4948240,0.001,-0.012,0.001,Domestic
1446,1446,47,"Dec 12, 1997",Amistad,40000000,44212592,58250151,14037559,4212592,-25962441,18250151,0.001,-0.007,0.005,Domestic
1447,1447,48,"May 30, 2014",A Million Ways to Die in The West,40000000,42720965,86778557,44057592,2720965,4057592,46778557,0.001,0.001,0.014,Domestic
1448,1448,49,"Aug 12, 2011",Final Destination 5,40000000,42587643,155011165,112423522,2587643,72423522,115011165,0.001,0.021,0.033,Domestic
1449,1449,50,"Nov 16, 2018",Widows,40000000,42402632,73866088,31463456,2402632,-8536544,33866088,0.001,-0.002,0.01,Domestic
1450,1450,51,"Apr 8, 2005",Fever Pitch,40000000,42071069,50071069,8000000,2071069,-32000000,10071069,0.001,-0.009,0.003,Domestic
1451,1451,52,"Dec 25, 2007",Aliens vs. Predator - Requiem,40000000,41797066,128884494,87087428,1797066,47087428,88884494,0.001,0.014,0.026,Domestic
1452,1452,53,"Dec 25, 2007",The Water Horse: Legend of the Deep,40000000,40412817,103429755,63016938,412817,23016938,63429755,0.0,0.007,0.018,Domestic
1453,1453,54,"Jul 18, 2014",Sex Tape,40000000,38543473,126069509,87526036,-1456527,47526036,86069509,-0.0,0.014,0.025,Domestic
1454,1454,55,"Apr 15, 2011",Scream 4,40000000,38180928,95989590,57808662,-1819072,17808662,55989590,-0.001,0.005,0.016,Domestic
1455,1455,56,"Dec 21, 1994",Ri¢hie Ri¢h,40000000,38087756,38087756,0,-1912244,-40000000,-1912244,-0.001,-0.012,-0.001,Domestic
1456,1456,57,"Aug 11, 2000",Autumn in New York,40000000,37752931,90717684,52964753,-2247069,12964753,50717684,-0.001,0.004,0.015,Domestic
1457,1457,58,"Mar 18, 2011",Paul,40000000,37412945,101162106,63749161,-2587055,23749161,61162106,-0.001,0.007,0.018,Domestic
1458,1458,59,"Dec 19, 2012",The Guilt Trip,40000000,37134215,41294674,4160459,-2865785,-35839541,1294674,-0.001,-0.01,0.0,Domestic
1459,1459,60,"Aug 26, 2011",Colombiana,40000000,36665854,72295262,35629408,-3334146,-4370592,32295262,-0.001,-0.001,0.009,Domestic
1460,1460,61,"Feb 26, 1999",8MM,40000000,36443442,96398826,59955384,-3556558,19955384,56398826,-0.001,0.006,0.016,Domestic
1461,1461,62,"Jan 12, 2018",The Commuter,40000000,36343858,101985431,65641573,-3656142,25641573,61985431,-0.001,0.007,0.018,Domestic
1462,1462,63,"Feb 18, 2000",Hanging Up,40000000,36037909,51867723,15829814,-3962091,-24170186,11867723,-0.001,-0.007,0.003,Domestic
1463,1463,64,"Mar 1, 1991",The Doors,40000000,34416893,34416893,0,-5583107,-40000000,-5583107,-0.002,-0.012,-0.002,Domestic
1464,1464,65,"Aug 20, 1999",Mickey Blue Eyes,40000000,33864342,53864342,20000000,-6135658,-20000000,13864342,-0.002,-0.006,0.004,Domestic
1465,1465,66,"Oct 20, 2000",Pay it Forward,40000000,33508922,55696705,22187783,-6491078,-17812217,15696705,-0.002,-0.005,0.005,Domestic
1466,1466,67,"Apr 8, 2011",Arthur,40000000,33035397,47787943,14752546,-6964603,-25247454,7787943,-0.002,-0.007,0.002,Domestic
1467,1467,68,"Mar 21, 2008",Drillbit Taylor,40000000,32862104,49686263,16824159,-7137896,-23175841,9686263,-0.002,-0.007,0.003,Domestic
1468,1468,69,"Dec 21, 2016",Patriots Day,40000000,31886361,52837989,20951628,-8113639,-19048372,12837989,-0.002,-0.005,0.004,Domestic
1469,1469,70,"Dec 25, 2011",Extremely Loud and Incredibly Close,40000000,31847881,55247881,23400000,-8152119,-16600000,15247881,-0.002,-0.005,0.004,Domestic
1470,1470,71,"Jul 1, 1994",The Shadow,40000000,31835600,31835600,0,-8164400,-40000000,-8164400,-0.002,-0.012,-0.002,Domestic
1471,1471,72,"Nov 26, 2008",Transporter 3,40000000,31715062,107235592,75520530,-8284938,35520530,67235592,-0.002,0.01,0.019,Domestic
1472,1472,73,"Nov 10, 2010",Morning Glory,40000000,31011732,59795070,28783338,-8988268,-11216662,19795070,-0.003,-0.003,0.006,Domestic
1473,1473,74,"Nov 9, 2005",Get Rich or Die Tryin',40000000,30981850,46666955,15685105,-9018150,-24314895,6666955,-0.003,-0.007,0.002,Domestic
1474,1474,75,"May 3, 2019",Long Shot,40000000,30202860,43711031,13508171,-9797140,-26491829,3711031,-0.003,-0.008,0.001,Domestic
1475,1475,76,"Aug 25, 2000",The Art of War,40000000,30199105,30199105,0,-9800895,-40000000,-9800895,-0.003,-0.012,-0.003,Domestic
1476,1476,77,"Dec 25, 2013",Grudge Match,40000000,29807260,69807260,40000000,-10192740,0,29807260,-0.003,0.0,0.009,Domestic
1477,1477,78,"Aug 11, 2000",Bless the Child,40000000,29374178,40435694,11061516,-10625822,-28938484,435694,-0.003,-0.008,0.0,Domestic
1478,1478,79,"Nov 23, 2005",Rent,40000000,29077547,31670620,2593073,-10922453,-37406927,-8329380,-0.003,-0.011,-0.002,Domestic
1479,1479,80,"Apr 2, 1999",The Out-of-Towners,40000000,28544120,28544120,0,-11455880,-40000000,-11455880,-0.003,-0.012,-0.003,Domestic
1480,1480,81,"Aug 11, 2017",The Nut Job 2: Nutty by Nature,40000000,28370522,57438389,29067867,-11629478,-10932133,17438389,-0.003,-0.003,0.005,Domestic
1481,1481,82,"Aug 23, 1996",The Island of Dr. Moreau,40000000,27682712,27682712,0,-12317288,-40000000,-12317288,-0.004,-0.012,-0.004,Domestic
1482,1482,83,"Sep 7, 2001",The Musketeer,40000000,27053815,27053815,0,-12946185,-40000000,-12946185,-0.004,-0.012,-0.004,Domestic
1483,1483,84,"Jan 27, 2017",Resident Evil: The Final Chapter,40000000,26844692,314101190,287256498,-13155308,247256498,274101190,-0.004,0.071,0.079,Domestic
1484,1484,85,"Feb 29, 2008",The Other Boleyn Girl,40000000,26814957,78269970,51455013,-13185043,11455013,38269970,-0.004,0.003,0.011,Domestic
1485,1485,86,"Jun 30, 2017",The House,40000000,25584504,31192425,5607921,-14415496,-34392079,-8807575,-0.004,-0.01,-0.003,Domestic
1486,1486,87,"Feb 16, 2001",Sweet November,40000000,25288103,65754228,40466125,-14711897,466125,25754228,-0.004,0.0,0.007,Domestic
1487,1487,88,"Apr 5, 2007",The Reaping,40000000,25126214,62226214,37100000,-14873786,-2900000,22226214,-0.004,-0.001,0.006,Domestic
1488,1488,89,"Jan 7, 2011",Season of the Witch,40000000,24827228,91126600,66299372,-15172772,26299372,51126600,-0.004,0.008,0.015,Domestic
1489,1489,90,"Jun 3, 1994",Renaissance Man,40000000,24172899,24172899,0,-15827101,-40000000,-15827101,-0.005,-0.012,-0.005,Domestic
1490,1490,91,"May 15, 1998",Quest for Camelot,40000000,22772500,38172500,15400000,-17227500,-24600000,-1827500,-0.005,-0.007,-0.001,Domestic
1491,1491,92,"Sep 6, 2002",City by the Sea,40000000,22433915,22433915,0,-17566085,-40000000,-17566085,-0.005,-0.012,-0.005,Domestic
1492,1492,93,"Jan 15, 1999",At First Sight,40000000,22365133,22365133,0,-17634867,-40000000,-17634867,-0.005,-0.012,-0.005,Domestic
1493,1493,94,"Aug 26, 2016",Mechanic: Resurrection,40000000,21218403,109738840,88520437,-18781597,48520437,69738840,-0.005,0.014,0.02,Domestic
1494,1494,95,"Jan 16, 2004",Torque,40000000,21176322,46176322,25000000,-18823678,-15000000,6176322,-0.005,-0.004,0.002,Domestic
1495,1495,96,"Nov 13, 2009",Fantastic Mr. Fox,40000000,21002919,47083412,26080493,-18997081,-13919507,7083412,-0.005,-0.004,0.002,Domestic
1496,1496,97,"Sep 22, 1995",Showgirls,40000000,20350754,37750754,17400000,-19649246,-22600000,-2249246,-0.006,-0.007,-0.001,Domestic
1497,1497,98,"Feb 16, 1996",City Hall,40000000,20278055,20278055,0,-19721945,-40000000,-19721945,-0.006,-0.012,-0.006,Domestic
1498,1498,99,"Feb 3, 2012",Big Miracle,40000000,20157300,25268680,5111380,-19842700,-34888620,-14731320,-0.006,-0.01,-0.004,Domestic
1499,1499,100,"Dec 21, 2012",The Impossible,40000000,19019882,169590606,150570724,-20980118,110570724,129590606,-0.006,0.032,0.037,Domestic
1500,1500,1,"Mar 9, 2012",A Thousand Words,40000000,18450127,20790486,2340359,-21549873,-37659641,-19209514,-0.006,-0.011,-0.006,Domestic
1501,1501,2,"Oct 20, 2006",Marie Antoinette,40000000,15962471,60862471,44900000,-24037529,4900000,20862471,-0.007,0.001,0.006,Domestic
1502,1502,3,"Oct 6, 2000",Get Carter,40000000,14967182,19417182,4450000,-25032818,-35550000,-20582818,-0.007,-0.01,-0.006,Domestic
1503,1503,4,"Apr 21, 1995",Kiss of Death,40000000,14942422,14942422,0,-25057578,-40000000,-25057578,-0.007,-0.012,-0.007,Domestic
1504,1504,5,"Apr 26, 2002","Life, or Something Like It",40000000,14448589,14448589,0,-25551411,-40000000,-25551411,-0.007,-0.012,-0.007,Domestic
1505,1505,6,"May 15, 1987",Ishtar,40000000,14375181,14375181,0,-25624819,-40000000,-25624819,-0.007,-0.012,-0.007,Domestic
1506,1506,7,"Feb 28, 1992",Memoirs of an Invisible Man,40000000,14358033,14358033,0,-25641967,-40000000,-25641967,-0.007,-0.012,-0.007,Domestic
1507,1507,8,"Oct 23, 2009",Amelia,40000000,14279575,19756077,5476502,-25720425,-34523498,-20243923,-0.007,-0.01,-0.006,Domestic
1508,1508,9,"Oct 23, 2009",Cirque du Freak: The Vampire's Assistant,40000000,14046595,39753957,25707362,-25953405,-14292638,-246043,-0.007,-0.004,-0.0,Domestic
1509,1509,10,"May 7, 2004",New York Minute,40000000,14018364,21215882,7197518,-25981636,-32802482,-18784118,-0.008,-0.009,-0.005,Domestic
1510,1510,11,"Mar 12, 1999",The Deep End of the Ocean,40000000,13508635,13508635,0,-26491365,-40000000,-26491365,-0.008,-0.012,-0.008,Domestic
1511,1511,12,"Nov 5, 2004",Alfie,40000000,13395939,35195939,21800000,-26604061,-18200000,-4804061,-0.008,-0.005,-0.001,Domestic
1512,1512,13,"Aug 30, 2002",FearDotCom,40000000,13208023,13208023,0,-26791977,-40000000,-26791977,-0.008,-0.012,-0.008,Domestic
1513,1513,14,"Nov 7, 2008",Soul Men,40000000,12082391,12345883,263492,-27917609,-39736508,-27654117,-0.008,-0.011,-0.008,Domestic
1514,1514,15,"Mar 20, 2015",The Gunman,40000000,10664749,18594227,7929478,-29335251,-32070522,-21405773,-0.008,-0.009,-0.006,Domestic
1515,1515,16,"Aug 20, 1999",Universal Soldier II: The Return,40000000,10447421,10717421,270000,-29552579,-39730000,-29282579,-0.009,-0.011,-0.008,Domestic
1516,1516,17,"Sep 25, 2009",Pandorum,40000000,10330853,17033431,6702578,-29669147,-33297422,-22966569,-0.009,-0.01,-0.007,Domestic
1517,1517,18,"Sep 26, 2003",Duplex,40000000,9652000,10070651,418651,-30348000,-39581349,-29929349,-0.009,-0.011,-0.009,Domestic
1518,1518,19,"Aug 16, 2013",Paranoia,40000000,7388654,16340767,8952113,-32611346,-31047887,-23659233,-0.009,-0.009,-0.007,Domestic
1519,1519,20,"Aug 1, 1980",Raise the Titanic,40000000,7000000,7000000,0,-33000000,-40000000,-33000000,-0.01,-0.012,-0.01,Domestic
1520,1520,21,"Jul 10, 2015",Baahubali: The Beginning,40000000,6738000,26736665,19998665,-33262000,-20001335,-13263335,-0.01,-0.006,-0.004,Domestic
1521,1521,22,"Mar 9, 2018",The Hurricane Heist,40000000,6115824,30963684,24847860,-33884176,-15152140,-9036316,-0.01,-0.004,-0.003,Domestic
1522,1522,23,"Jan 4, 2002",Impostor,40000000,6114237,7974607,1860370,-33885763,-38139630,-32025393,-0.01,-0.011,-0.009,Domestic
1523,1523,24,"Nov 25, 2015",Victor Frankenstein,40000000,5775076,31124367,25349291,-34224924,-14650709,-8875633,-0.01,-0.004,-0.003,Domestic
1524,1524,25,"Nov 27, 2002",Extreme Ops,40000000,4835968,12624471,7788503,-35164032,-32211497,-27375529,-0.01,-0.009,-0.008,Domestic
1525,1525,26,"Apr 6, 2001",Just Visiting,40000000,4777007,16172200,11395193,-35222993,-28604807,-23827800,-0.01,-0.008,-0.007,Domestic
1526,1526,27,"Jun 27, 2014",Snowpiercer,40000000,4563029,88069880,83506851,-35436971,43506851,48069880,-0.01,0.013,0.014,Domestic
1527,1527,28,"Jul 20, 2007",Sunshine,40000000,3688560,32030610,28342050,-36311440,-11657950,-7969390,-0.01,-0.003,-0.002,Domestic
1528,1528,29,"Mar 11, 1994",The Hudsucker Proxy,40000000,2816518,14938149,12121631,-37183482,-27878369,-25061851,-0.011,-0.008,-0.007,Domestic
1529,1529,30,"Nov 11, 2016",Billy Lynnâs Long Halftime Walk,40000000,1738477,30230402,28491925,-38261523,-11508075,-9769598,-0.011,-0.003,-0.003,Domestic
1530,1530,31,"Jul 1, 1986",Pirates,40000000,1641825,6341825,4700000,-38358175,-35300000,-33658175,-0.011,-0.01,-0.01,Domestic
1531,1531,32,"Dec 12, 2008",Delgo,40000000,915840,915840,0,-39084160,-40000000,-39084160,-0.011,-0.012,-0.011,Domestic
1532,1532,33,"Sep 7, 2007",The Hunting Party,40000000,876671,7729552,6852881,-39123329,-33147119,-32270448,-0.011,-0.01,-0.009,Domestic
1533,1533,34,"Oct 13, 2006",Alex Rider: Operation Stormbreaker,40000000,659210,20722450,20063240,-39340790,-19936760,-19277550,-0.011,-0.006,-0.006,Domestic
1534,1534,35,"Nov 20, 2009",Red Cliff,40000000,627047,119627047,119000000,-39372953,79000000,79627047,-0.011,0.023,0.023,Domestic
1535,1535,36,"Sep 24, 2004",The Last Shot,40000000,463730,463730,0,-39536270,-40000000,-39536270,-0.011,-0.012,-0.011,Domestic
1536,1536,37,"Mar 16, 2007",Nomad,40000000,79123,79123,0,-39920877,-40000000,-39920877,-0.012,-0.012,-0.012,Domestic
1544,1544,45,"Aug 14, 2009",The Time Traveler's Wife,39000000,63414846,102332135,38917289,24414846,-82711,63332135,0.007,-0.0,0.018,Domestic
1545,1545,46,"Jun 17, 1983",Superman III,39000000,59950623,59950623,0,20950623,-39000000,20950623,0.006,-0.011,0.006,Domestic
1546,1546,47,"Feb 2, 2007",Because I Said So,39000000,42674040,69538833,26864793,3674040,-12135207,30538833,0.001,-0.004,0.009,Domestic
1547,1547,48,"Oct 5, 2012",Frankenweenie,39000000,35287788,81150788,45863000,-3712212,6863000,42150788,-0.001,0.002,0.012,Domestic
1548,1548,49,"Mar 29, 1996",Sgt. Bilko,39000000,30356589,37956589,7600000,-8643411,-31400000,-1043411,-0.002,-0.009,-0.0,Domestic
1549,1549,50,"Sep 30, 2005",Serenity,39000000,25514517,40319440,14804923,-13485483,-24195077,1319440,-0.004,-0.007,0.0,Domestic
1550,1550,51,"Sep 7, 2007",Shoot 'Em Up,39000000,12796824,26796824,14000000,-26203176,-25000000,-12203176,-0.008,-0.007,-0.004,Domestic
1551,1551,52,"Feb 20, 2004",Against the Ropes,39000000,5881504,6429865,548361,-33118496,-38451639,-32570135,-0.01,-0.011,-0.009,Domestic
1552,1552,53,"Aug 23, 2013",Yi dai zong shi,38600000,6594959,57987299,51392340,-32005041,12792340,19387299,-0.009,0.004,0.006,Domestic
1553,1553,54,"Jun 22, 2001",The Fast and the Furious,38000000,144512310,206512310,62000000,106512310,24000000,168512310,0.031,0.007,0.049,Domestic
1554,1554,55,"Sep 27, 2002",Sweet Home Alabama,38000000,127214072,182365114,55151042,89214072,17151042,144365114,0.026,0.005,0.042,Domestic
1555,1555,56,"Jul 24, 2009",The Ugly Truth,38000000,88915214,205298907,116383693,50915214,78383693,167298907,0.015,0.023,0.048,Domestic
1556,1556,57,"Aug 7, 2002",Spy Kids 2: The Island of Lost Dreams,38000000,85846296,119721296,33875000,47846296,-4125000,81721296,0.014,-0.001,0.024,Domestic
1557,1557,58,"Nov 18, 1994",Star Trek: Generations,38000000,75671262,120000000,44328738,37671262,6328738,82000000,0.011,0.002,0.024,Domestic
1558,1558,59,"Jun 2, 2017",Captain Underpants: The First Epic Movie,38000000,73921000,126577874,52656874,35921000,14656874,88577874,0.01,0.004,0.026,Domestic
1559,1559,60,"Apr 17, 2015",Paul Blart: Mall Cop 2,38000000,71091594,107650646,36559052,33091594,-1440948,69650646,0.01,-0.0,0.02,Domestic
1560,1560,61,"Dec 19, 1997",Mouse Hunt,38000000,61894591,61894591,0,23894591,-38000000,23894591,0.007,-0.011,0.007,Domestic
1561,1561,62,"Dec 23, 2016",Why Him?,38000000,60323786,117425156,57101370,22323786,19101370,79425156,0.006,0.006,0.023,Domestic
1562,1562,63,"Apr 22, 2011",Water for Elephants,38000000,58709717,116809717,58100000,20709717,20100000,78809717,0.006,0.006,0.023,Domestic
1563,1563,64,"Oct 8, 2010",Life as We Know It,38000000,53374681,105887837,52513156,15374681,14513156,67887837,0.004,0.004,0.02,Domestic
1564,1564,65,"Dec 29, 1999",The Hurricane,38000000,50699241,73956241,23257000,12699241,-14743000,35956241,0.004,-0.004,0.01,Domestic
1565,1565,66,"Sep 6, 2013",Riddick,38000000,42025135,94763758,52738623,4025135,14738623,56763758,0.001,0.004,0.016,Domestic
1566,1566,67,"Mar 23, 2001",Heartbreakers,38000000,40334024,57753825,17419801,2334024,-20580199,19753825,0.001,-0.006,0.006,Domestic
1567,1567,68,"May 24, 2002",Enough,38000000,39177215,50970660,11793445,1177215,-26206555,12970660,0.0,-0.008,0.004,Domestic
1568,1568,69,"Jan 22, 2016",The 5th Wave,38000000,34912982,111336398,76423416,-3087018,38423416,73336398,-0.001,0.011,0.021,Domestic
1569,1569,70,"Feb 6, 2009",Push,38000000,31811527,49678401,17866874,-6188473,-20133126,11678401,-0.002,-0.006,0.003,Domestic
1570,1570,71,"Sep 20, 2013",Rush,38000000,26947624,98230839,71283215,-11052376,33283215,60230839,-0.003,0.01,0.017,Domestic
1571,1571,72,"May 18, 2001",Angel Eyes,38000000,24044532,29544532,5500000,-13955468,-32500000,-8455468,-0.004,-0.009,-0.002,Domestic
1572,1572,73,"Dec 21, 2001",Joe Somebody,38000000,22770864,24515990,1745126,-15229136,-36254874,-13484010,-0.004,-0.01,-0.004,Domestic
1573,1573,74,"Mar 10, 2000",The Ninth Gate,38000000,18653746,58394308,39740562,-19346254,1740562,20394308,-0.006,0.001,0.006,Domestic
1574,1574,75,"Oct 20, 2017",Only the Brave,38000000,18340051,24555177,6215126,-19659949,-31784874,-13444823,-0.006,-0.009,-0.004,Domestic
1575,1575,76,"Sep 27, 1996",Extreme Measures,38000000,17378193,17378193,0,-20621807,-38000000,-20621807,-0.006,-0.011,-0.006,Domestic
1576,1576,77,"Oct 14, 2011",The Thing,38000000,16999934,27573078,10573144,-21000066,-27426856,-10426922,-0.006,-0.008,-0.003,Domestic
1577,1577,78,"Sep 7, 2001",Rock Star,38000000,16991902,19317765,2325863,-21008098,-35674137,-18682235,-0.006,-0.01,-0.005,Domestic
1578,1578,79,"Feb 2, 1996",White Squall,38000000,10229300,10229300,0,-27770700,-38000000,-27770700,-0.008,-0.011,-0.008,Domestic
1579,1579,80,"Oct 10, 2008",City of Ember,38000000,7873007,17831558,9958551,-30126993,-28041449,-20168442,-0.009,-0.008,-0.006,Domestic
1580,1580,81,"Oct 31, 1997",Switchback,38000000,6504442,6504442,0,-31495558,-38000000,-31495558,-0.009,-0.011,-0.009,Domestic
1581,1581,82,"Sep 21, 2018",The Sisters Brothers,38000000,3143056,13143056,10000000,-34856944,-28000000,-24856944,-0.01,-0.008,-0.007,Domestic
1582,1582,83,"Nov 30, 2001",Texas Rangers,38000000,623374,623374,0,-37376626,-38000000,-37376626,-0.011,-0.011,-0.011,Domestic
1584,1584,85,"Jan 11, 2019",The Upside,37500000,108235497,119024536,10789039,70735497,-26710961,81524536,0.02,-0.008,0.024,Domestic
1585,1585,86,"May 18, 2012",What to Expect When You're Expecting,37500000,41152203,88473016,47320813,3652203,9820813,50973016,0.001,0.003,0.015,Domestic
1586,1586,87,"Sep 14, 2012",The Master,37500000,16247159,50647416,34400257,-21252841,-3099743,13147416,-0.006,-0.001,0.004,Domestic
1587,1587,88,"Oct 10, 2008",The Express,37500000,9793406,9813309,19903,-27706594,-37480097,-27686691,-0.008,-0.011,-0.008,Domestic
1588,1588,89,"Nov 21, 2008",Twilight,37000000,192769854,402280159,209510305,155769854,172510305,365280159,0.045,0.05,0.105,Domestic
1589,1589,90,"Aug 7, 2013",We're the Millers,37000000,150394119,267816276,117422157,113394119,80422157,230816276,0.033,0.023,0.067,Domestic
1590,1590,91,"Nov 25, 2015",Creed,37000000,109767581,173567581,63800000,72767581,26800000,136567581,0.021,0.008,0.039,Domestic
1591,1591,92,"Sep 17, 2010",The Town,37000000,92186262,152566881,60380619,55186262,23380619,115566881,0.016,0.007,0.033,Domestic
1592,1592,93,"Sep 23, 2011",Dolphin Tale,37000000,72286779,96068724,23781945,35286779,-13218055,59068724,0.01,-0.004,0.017,Domestic
1593,1593,94,"Feb 23, 2018",Game Night,37000000,69179066,117378084,48199018,32179066,11199018,80378084,0.009,0.003,0.023,Domestic
1594,1594,95,"Sep 12, 2008",Burn After Reading,37000000,60355347,168167798,107812451,23355347,70812451,131167798,0.007,0.02,0.038,Domestic
1595,1595,96,"Apr 23, 2004",13 Going On 30,37000000,57139723,97658712,40518989,20139723,3518989,60658712,0.006,0.001,0.018,Domestic
1596,1596,97,"Apr 4, 2008",Nim's Island,37000000,48006762,101857425,53850663,11006762,16850663,64857425,0.003,0.005,0.019,Domestic
1597,1597,98,"Feb 12, 2016",How to be Single,37000000,46843513,100003780,53160267,9843513,16160267,63003780,0.003,0.005,0.018,Domestic
1598,1598,99,"Feb 26, 2010",Cop Out,37000000,44875481,55909910,11034429,7875481,-25965571,18909910,0.002,-0.007,0.005,Domestic
1599,1599,100,"Jan 28, 2011",The Rite,37000000,33047633,97143987,64096354,-3952367,27096354,60143987,-0.001,0.008,0.017,Domestic
1600,1600,1,"Jul 18, 2008",Space Chimps,37000000,30105968,67029956,36923988,-6894032,-76012,30029956,-0.002,-0.0,0.009,Domestic
1601,1601,2,"Dec 17, 1999",Magnolia,37000000,22450975,48446802,25995827,-14549025,-11004173,11446802,-0.004,-0.003,0.003,Domestic
1602,1602,3,"May 29, 2015",Aloha,37000000,21052030,25387091,4335061,-15947970,-32664939,-11612909,-0.005,-0.009,-0.003,Domestic
1604,1604,5,"Oct 5, 2018",A Star is Born,36000000,215288866,433449571,218160705,179288866,182160705,397449571,0.052,0.053,0.115,Domestic
1605,1605,6,"Feb 11, 2011",Gnomeo and Juliet,36000000,99967670,193737977,93770307,63967670,57770307,157737977,0.018,0.017,0.046,Domestic
1606,1606,7,"Feb 15, 2002",John Q,36000000,71026631,102226631,31200000,35026631,-4800000,66226631,0.01,-0.001,0.019,Domestic
1607,1607,8,"Sep 17, 1999",Blue Streak,36000000,68208190,117448157,49239967,32208190,13239967,81448157,0.009,0.004,0.024,Domestic
1608,1608,9,"Oct 7, 1983",Never Say Never Again,36000000,55500000,160000000,104500000,19500000,68500000,124000000,0.006,0.02,0.036,Domestic
1609,1609,10,"Mar 26, 2010",Hot Tub Time Machine,36000000,50269859,65967750,15697891,14269859,-20302109,29967750,0.004,-0.006,0.009,Domestic
1610,1610,11,"May 2, 1997",Breakdown,36000000,50159144,50159144,0,14159144,-36000000,14159144,0.004,-0.01,0.004,Domestic
1611,1611,12,"Sep 12, 2014",Dolphin Tale 2,36000000,42024533,57824533,15800000,6024533,-20200000,21824533,0.002,-0.006,0.006,Domestic
1612,1612,13,"Dec 16, 2016",Collateral Beauty,36000000,31016021,85309093,54293072,-4983979,18293072,49309093,-0.001,0.005,0.014,Domestic
1613,1613,14,"Apr 4, 2003",A Man Apart,36000000,26500000,43797731,17297731,-9500000,-18702269,7797731,-0.003,-0.005,0.002,Domestic
1614,1614,15,"Feb 25, 2000",Reindeer Games,36000000,23360779,23360779,0,-12639221,-36000000,-12639221,-0.004,-0.01,-0.004,Domestic
1615,1615,16,"Dec 24, 1999",Snow Falling on Cedars,36000000,14378353,14378353,0,-21621647,-36000000,-21621647,-0.006,-0.01,-0.006,Domestic
1616,1616,17,"Dec 20, 1996",Ghosts of Mississippi,36000000,13052741,13052741,0,-22947259,-36000000,-22947259,-0.007,-0.01,-0.007,Domestic
1617,1617,18,"Oct 24, 1997",Gattaca,36000000,12532777,12532777,0,-23467223,-36000000,-23467223,-0.007,-0.01,-0.007,Domestic
1618,1618,19,"Jan 28, 2000",Isn't She Great,36000000,2954405,2954405,0,-33045595,-36000000,-33045595,-0.01,-0.01,-0.01,Domestic
1619,1619,20,"Jan 22, 2016",Yip Man 3,36000000,2679437,157300954,154621517,-33320563,118621517,121300954,-0.01,0.034,0.035,Domestic
1620,1620,21,"May 6, 2011",There Be Dragons,36000000,1069334,4020990,2951656,-34930666,-33048344,-31979010,-0.01,-0.01,-0.009,Domestic
1622,1622,23,"Mar 28, 2003",Head of State,35200000,37788228,38283765,495537,2588228,-34704463,3083765,0.001,-0.01,0.001,Domestic
1623,1623,24,"Sep 8, 2017",It,35000000,327481748,697457969,369976221,292481748,334976221,662457969,0.084,0.097,0.191,Domestic
1624,1624,25,"Jun 5, 2009",The Hangover,35000000,277322503,465764086,188441583,242322503,153441583,430764086,0.07,0.044,0.124,Domestic
1625,1625,26,"Nov 20, 2009",The Blind Side,35000000,255959475,305705794,49746319,220959475,14746319,270705794,0.064,0.004,0.078,Domestic
1626,1626,27,"Jun 23, 1989",Batman,35000000,251188924,411348924,160160000,216188924,125160000,376348924,0.062,0.036,0.109,Domestic
1627,1627,28,"Jun 10, 1999",Austin Powers: The Spy Who Shagged Me,35000000,206040085,312383487,106343402,171040085,71343402,277383487,0.049,0.021,0.08,Domestic
1628,1628,29,"Dec 22, 2010",True Grit,35000000,171243005,252276928,81033923,136243005,46033923,217276928,0.039,0.013,0.063,Domestic
1629,1629,30,"May 15, 1992",Lethal Weapon 3,35000000,144731527,319700000,174968473,109731527,139968473,284700000,0.032,0.04,0.082,Domestic
1630,1630,31,"Sep 18, 1998",Rush Hour,35000000,141186864,245300000,104113136,106186864,69113136,210300000,0.031,0.02,0.061,Domestic
1631,1631,32,"Feb 8, 2013",Identity Thief,35000000,134506920,175361578,40854658,99506920,5854658,140361578,0.029,0.002,0.041,Domestic
1632,1632,33,"Jun 30, 2006",The Devil Wears Prada,35000000,124740460,326073155,201332695,89740460,166332695,291073155,0.026,0.048,0.084,Domestic
1633,1633,34,"Jul 8, 2011",Horrible Bosses,35000000,117538559,212417601,94879042,82538559,59879042,177417601,0.024,0.017,0.051,Domestic
1634,1634,35,"Mar 30, 2001",Spy Kids,35000000,112692062,197692062,85000000,77692062,50000000,162692062,0.022,0.014,0.047,Domestic
1635,1635,36,"Jul 17, 2015",Trainwreck,35000000,110212700,141123897,30911197,75212700,-4088803,106123897,0.022,-0.001,0.031,Domestic
1636,1636,37,"Dec 13, 2013",Saving Mr. Banks,35000000,83299761,114962525,31662764,48299761,-3337236,79962525,0.014,-0.001,0.023,Domestic
1637,1637,38,"Dec 7, 1979",Star Trek: The Motion Picture,35000000,82258456,139000000,56741544,47258456,21741544,104000000,0.014,0.006,0.03,Domestic
1638,1638,39,"Mar 28, 2008",21,35000000,81159365,159846429,78687064,46159365,43687064,124846429,0.013,0.013,0.036,Domestic
1639,1639,40,"May 9, 2008",What Happens in Vegas...,35000000,80277646,218535708,138258062,45277646,103258062,183535708,0.013,0.03,0.053,Domestic
1640,1640,41,"Nov 15, 1991",Cape Fear,35000000,79091969,182291969,103200000,44091969,68200000,147291969,0.013,0.02,0.043,Domestic
1641,1641,42,"Nov 15, 1996",The English Patient,35000000,78716374,231710008,152993634,43716374,117993634,196710008,0.013,0.034,0.057,Domestic
1642,1642,43,"Jan 16, 2009",Hotel for Dogs,35000000,73178547,122357172,49178625,38178547,14178625,87357172,0.011,0.004,0.025,Domestic
1643,1643,44,"Mar 25, 2005",Guess Who,35000000,68915888,102115888,33200000,33915888,-1800000,67115888,0.01,-0.001,0.019,Domestic
1644,1644,45,"Dec 21, 2012",This is 40,35000000,67544505,90221182,22676677,32544505,-12323323,55221182,0.009,-0.004,0.016,Domestic
1645,1645,46,"Sep 19, 1997",L.A. Confidential,35000000,64604977,126204977,61600000,29604977,26600000,91204977,0.009,0.008,0.026,Domestic
1646,1646,47,"Jul 29, 2005",Sky High,35000000,63939454,83109359,19169905,28939454,-15830095,48109359,0.008,-0.005,0.014,Domestic
1647,1647,48,"Sep 19, 1997",In & Out,35000000,63826569,83226569,19400000,28826569,-15600000,48226569,0.008,-0.005,0.014,Domestic
1648,1648,49,"Apr 30, 2010",A Nightmare on Elm Street,35000000,63075011,117729621,54654610,28075011,19654610,82729621,0.008,0.006,0.024,Domestic
1649,1649,50,"Aug 18, 2000",The Cell,35000000,61280963,85911226,24630263,26280963,-10369737,50911226,0.008,-0.003,0.015,Domestic
1650,1650,51,"Jul 7, 1995",Species,35000000,60054449,113354449,53300000,25054449,18300000,78354449,0.007,0.005,0.023,Domestic
1651,1651,52,"Apr 7, 2006",The Benchwarmers,35000000,59843754,65063726,5219972,24843754,-29780028,30063726,0.007,-0.009,0.009,Domestic
1652,1652,53,"Oct 8, 2010",Secretariat,35000000,59699513,60376247,676734,24699513,-34323266,25376247,0.007,-0.01,0.007,Domestic
1653,1653,54,"Mar 13, 1998",The Man in the Iron Mask,35000000,56968169,56968169,0,21968169,-35000000,21968169,0.006,-0.01,0.006,Domestic
1654,1654,55,"Jul 22, 2011",Friends with Benefits,35000000,55802754,146595891,90793137,20802754,55793137,111595891,0.006,0.016,0.032,Domestic
1655,1655,56,"May 20, 2016",Neighbors 2: Sorority Rising,35000000,55340730,108757621,53416891,20340730,18416891,73757621,0.006,0.005,0.021,Domestic
1656,1656,57,"Mar 23, 2007",TMNT,35000000,54149098,96096018,41946920,19149098,6946920,61096018,0.006,0.002,0.018,Domestic
1657,1657,58,"Oct 24, 2003",Radio,35000000,52333738,53293628,959890,17333738,-34040110,18293628,0.005,-0.01,0.005,Domestic
1658,1658,59,"Jun 29, 2018",Sicario: Day of the Soldado,35000000,50065850,75885196,25819346,15065850,-9180654,40885196,0.004,-0.003,0.012,Domestic
1659,1659,60,"Nov 25, 2009",Old Dogs,35000000,49492060,95104304,45612244,14492060,10612244,60104304,0.004,0.003,0.017,Domestic
1660,1660,61,"Nov 18, 1992",Malcolm X,35000000,48169910,48169910,0,13169910,-35000000,13169910,0.004,-0.01,0.004,Domestic
1661,1661,62,"May 22, 2015",Poltergeist,35000000,47425125,95713069,48287944,12425125,13287944,60713069,0.004,0.004,0.018,Domestic
1662,1662,63,"Oct 12, 2018",Goosebumps 2: Haunted Halloween,35000000,46697321,93291478,46594157,11697321,11594157,58291478,0.003,0.003,0.017,Domestic
1663,1663,64,"Jan 19, 2018",12 Strong,35000000,45819713,71118378,25298665,10819713,-9701335,36118378,0.003,-0.003,0.01,Domestic
1664,1664,65,"Jan 23, 2009",Underworld 3: Rise of the Lycans,35000000,45802315,89102315,43300000,10802315,8300000,54102315,0.003,0.002,0.016,Domestic
1665,1665,66,"Jul 29, 2005",Must Love Dogs,35000000,43894863,58405313,14510450,8894863,-20489550,23405313,0.003,-0.006,0.007,Domestic
1666,1666,67,"Jul 3, 2007",License to Wed,35000000,43799818,70187088,26387270,8799818,-8612730,35187088,0.003,-0.002,0.01,Domestic
1667,1667,68,"Feb 28, 1997",Donnie Brasco,35000000,41954997,65303052,23348055,6954997,-11651945,30303052,0.002,-0.003,0.009,Domestic
1668,1668,69,"Oct 17, 2008",Max Payne,35000000,40689393,87775050,47085657,5689393,12085657,52775050,0.002,0.003,0.015,Domestic
1669,1669,70,"Mar 15, 2002",Resident Evil,35000000,40119709,103787401,63667692,5119709,28667692,68787401,0.001,0.008,0.02,Domestic
1670,1670,71,"Mar 26, 2004",The Ladykillers,35000000,39692139,77392139,37700000,4692139,2700000,42392139,0.001,0.001,0.012,Domestic
1671,1671,72,"May 6, 2011",Something Borrowed,35000000,39046489,65084116,26037627,4046489,-8962373,30084116,0.001,-0.003,0.009,Domestic
1672,1672,73,"Dec 1, 2006",The Nativity Story,35000000,37629831,46309644,8679813,2629831,-26320187,11309644,0.001,-0.008,0.003,Domestic
1673,1673,74,"Oct 28, 2011",In Time,35000000,37553932,165103952,127550020,2553932,92550020,130103952,0.001,0.027,0.038,Domestic
1674,1674,75,"Apr 23, 2010",The Back-up Plan,35000000,37490007,75281179,37791172,2490007,2791172,40281179,0.001,0.001,0.012,Domestic
1675,1675,76,"Nov 9, 2011",J. Edgar,35000000,37306030,84606030,47300000,2306030,12300000,49606030,0.001,0.004,0.014,Domestic
1676,1676,77,"Nov 17, 2000",Bounce,35000000,36805288,53425292,16620004,1805288,-18379996,18425292,0.001,-0.005,0.005,Domestic
1677,1677,78,"Aug 17, 2018",Mile 22,35000000,36108758,66295121,30186363,1108758,-4813637,31295121,0.0,-0.001,0.009,Domestic
1678,1678,79,"May 8, 2015",Hot Pursuit,35000000,34580201,45671512,11091311,-419799,-23908689,10671512,-0.0,-0.007,0.003,Domestic
1679,1679,80,"Dec 25, 2015",Concussion,35000000,34531832,50363790,15831958,-468168,-19168042,15363790,-0.0,-0.006,0.004,Domestic
1680,1680,81,"Oct 13, 2017",The Foreigner,35000000,34393507,140783360,106389853,-606493,71389853,105783360,-0.0,0.021,0.031,Domestic
1681,1681,82,"Dec 3, 2004",Closer,35000000,33987757,116177695,82189938,-1012243,47189938,81177695,-0.0,0.014,0.023,Domestic
1682,1682,83,"Dec 23, 1994",Street Fighter,35000000,33423000,99423000,66000000,-1577000,31000000,64423000,-0.0,0.009,0.019,Domestic
1683,1683,84,"Nov 21, 2001",Black Knight,35000000,33422806,33422806,0,-1577194,-35000000,-1577194,-0.0,-0.01,-0.0,Domestic
1684,1684,85,"Jul 22, 2005",The Bad News Bears,35000000,32868349,33500620,632271,-2131651,-34367729,-1499380,-0.001,-0.01,-0.0,Domestic
1685,1685,86,"Dec 27, 2002",The Pianist,35000000,32519322,111854182,79334860,-2480678,44334860,76854182,-0.001,0.013,0.022,Domestic
1686,1686,87,"May 6, 2005",House of Wax,35000000,32064800,70064800,38000000,-2935200,3000000,35064800,-0.001,0.001,0.01,Domestic
1687,1687,88,"Oct 19, 2001",From Hell,35000000,31598308,68712365,37114057,-3401692,2114057,33712365,-0.001,0.001,0.01,Domestic
1688,1688,89,"Jun 1, 2018",Adrift,35000000,31445011,57897191,26452180,-3554989,-8547820,22897191,-0.001,-0.002,0.007,Domestic
1689,1689,90,"Aug 15, 2008",Mirrors,35000000,30691439,77220596,46529157,-4308561,11529157,42220596,-0.001,0.003,0.012,Domestic
1690,1690,91,"Jan 6, 2017",Underworld: Blood Wars,35000000,30353973,81209222,50855249,-4646027,15855249,46209222,-0.001,0.005,0.013,Domestic
1691,1691,92,"Feb 22, 2002",Queen of the Damned,35000000,30307804,30307804,0,-4692196,-35000000,-4692196,-0.001,-0.01,-0.001,Domestic
1692,1692,93,"Aug 20, 2010",Nanny McPhee and the Big Bang,35000000,29197642,97799865,68602223,-5802358,33602223,62799865,-0.002,0.01,0.018,Domestic
1693,1693,94,"Jan 25, 2008",Untraceable,35000000,28687835,52649951,23962116,-6312165,-11037884,17649951,-0.002,-0.003,0.005,Domestic
1694,1694,95,"Nov 21, 1990",Predator 2,35000000,28317513,54768418,26450905,-6682487,-8549095,19768418,-0.002,-0.002,0.006,Domestic
1695,1695,96,"Sep 23, 2011",Abduction,35000000,28087155,86648359,58561204,-6912845,23561204,51648359,-0.002,0.007,0.015,Domestic
1696,1696,97,"Dec 5, 1980",Flash Gordon,35000000,27107960,27107960,0,-7892040,-35000000,-7892040,-0.002,-0.01,-0.002,Domestic
1697,1697,98,"Mar 28, 2008",Superhero Movie,35000000,26638520,73026302,46387782,-8361480,11387782,38026302,-0.002,0.003,0.011,Domestic
1698,1698,99,"Feb 12, 1999",Blast from the Past,35000000,26613620,26613620,0,-8386380,-35000000,-8386380,-0.002,-0.01,-0.002,Domestic
1699,1699,100,"Oct 19, 2012",Alex Cross,35000000,25888412,35426759,9538347,-9111588,-25461653,426759,-0.003,-0.007,0.0,Domestic
1700,1700,1,"Mar 26, 2004",Jersey Girl,35000000,25266129,37066129,11800000,-9733871,-23200000,2066129,-0.003,-0.007,0.001,Domestic
1701,1701,2,"Nov 21, 1997",Midnight in the Garden of Good and Evil,35000000,25078937,25078937,0,-9921063,-35000000,-9921063,-0.003,-0.01,-0.003,Domestic
1702,1702,3,"Sep 16, 2016",Bridget Jonesâs Baby,35000000,24139805,205822688,181682883,-10860195,146682883,170822688,-0.003,0.042,0.049,Domestic
1703,1703,4,"Nov 9, 2001",Heist,35000000,23483357,28906817,5423460,-11516643,-29576540,-6093183,-0.003,-0.009,-0.002,Domestic
1704,1704,5,"Dec 25, 1992",Hoffa,35000000,23365858,28391473,5025615,-11634142,-29974385,-6608527,-0.003,-0.009,-0.002,Domestic
1705,1705,6,"Mar 4, 2016",Whiskey Tango Foxtrot,35000000,23083334,25350747,2267413,-11916666,-32732587,-9649253,-0.003,-0.009,-0.003,Domestic
1706,1706,7,"Apr 9, 2004",Ella Enchanted,35000000,22913677,22913677,0,-12086323,-35000000,-12086323,-0.003,-0.01,-0.003,Domestic
1707,1707,8,"Aug 21, 2015",Hitman: Agent 47,35000000,22467450,82182803,59715353,-12532550,24715353,47182803,-0.004,0.007,0.014,Domestic
1708,1708,9,"Jul 25, 2008",The X-Files: I Want to Believe,35000000,20982478,68170792,47188314,-14017522,12188314,33170792,-0.004,0.004,0.01,Domestic
1709,1709,10,"Aug 24, 2012",Premium Rush,35000000,20275446,31393201,11117755,-14724554,-23882245,-3606799,-0.004,-0.007,-0.001,Domestic
1710,1710,11,"Jan 18, 2013",Broken City,35000000,19701164,34480045,14778881,-15298836,-20221119,-519955,-0.004,-0.006,-0.0,Domestic
1711,1711,12,"Aug 19, 2005",Valiant,35000000,19478106,64188387,44710281,-15521894,9710281,29188387,-0.004,0.003,0.008,Domestic
1712,1712,13,"Feb 23, 2000",Wonder Boys,35000000,19389454,33422485,14033031,-15610546,-20966969,-1577515,-0.005,-0.006,-0.0,Domestic
1713,1713,14,"Feb 25, 2005",Cursed,35000000,19294901,25114901,5820000,-15705099,-29180000,-9885099,-0.005,-0.008,-0.003,Domestic
1714,1714,15,"Dec 21, 2007",Walk Hard: The Dewey Cox Story,35000000,18317151,20606053,2288902,-16682849,-32711098,-14393947,-0.005,-0.009,-0.004,Domestic
1715,1715,16,"Sep 20, 2002",The Four Feathers,35000000,18306166,29882645,11576479,-16693834,-23423521,-5117355,-0.005,-0.007,-0.001,Domestic
1716,1716,17,"Apr 30, 2010",Furry Vengeance,35000000,17630465,39340177,21709712,-17369535,-13290288,4340177,-0.005,-0.004,0.001,Domestic
1717,1717,18,"Jan 25, 2013",Parker,35000000,17616641,48543388,30926747,-17383359,-4073253,13543388,-0.005,-0.001,0.004,Domestic
1718,1718,19,"Sep 17, 2004",Wimbledon,35000000,16862585,41666476,24803891,-18137415,-10196109,6666476,-0.005,-0.003,0.002,Domestic
1719,1719,20,"Sep 15, 2000",Bait,35000000,15325127,15471969,146842,-19674873,-34853158,-19528031,-0.006,-0.01,-0.006,Domestic
1720,1720,21,"Dec 8, 2000",Dungeons and Dragons,35000000,15185241,33771965,18586724,-19814759,-16413276,-1228035,-0.006,-0.005,-0.0,Domestic
1721,1721,22,"Nov 9, 2007",Lions for Lambs,35000000,14998070,63211088,48213018,-20001930,13213018,28211088,-0.006,0.004,0.008,Domestic
1722,1722,23,"Jan 18, 1991",Flight of the Intruder,35000000,14471440,14471440,0,-20528560,-35000000,-20528560,-0.006,-0.01,-0.006,Domestic
1723,1723,24,"May 27, 2011",The Tree of Life,35000000,13305665,61721826,48416161,-21694335,13416161,26721826,-0.006,0.004,0.008,Domestic
1724,1724,25,"Aug 17, 2001",American Outlaws,35000000,13264986,13601109,336123,-21735014,-34663877,-21398891,-0.006,-0.01,-0.006,Domestic
1725,1725,26,"Aug 11, 2006",Zoom,35000000,11989328,12506188,516860,-23010672,-34483140,-22493812,-0.007,-0.01,-0.006,Domestic
1726,1726,27,"Dec 25, 2001",The Shipping News,35000000,11405825,24405825,13000000,-23594175,-22000000,-10594175,-0.007,-0.006,-0.003,Domestic
1727,1727,28,"Dec 18, 2009",The Young Victoria,35000000,11001272,31878891,20877619,-23998728,-14122381,-3121109,-0.007,-0.004,-0.001,Domestic
1728,1728,29,"Mar 28, 2014",Sabotage,35000000,10508518,18376443,7867925,-24491482,-27132075,-16623557,-0.007,-0.008,-0.005,Domestic
1729,1729,30,"Sep 4, 1998",Knock Off,35000000,10319915,10319915,0,-24680085,-35000000,-24680085,-0.007,-0.01,-0.007,Domestic
1730,1730,31,"Sep 11, 2009",Whiteout,35000000,10275638,12254746,1979108,-24724362,-33020892,-22745254,-0.007,-0.01,-0.007,Domestic
1731,1731,32,"Mar 6, 2015",Unfinished Business,35000000,10219501,13214051,2994550,-24780499,-32005450,-21785949,-0.007,-0.009,-0.006,Domestic
1732,1732,33,"Sep 30, 2015",The Walk,35000000,10161183,61492104,51330921,-24838817,16330921,26492104,-0.007,0.005,0.008,Domestic
1733,1733,34,"Nov 22, 2006",The Fountain,35000000,10144010,15461638,5317628,-24855990,-29682372,-19538362,-0.007,-0.009,-0.006,Domestic
1734,1734,35,"Nov 29, 2013",Mandela: Long Walk to Freedom,35000000,8323085,29890402,21567317,-26676915,-13432683,-5109598,-0.008,-0.004,-0.001,Domestic
1735,1735,36,"Dec 5, 2008",Punisher: War Zone,35000000,8050977,10157534,2106557,-26949023,-32893443,-24842466,-0.008,-0.009,-0.007,Domestic
1736,1736,37,"Sep 5, 2003",The Order,35000000,7659747,11559747,3900000,-27340253,-31100000,-23440253,-0.008,-0.009,-0.007,Domestic
1737,1737,38,"Nov 10, 2006",A Good Year,35000000,7459300,42064105,34604805,-27540700,-395195,7064105,-0.008,-0.0,0.002,Domestic
1738,1738,39,"Mar 11, 2016",The Brothers Grimsby,35000000,6864016,28720470,21856454,-28135984,-13143546,-6279530,-0.008,-0.004,-0.002,Domestic
1739,1739,40,"Oct 20, 2017",The Snowman,35000000,6670765,43226146,36555381,-28329235,1555381,8226146,-0.008,0.0,0.002,Domestic
1740,1740,41,"Nov 6, 2002",Femme Fatale,35000000,6630252,16830252,10200000,-28369748,-24800000,-18169748,-0.008,-0.007,-0.005,Domestic
1741,1741,42,"May 2, 1997",Warriors of Virtue,35000000,6448817,6448817,0,-28551183,-35000000,-28551183,-0.008,-0.01,-0.008,Domestic
1742,1742,43,"Sep 26, 2003",Luther,35000000,5781086,32717063,26935977,-29218914,-8064023,-2282937,-0.008,-0.002,-0.001,Domestic
1743,1743,44,"Jan 28, 2011",Biutiful,35000000,5101237,24687524,19586287,-29898763,-15413713,-10312476,-0.009,-0.004,-0.003,Domestic
1744,1744,45,"Feb 21, 1992",Radio Flyer,35000000,4651977,4651977,0,-30348023,-35000000,-30348023,-0.009,-0.01,-0.009,Domestic
1745,1745,46,"Apr 16, 1993",Bound by Honor,35000000,4496583,4496583,0,-30503417,-35000000,-30503417,-0.009,-0.01,-0.009,Domestic
1746,1746,47,"Apr 22, 2016",A Hologram for the King,35000000,4212494,11846010,7633516,-30787506,-27366484,-23153990,-0.009,-0.008,-0.007,Domestic
1747,1747,48,"Feb 28, 1997",Smilla's Sense of Snow,35000000,2221994,2221994,0,-32778006,-35000000,-32778006,-0.009,-0.01,-0.009,Domestic
1748,1748,49,"Oct 3, 1986",Playing for Keeps,35000000,2000000,2000000,0,-33000000,-35000000,-33000000,-0.01,-0.01,-0.01,Domestic
1749,1749,50,"Jan 1, 1980",Lion of the Desert,35000000,1500000,1500000,0,-33500000,-35000000,-33500000,-0.01,-0.01,-0.01,Domestic
1750,1750,51,"Apr 19, 1996",Le hussard sur le toit,35000000,1320043,1320043,0,-33679957,-35000000,-33679957,-0.01,-0.01,-0.01,Domestic
1751,1751,52,"Nov 24, 1999",Ride With the Devil,35000000,630779,630779,0,-34369221,-35000000,-34369221,-0.01,-0.01,-0.01,Domestic
1752,1752,53,"Sep 14, 2012",Stolen,35000000,289773,17967746,17677973,-34710227,-17322027,-17032254,-0.01,-0.005,-0.005,Domestic
1753,1753,54,"Oct 14, 2011",Trespass,35000000,16816,786532,769716,-34983184,-34230284,-34213468,-0.01,-0.01,-0.01,Domestic
1757,1757,58,"Dec 25, 2011",The Darkest Hour,34800000,21443494,62831715,41388221,-13356506,6588221,28031715,-0.004,0.002,0.008,Domestic
1758,1758,59,"Jun 28, 2017",Baby Driver,34000000,107825862,228104185,120278323,73825862,86278323,194104185,0.021,0.025,0.056,Domestic
1759,1759,60,"Sep 19, 2014",The Maze Runner,34000000,102427862,348319861,245891999,68427862,211891999,314319861,0.02,0.061,0.091,Domestic
1760,1760,61,"Apr 10, 2015",The Longest Ride,34000000,37446117,63802928,26356811,3446117,-7643189,29802928,0.001,-0.002,0.009,Domestic
1761,1761,62,"Sep 17, 1993",The Age of Innocence,34000000,32014993,32014993,0,-1985007,-34000000,-1985007,-0.001,-0.01,-0.001,Domestic
1762,1762,63,"Aug 14, 2009",Gake no ue no Ponyo,34000000,15090399,205312666,190222267,-18909601,156222267,171312666,-0.005,0.045,0.049,Domestic
1763,1763,64,"Aug 3, 2018",The Darkest Minds,34000000,12695691,38361428,25665737,-21304309,-8334263,4361428,-0.006,-0.002,0.001,Domestic
1764,1764,65,"Sep 1, 1999",Chill Factor,34000000,11263966,11263966,0,-22736034,-34000000,-22736034,-0.007,-0.01,-0.007,Domestic
1765,1765,66,"Aug 27, 1999",The Astronaut's Wife,34000000,10672566,10672566,0,-23327434,-34000000,-23327434,-0.007,-0.01,-0.007,Domestic
1766,1766,67,"May 5, 2000",I Dreamed of Africa,34000000,6543194,14291999,7748805,-27456806,-26251195,-19708001,-0.008,-0.008,-0.006,Domestic
1767,1767,68,"Sep 5, 2014",Thunder and the House of Magic,34000000,4091,62582520,62578429,-33995909,28578429,28582520,-0.01,0.008,0.008,Domestic
1768,1768,69,"Dec 4, 1981",Reds,33500000,50000000,50000000,0,16500000,-33500000,16500000,0.005,-0.01,0.005,Domestic
1769,1769,70,"Dec 11, 1992",A Few Good Men,33000000,141340178,236500000,95159822,108340178,62159822,203500000,0.031,0.018,0.059,Domestic
1770,1770,71,"Jun 2, 2000",Big Momma's House,33000000,117559438,173559438,56000000,84559438,23000000,140559438,0.024,0.007,0.041,Domestic
1771,1771,72,"Mar 16, 2001",Exit Wounds,33000000,51758599,79958599,28200000,18758599,-4800000,46958599,0.005,-0.001,0.014,Domestic
1772,1772,73,"Jul 8, 2016",Mike and Dave Need Wedding Dates,33000000,46009673,75898100,29888427,13009673,-3111573,42898100,0.004,-0.001,0.012,Domestic
1773,1773,74,"Jul 27, 2012",Step Up Revolution,33000000,35074677,165552290,130477613,2074677,97477613,132552290,0.001,0.028,0.038,Domestic
1774,1774,75,"Aug 18, 2006",Snakes on a Plane,33000000,34020814,62020814,28000000,1020814,-5000000,29020814,0.0,-0.001,0.008,Domestic
1775,1775,76,"Apr 16, 2004",The Punisher,33000000,33664370,54533774,20869404,664370,-12130596,21533774,0.0,-0.004,0.006,Domestic
1776,1776,77,"Sep 8, 2000",The Watcher,33000000,28946615,47267829,18321214,-4053385,-14678786,14267829,-0.001,-0.004,0.004,Domestic
1777,1777,78,"Apr 27, 2012",Safe,33000000,17142080,41495213,24353133,-15857920,-8646867,8495213,-0.005,-0.002,0.002,Domestic
1778,1778,79,"Mar 14, 2008",Doomsday,33000000,11008770,21621188,10612418,-21991230,-22387582,-11378812,-0.006,-0.006,-0.003,Domestic
1779,1779,80,"Apr 23, 1999",Pushing Tin,33000000,8408835,8408835,0,-24591165,-33000000,-24591165,-0.007,-0.01,-0.007,Domestic
1780,1780,81,"May 12, 2006",Goal! The Dream Begins,33000000,4283255,27610873,23327618,-28716745,-9672382,-5389127,-0.008,-0.003,-0.002,Domestic
1781,1781,82,"Jul 31, 2015",The Young and Prodigious T.S. Spivet,33000000,176847,357687,180840,-32823153,-32819160,-32642313,-0.009,-0.009,-0.009,Domestic
1782,1782,83,"Oct 30, 2015",Freaks of Nature,33000000,70958,70958,0,-32929042,-33000000,-32929042,-0.01,-0.01,-0.01,Domestic
1783,1783,84,"May 25, 1983",Star Wars Ep. VI: Return of the Jedi,32500000,309205079,572705079,263500000,276705079,231000000,540205079,0.08,0.067,0.156,Domestic
1784,1784,85,"May 13, 2011",Bridesmaids,32500000,169211718,289632023,120420305,136711718,87920305,257132023,0.039,0.025,0.074,Domestic
1785,1785,86,"Dec 10, 2008",The Reader,32500000,34194407,112964875,78770468,1694407,46270468,80464875,0.0,0.013,0.023,Domestic
1786,1786,87,"Apr 26, 2013",The Big Wedding,32500000,21819348,48425971,26606623,-10680652,-5893377,15925971,-0.003,-0.002,0.005,Domestic
1787,1787,88,"Feb 24, 2012",Wanderlust,32500000,17288155,24159934,6871779,-15211845,-25628221,-8340066,-0.004,-0.007,-0.002,Domestic
1788,1788,89,"Nov 7, 2003",Elf,32000000,173840591,220678483,46837892,141840591,14837892,188678483,0.041,0.004,0.054,Domestic
1789,1789,90,"Jul 5, 1996",Phenomenon,32000000,104636382,152036382,47400000,72636382,15400000,120036382,0.021,0.004,0.035,Domestic
1790,1790,91,"Jun 12, 2013",This is the End,32000000,101470202,126539117,25068915,69470202,-6931085,94539117,0.02,-0.002,0.027,Domestic
1791,1791,92,"Jan 18, 2002",Snow Dogs,32000000,81150692,116898028,35747336,49150692,3747336,84898028,0.014,0.001,0.025,Domestic
1792,1792,93,"Jun 16, 2006",Nacho Libre,32000000,80197993,99296462,19098469,48197993,-12901531,67296462,0.014,-0.004,0.019,Domestic
1793,1793,94,"Nov 23, 1988",Scrooged,32000000,59450353,59450353,0,27450353,-32000000,27450353,0.008,-0.009,0.008,Domestic
1794,1794,95,"Aug 27, 2010",Takers,32000000,57744720,70587268,12842548,25744720,-19157452,38587268,0.007,-0.006,0.011,Domestic
1795,1795,96,"Apr 1, 2011",Source Code,32000000,54712227,140428499,85716272,22712227,53716272,108428499,0.007,0.016,0.031,Domestic
1796,1796,97,"Sep 10, 1999",Stigmata,32000000,50041732,89441732,39400000,18041732,7400000,57441732,0.005,0.002,0.017,Domestic
1797,1797,98,"Nov 10, 2000",Men of Honor,32000000,48814909,82339483,33524574,16814909,1524574,50339483,0.005,0.0,0.015,Domestic
1798,1798,99,"Apr 20, 2018",I Feel Pretty,32000000,48795601,91553797,42758196,16795601,10758196,59553797,0.005,0.003,0.017,Domestic
1799,1799,100,"Sep 2, 2005",The Transporter 2,32000000,43095856,88978458,45882602,11095856,13882602,56978458,0.003,0.004,0.016,Domestic
1800,1800,1,"Feb 18, 2011","Big Mommas: Like Father, Like Son",32000000,37915414,82332450,44417036,5915414,12417036,50332450,0.002,0.004,0.015,Domestic
1801,1801,2,"Jan 15, 1993",Alive,32000000,36299670,36299670,0,4299670,-32000000,4299670,0.001,-0.009,0.001,Domestic
1802,1802,3,"Feb 23, 2007",The Number 23,32000000,35193167,77593167,42400000,3193167,10400000,45593167,0.001,0.003,0.013,Domestic
1803,1803,4,"Dec 14, 1979",1941,32000000,34175000,94875000,60700000,2175000,28700000,62875000,0.001,0.008,0.018,Domestic
1804,1804,5,"Oct 21, 2005",Dreamer: Inspired by a True Story,32000000,33022286,39498360,6476074,1022286,-25523926,7498360,0.0,-0.007,0.002,Domestic
1805,1805,6,"Sep 23, 2005",A History of Violence,32000000,31493782,61477797,29984015,-506218,-2015985,29477797,-0.0,-0.001,0.009,Domestic
1806,1806,7,"Mar 15, 2013",The Incredible Burt Wonderstone,32000000,22537881,27392609,4854728,-9462119,-27145272,-4607391,-0.003,-0.008,-0.001,Domestic
1807,1807,8,"Feb 10, 1995",The Quick and the Dead,32000000,18552460,18552460,0,-13447540,-32000000,-13447540,-0.004,-0.009,-0.004,Domestic
1808,1808,9,"Apr 30, 2004",Laws of Attraction,32000000,17848322,29948322,12100000,-14151678,-19900000,-2051678,-0.004,-0.006,-0.001,Domestic
1809,1809,10,"Oct 12, 2018",Bad Times at the El Royale,32000000,17839115,29204379,11365264,-14160885,-20634736,-2795621,-0.004,-0.006,-0.001,Domestic
1810,1810,11,"Sep 3, 2010",Going the Distance,32000000,17804299,43603990,25799691,-14195701,-6200309,11603990,-0.004,-0.002,0.003,Domestic
1811,1811,12,"Oct 22, 1999",Bringing Out The Dead,32000000,16640210,16640210,0,-15359790,-32000000,-15359790,-0.004,-0.009,-0.004,Domestic
1812,1812,13,"Mar 19, 2010",Repo Men,32000000,13942007,18195238,4253231,-18057993,-27746769,-13804762,-0.005,-0.008,-0.004,Domestic
1813,1813,14,"Sep 14, 2007",Dragon Wars: D-War,32000000,10977721,79915361,68937640,-21022279,36937640,47915361,-0.006,0.011,0.014,Domestic
1814,1814,15,"Sep 6, 1996",Bogus,32000000,4357406,4357406,0,-27642594,-32000000,-27642594,-0.008,-0.009,-0.008,Domestic
1815,1815,16,"Mar 26, 1997",Cats Don't Dance,32000000,3588602,3588602,0,-28411398,-32000000,-28411398,-0.008,-0.009,-0.008,Domestic
1816,1816,17,"Dec 8, 1999",Cradle Will Rock,32000000,2899970,2899970,0,-29100030,-32000000,-29100030,-0.008,-0.009,-0.008,Domestic
1817,1817,18,"Dec 15, 2006",The Good German,32000000,1308696,6678033,5369337,-30691304,-26630663,-25321967,-0.009,-0.008,-0.007,Domestic
1819,1819,20,"Aug 15, 1979",Apocalypse Now,31500000,78800000,81250485,2450485,47300000,-29049515,49750485,0.014,-0.008,0.014,Domestic
1820,1820,21,"Apr 15, 2016",Criminal,31500000,14708696,38771262,24062566,-16791304,-7437434,7271262,-0.005,-0.002,0.002,Domestic
1821,1821,22,"Apr 12, 2013",42,31000000,95020213,97470701,2450488,64020213,-28549512,66470701,0.018,-0.008,0.019,Domestic
1822,1822,23,"Nov 2, 2012",Flight,31000000,93772375,160558438,66786063,62772375,35786063,129558438,0.018,0.01,0.037,Domestic
1823,1823,24,"Dec 29, 1995",Mr. Hollandâs Opus,31000000,82582604,106282604,23700000,51582604,-7300000,75282604,0.015,-0.002,0.022,Domestic
1824,1824,25,"Dec 18, 1985",Out of Africa,31000000,79096868,258210860,179113992,48096868,148113992,227210860,0.014,0.043,0.066,Domestic
1825,1825,26,"Jun 29, 1979",Moonraker,31000000,70300000,210300000,140000000,39300000,109000000,179300000,0.011,0.031,0.052,Domestic
1826,1826,27,"Mar 7, 2014",The Grand Budapest Hotel,31000000,59076019,163981261,104905242,28076019,73905242,132981261,0.008,0.021,0.038,Domestic
1827,1827,28,"Jul 29, 2015",Vacation,31000000,58884188,102306500,43422312,27884188,12422312,71306500,0.008,0.004,0.021,Domestic
1828,1828,29,"Jul 18, 1990",Arachnophobia,31000000,53208180,53208180,0,22208180,-31000000,22208180,0.006,-0.009,0.006,Domestic
1829,1829,30,"Feb 13, 2019",Isnât it Romantic,31000000,48791187,48791187,0,17791187,-31000000,17791187,0.005,-0.009,0.005,Domestic
1830,1830,31,"Apr 28, 2000",Frequency,31000000,44983704,68079671,23095967,13983704,-7904033,37079671,0.004,-0.002,0.011,Domestic
1831,1831,32,"Sep 28, 2001",Hearts in Atlantis,31000000,24185781,30885781,6700000,-6814219,-24300000,-114219,-0.002,-0.007,-0.0,Domestic
1832,1832,33,"Jan 22, 2010",Extraordinary Measures,31000000,12482741,15826984,3344243,-18517259,-27655757,-15173016,-0.005,-0.008,-0.004,Domestic
1833,1833,34,"Aug 25, 2017",Birth of the Dragon,31000000,6901965,7220490,318525,-24098035,-30681475,-23779510,-0.007,-0.009,-0.007,Domestic
1834,1834,35,"Oct 20, 1995",Get Shorty,30250000,72021008,115021008,43000000,41771008,12750000,84771008,0.012,0.004,0.024,Domestic
1835,1835,36,"Jun 8, 1984",Ghostbusters,30000000,242212467,295212467,53000000,212212467,23000000,265212467,0.061,0.007,0.077,Domestic
1836,1836,37,"Nov 22, 1995",Toy Story,30000000,191796233,364545516,172749283,161796233,142749283,334545516,0.047,0.041,0.097,Domestic
1837,1837,38,"Aug 15, 2018",Crazy Rich Asians,30000000,174532921,238099711,63566790,144532921,33566790,208099711,0.042,0.01,0.06,Domestic
1838,1838,39,"Dec 27, 2002",Chicago,30000000,170687518,306770545,136083027,140687518,106083027,276770545,0.041,0.031,0.08,Domestic
1839,1839,40,"Jun 25, 1999",Big Daddy,30000000,163479795,228641283,65161488,133479795,35161488,198641283,0.039,0.01,0.057,Domestic
1840,1840,41,"Aug 10, 2001",American Pie 2,30000000,145096820,286500000,141403180,115096820,111403180,256500000,0.033,0.032,0.074,Domestic
1841,1841,42,"Feb 10, 2012",The Vow,30000000,125014030,197618160,72604130,95014030,42604130,167618160,0.027,0.012,0.048,Domestic
1842,1842,43,"Jun 10, 1994",Speed,30000000,121248145,283200000,161951855,91248145,131951855,253200000,0.026,0.038,0.073,Domestic
1843,1843,44,"Mar 2, 1990",The Hunt for Red October,30000000,120709866,200500000,79790134,90709866,49790134,170500000,0.026,0.014,0.049,Domestic
1844,1844,45,"Aug 16, 2013",Lee Daniels' The Butler,30000000,116632095,177025498,60393403,86632095,30393403,147025498,0.025,0.009,0.042,Domestic
1845,1845,46,"Sep 29, 2000",Remember the Titans,30000000,115654751,136706683,21051932,85654751,-8948068,106706683,0.025,-0.003,0.031,Domestic
1846,1846,47,"Aug 14, 2009",District 9,30000000,115646235,212453431,96807196,85646235,66807196,182453431,0.025,0.019,0.053,Domestic
1847,1847,48,"Jun 18, 2004",Dodgeball: A True Underdog Story,30000000,114326736,167791704,53464968,84326736,23464968,137791704,0.024,0.007,0.04,Domestic
1848,1848,49,"Nov 22, 1991",The Addams Family,30000000,113502246,191502246,78000000,83502246,48000000,161502246,0.024,0.014,0.047,Domestic
1849,1849,50,"Nov 10, 1995",Ace Ventura: When Nature Calls,30000000,108360063,212400000,104039937,78360063,74039937,182400000,0.023,0.021,0.053,Domestic
1850,1850,51,"Aug 3, 2001",The Princess Diaries,30000000,108244774,165334774,57090000,78244774,27090000,135334774,0.023,0.008,0.039,Domestic
1851,1851,52,"Mar 5, 1999",Analyze This,30000000,106885658,176885658,70000000,76885658,40000000,146885658,0.022,0.012,0.042,Domestic
1852,1852,53,"Sep 20, 1996",The First Wives Club,30000000,105489203,181489203,76000000,75489203,46000000,151489203,0.022,0.013,0.044,Domestic
1853,1853,54,"Dec 15, 2004",Million Dollar Baby,30000000,100492203,231928227,131436024,70492203,101436024,201928227,0.02,0.029,0.058,Domestic
1854,1854,55,"Sep 22, 1995",Se7en,30000000,100125643,328125643,228000000,70125643,198000000,298125643,0.02,0.057,0.086,Domestic
1855,1855,56,"Oct 8, 2003",Mystic River,30000000,90135191,156822020,66686829,60135191,36686829,126822020,0.017,0.011,0.037,Domestic
1856,1856,57,"Dec 18, 2015",Sisters,30000000,87044645,106030660,18986015,57044645,-11013985,76030660,0.016,-0.003,0.022,Domestic
1857,1857,58,"Nov 10, 1999",Pokemon: The First Movie,30000000,85744662,163644662,77900000,55744662,47900000,133644662,0.016,0.014,0.039,Domestic
1858,1858,59,"Nov 19, 2004",SpongeBob SquarePants: The Movie,30000000,85416609,142051255,56634646,55416609,26634646,112051255,0.016,0.008,0.032,Domestic
1859,1859,60,"Dec 4, 2009",Up in the Air,30000000,83823381,166842739,83019358,53823381,53019358,136842739,0.016,0.015,0.04,Domestic
1860,1860,61,"Jun 25, 2004",The Notebook,30000000,81001787,116025023,35023236,51001787,5023236,86025023,0.015,0.001,0.025,Domestic
1861,1861,62,"Apr 10, 2009",Hannah Montana the Movie,30000000,79576189,169173206,89597017,49576189,59597017,139173206,0.014,0.017,0.04,Domestic
1862,1862,63,"Jan 18, 2008",27 Dresses,30000000,76808654,160247805,83439151,46808654,53439151,130247805,0.014,0.015,0.038,Domestic
1863,1863,64,"Nov 17, 2000",Rugrats in Paris,30000000,76501438,103284813,26783375,46501438,-3216625,73284813,0.013,-0.001,0.021,Domestic
1864,1864,65,"Aug 18, 2017",The Hitmanâs Bodyguard,30000000,75468583,172778667,97310084,45468583,67310084,142778667,0.013,0.019,0.041,Domestic
1865,1865,66,"Dec 25, 1991",The Prince of Tides,30000000,74787599,74787599,0,44787599,-30000000,44787599,0.013,-0.009,0.013,Domestic
1866,1866,67,"Aug 12, 2005",Four Brothers,30000000,74494381,92494381,18000000,44494381,-12000000,62494381,0.013,-0.003,0.018,Domestic
1867,1867,68,"Dec 23, 1994",Legends of the Fall,30000000,66502573,160502573,94000000,36502573,64000000,130502573,0.011,0.018,0.038,Domestic
1868,1868,69,"Sep 28, 2012",Looper,30000000,66486205,170466405,103980200,36486205,73980200,140466405,0.011,0.021,0.041,Domestic
1869,1869,70,"Feb 1, 2013",Warm Bodies,30000000,66380662,115121608,48740946,36380662,18740946,85121608,0.011,0.005,0.025,Domestic
1870,1870,71,"Dec 13, 2002",About Schmidt,30000000,65005217,107054484,42049267,35005217,12049267,77054484,0.01,0.003,0.022,Domestic
1871,1871,72,"Jan 17, 2014",The Nut Job,30000000,64251538,122529966,58278428,34251538,28278428,92529966,0.01,0.008,0.027,Domestic
1872,1872,73,"Feb 16, 2001",Down to Earth,30000000,64172251,71172251,7000000,34172251,-23000000,41172251,0.01,-0.007,0.012,Domestic
1873,1873,74,"Aug 4, 1995",Babe,30000000,63658910,246100000,182441090,33658910,152441090,216100000,0.01,0.044,0.062,Domestic
1874,1874,75,"Aug 8, 2012",Hope Springs,30000000,63536011,133085295,69549284,33536011,39549284,103085295,0.01,0.011,0.03,Domestic
1875,1875,76,"Apr 18, 2008",Forgetting Sarah Marshall,30000000,63172463,105173042,42000579,33172463,12000579,75173042,0.01,0.003,0.022,Domestic
1876,1876,77,"Oct 8, 2004",Friday Night Lights,30000000,61255921,61950770,694849,31255921,-29305151,31950770,0.009,-0.008,0.009,Domestic
1877,1877,78,"Nov 17, 1989",Harlem Nights,30000000,60857262,95857262,35000000,30857262,5000000,65857262,0.009,0.001,0.019,Domestic
1878,1878,79,"Apr 25, 2008",Baby Mama,30000000,60494212,64170447,3676235,30494212,-26323765,34170447,0.009,-0.008,0.01,Domestic
1879,1879,80,"May 29, 1998",Hope Floats,30000000,60110313,81529000,21418687,30110313,-8581313,51529000,0.009,-0.002,0.015,Domestic
1880,1880,81,"Jan 9, 2009",Bride Wars,30000000,58715510,115150424,56434914,28715510,26434914,85150424,0.008,0.008,0.025,Domestic
1881,1881,82,"Aug 20, 2004",Without a Paddle,30000000,58156435,65121280,6964845,28156435,-23035155,35121280,0.008,-0.007,0.01,Domestic
1882,1882,83,"May 20, 2011",Midnight in Paris,30000000,56816662,162502774,105686112,26816662,75686112,132502774,0.008,0.022,0.038,Domestic
1883,1883,84,"Nov 22, 2017",Darkest Hour,30000000,56443120,150807172,94364052,26443120,64364052,120807172,0.008,0.019,0.035,Domestic
1884,1884,85,"Oct 5, 2005",Wallace & Gromit: The Curse of the Were-Rabbit,30000000,56068547,197593152,141524605,26068547,111524605,167593152,0.008,0.032,0.048,Domestic
1885,1885,86,"Dec 21, 2007",P.S. I Love You,30000000,53695808,155769678,102073870,23695808,72073870,125769678,0.007,0.021,0.036,Domestic
1886,1886,87,"Sep 23, 2005",Corpse Bride,30000000,53359111,114770654,61411543,23359111,31411543,84770654,0.007,0.009,0.024,Domestic
1887,1887,88,"May 11, 2018",Life of the Party,30000000,53059911,65759911,12700000,23059911,-17300000,35759911,0.007,-0.005,0.01,Domestic
1888,1888,89,"May 14, 2010",Letters to Juliet,30000000,53032453,82148538,29116085,23032453,-883915,52148538,0.007,-0.0,0.015,Domestic
1889,1889,90,"Apr 6, 2001",Blow,30000000,52990775,83282296,30291521,22990775,291521,53282296,0.007,0.0,0.015,Domestic
1890,1890,91,"Feb 12, 1999",Message in a Bottle,30000000,52880016,52880016,0,22880016,-30000000,22880016,0.007,-0.009,0.007,Domestic
1891,1891,92,"Jul 24, 2015",Southpaw,30000000,52421953,94156456,41734503,22421953,11734503,64156456,0.006,0.003,0.019,Domestic
1892,1892,93,"Jun 9, 1989",Star Trek V: The Final Frontier,30000000,52210049,70200000,17989951,22210049,-12010049,40200000,0.006,-0.003,0.012,Domestic
1893,1893,94,"Jul 28, 2017",Atomic Blonde,30000000,51573925,98345423,46771498,21573925,16771498,68345423,0.006,0.005,0.02,Domestic
1894,1894,95,"Jul 3, 2002",Like Mike,30000000,51432423,62432423,11000000,21432423,-19000000,32432423,0.006,-0.005,0.009,Domestic
1895,1895,96,"Mar 18, 1994",Naked Gun 33 1/3: The Final Insult,30000000,51041856,51041856,0,21041856,-30000000,21041856,0.006,-0.009,0.006,Domestic
1896,1896,97,"Dec 7, 2007",Atonement,30000000,50980159,129779728,78799569,20980159,48799569,99779728,0.006,0.014,0.029,Domestic
1897,1897,98,"May 24, 1985",A View to a Kill,30000000,50327960,152627960,102300000,20327960,72300000,122627960,0.006,0.021,0.035,Domestic
1898,1898,99,"Jan 14, 2005",Racing Stripes,30000000,49772522,89955540,40183018,19772522,10183018,59955540,0.006,0.003,0.017,Domestic
1899,1899,100,"Sep 18, 2015",Sicario,30000000,46889293,84393749,37504456,16889293,7504456,54393749,0.005,0.002,0.016,Domestic
1900,1900,1,"Sep 22, 1989",Black Rain,30000000,45892212,45892212,0,15892212,-30000000,15892212,0.005,-0.009,0.005,Domestic
1901,1901,2,"Jun 26, 1987",Full Metal Jacket,30000000,45015999,45015999,0,15015999,-30000000,15015999,0.004,-0.009,0.004,Domestic
1902,1902,3,"Jan 19, 2018",Den of Thieves,30000000,44947622,80131391,35183769,14947622,5183769,50131391,0.004,0.001,0.014,Domestic
1903,1903,4,"Apr 13, 2012",The Three Stooges,30000000,44338224,54052249,9714025,14338224,-20285975,24052249,0.004,-0.006,0.007,Domestic
1904,1904,5,"Jul 21, 2000",Pokemon 2000,30000000,43746923,133946923,90200000,13746923,60200000,103946923,0.004,0.017,0.03,Domestic
1905,1905,6,"Oct 24, 2014",John Wick,30000000,43037835,76235001,33197166,13037835,3197166,46235001,0.004,0.001,0.013,Domestic
1906,1906,7,"Jan 13, 2006",Glory Road,30000000,42647449,42799060,151611,12647449,-29848389,12799060,0.004,-0.009,0.004,Domestic
1907,1907,8,"Apr 24, 2015",The Age of Adaline,30000000,42629776,68984536,26354760,12629776,-3645240,38984536,0.004,-0.001,0.011,Domestic
1908,1908,9,"Aug 6, 2010",Step Up 3D,30000000,42400223,165889117,123488894,12400223,93488894,135889117,0.004,0.027,0.039,Domestic
1909,1909,10,"May 29, 2009",Drag Me To Hell,30000000,42100625,91388487,49287862,12100625,19287862,61388487,0.003,0.006,0.018,Domestic
1910,1910,11,"Apr 13, 2012",The Cabin in the Woods,30000000,42073277,70689968,28616691,12073277,-1383309,40689968,0.003,-0.0,0.012,Domestic
1911,1911,12,"Sep 19, 2003",Secondhand Lions,30000000,42070939,47902566,5831627,12070939,-24168373,17902566,0.003,-0.007,0.005,Domestic
1912,1912,13,"Nov 10, 2006",Stranger Than Fiction,30000000,40435190,53572822,13137632,10435190,-16862368,23572822,0.003,-0.005,0.007,Domestic
1913,1913,14,"Apr 8, 2011",Hanna,30000000,40259119,65343694,25084575,10259119,-4915425,35343694,0.003,-0.001,0.01,Domestic
1914,1914,15,"Aug 16, 2002",Blue Crush,30000000,40118420,51618420,11500000,10118420,-18500000,21618420,0.003,-0.005,0.006,Domestic
1915,1915,16,"Oct 19, 2007",30 Days of Night,30000000,39568996,80276156,40707160,9568996,10707160,50276156,0.003,0.003,0.015,Domestic
1916,1916,17,"Dec 19, 1986",Little Shop of Horrors,30000000,38747385,38747385,0,8747385,-30000000,8747385,0.003,-0.009,0.003,Domestic
1917,1917,18,"Sep 15, 2006",Gridiron Gang,30000000,38432823,41457834,3025011,8432823,-26974989,11457834,0.002,-0.008,0.003,Domestic
1918,1918,19,"Jul 20, 1988",Midnight Run,30000000,38413606,81613606,43200000,8413606,13200000,51613606,0.002,0.004,0.015,Domestic
1919,1919,20,"Jan 25, 2008",Meet the Spartans,30000000,38233676,84646831,46413155,8233676,16413155,54646831,0.002,0.005,0.016,Domestic
1920,1920,21,"Nov 13, 1987",The Running Man,30000000,38122000,38122000,0,8122000,-30000000,8122000,0.002,-0.009,0.002,Domestic
1921,1921,22,"Sep 13, 2013",The Family,30000000,36918811,51078541,14159730,6918811,-15840270,21078541,0.002,-0.005,0.006,Domestic
1922,1922,23,"Feb 9, 2018",The 15:17 to Paris,30000000,36276286,56096200,19819914,6276286,-10180086,26096200,0.002,-0.003,0.008,Domestic
1923,1923,24,"Nov 21, 1997",Mortal Kombat: Annihilation,30000000,35927406,51327406,15400000,5927406,-14600000,21327406,0.002,-0.004,0.006,Domestic
1924,1924,25,"Jul 1, 2011",Larry Crowne,30000000,35608245,61449135,25840890,5608245,-4159110,31449135,0.002,-0.001,0.009,Domestic
1925,1925,26,"Oct 18, 2013",Carrie,30000000,35266619,82409520,47142901,5266619,17142901,52409520,0.002,0.005,0.015,Domestic
1926,1926,27,"Apr 7, 2006",Take the Lead,30000000,34742066,65390493,30648427,4742066,648427,35390493,0.001,0.0,0.01,Domestic
1927,1927,28,"Mar 2, 2018",Death Wish,30000000,34017028,48575965,14558937,4017028,-15441063,18575965,0.001,-0.004,0.005,Domestic
1928,1928,29,"Nov 24, 2010",Love and Other Drugs,30000000,32367005,102716321,70349316,2367005,40349316,72716321,0.001,0.012,0.021,Domestic
1929,1929,30,"Jun 3, 2015",Entourage,30000000,32363404,46438538,14075134,2363404,-15924866,16438538,0.001,-0.005,0.005,Domestic
1930,1930,31,"Jun 1, 2001",What's the Worst That Could Happen?,30000000,32267774,38462071,6194297,2267774,-23805703,8462071,0.001,-0.007,0.002,Domestic
1931,1931,32,"Feb 8, 2013",Side Effects,30000000,32172757,66742138,34569381,2172757,4569381,36742138,0.001,0.001,0.011,Domestic
1932,1932,33,"Sep 9, 2009",9,30000000,31749894,48559999,16810105,1749894,-13189895,18559999,0.001,-0.004,0.005,Domestic
1933,1933,34,"Jul 2, 2014",Deliver Us from Evil,30000000,30577122,87956618,57379496,577122,27379496,57956618,0.0,0.008,0.017,Domestic
1934,1934,35,"Aug 1, 2014",Get on Up,30000000,30569935,33339868,2769933,569935,-27230067,3339868,0.0,-0.008,0.001,Domestic
1935,1935,36,"Dec 25, 2017",Mollyâs Game,30000000,28780744,53296424,24515680,-1219256,-5484320,23296424,-0.0,-0.002,0.007,Domestic
1936,1936,37,"Apr 27, 2012",The Five-Year Engagement,30000000,28700285,61623819,32923534,-1299715,2923534,31623819,-0.0,0.001,0.009,Domestic
1937,1937,38,"Apr 2, 2004",The Prince & Me,30000000,28165882,29356757,1190875,-1834118,-28809125,-643243,-0.001,-0.008,-0.0,Domestic
1938,1938,39,"Jul 15, 2011",Winnie the Pooh,30000000,26692846,50145607,23452761,-3307154,-6547239,20145607,-0.001,-0.002,0.006,Domestic
1939,1939,40,"May 15, 1998",Bulworth,30000000,26528684,29203383,2674699,-3471316,-27325301,-796617,-0.001,-0.008,-0.0,Domestic
1940,1940,41,"Jun 13, 2003",Dumb and Dumberer: When Harry Met Lloyd,30000000,26214846,26214846,0,-3785154,-30000000,-3785154,-0.001,-0.009,-0.001,Domestic
1941,1941,42,"Sep 14, 2018",White Boy Rick,30000000,24004833,25947983,1943150,-5995167,-28056850,-4052017,-0.002,-0.008,-0.001,Domestic
1942,1942,43,"Aug 4, 1995",Virtuosity,30000000,23998226,23998226,0,-6001774,-30000000,-6001774,-0.002,-0.009,-0.002,Domestic
1943,1943,44,"Sep 18, 1998",One True Thing,30000000,23337196,26708196,3371000,-6662804,-26629000,-3291804,-0.002,-0.008,-0.001,Domestic
1944,1944,45,"Feb 4, 2011",Sanctum,30000000,23209310,108957098,85747788,-6790690,55747788,78957098,-0.002,0.016,0.023,Domestic
1945,1945,46,"Jul 21, 2006",My Super Ex-Girlfriend,30000000,22530295,60772856,38242561,-7469705,8242561,30772856,-0.002,0.002,0.009,Domestic
1946,1946,47,"Aug 25, 2017",Ballerina,30000000,21858070,96892829,75034759,-8141930,45034759,66892829,-0.002,0.013,0.019,Domestic
1947,1947,48,"Sep 17, 2004",Mr. 3000,30000000,21800302,21827296,26994,-8199698,-29973006,-8172704,-0.002,-0.009,-0.002,Domestic
1948,1948,49,"Nov 19, 2010",The Next Three Days,30000000,21148651,67255916,46107265,-8851349,16107265,37255916,-0.003,0.005,0.011,Domestic
1949,1949,50,"Jan 12, 2018",Proud Mary,30000000,20868638,21709539,840901,-9131362,-29159099,-8290461,-0.003,-0.008,-0.002,Domestic
1950,1950,51,"Aug 6, 2004",Little Black Book,30000000,20422207,21758371,1336164,-9577793,-28663836,-8241629,-0.003,-0.008,-0.002,Domestic
1951,1951,52,"Jan 19, 2005",Assault On Precinct 13,30000000,20040895,36040895,16000000,-9959105,-14000000,6040895,-0.003,-0.004,0.002,Domestic
1952,1952,53,"Oct 4, 2013",Runner Runner,30000000,19316646,60512680,41196034,-10683354,11196034,30512680,-0.003,0.003,0.009,Domestic
1953,1953,54,"Feb 6, 1998",The Replacement Killers,30000000,19035741,19035741,0,-10964259,-30000000,-10964259,-0.003,-0.009,-0.003,Domestic
1954,1954,55,"Apr 28, 2017",Baahubali 2: The Conclusion,30000000,18985794,263502914,244517120,-11014206,214517120,233502914,-0.003,0.062,0.067,Domestic
1955,1955,56,"Mar 3, 2006",Ultraviolet,30000000,18522064,30962112,12440048,-11477936,-17559952,962112,-0.003,-0.005,0.0,Domestic
1956,1956,57,"Oct 21, 2005",North Country,30000000,18324242,23676771,5352529,-11675758,-24647471,-6323229,-0.003,-0.007,-0.002,Domestic
1957,1957,58,"Aug 19, 2011",Fright Night,30000000,18298649,40520649,22222000,-11701351,-7778000,10520649,-0.003,-0.002,0.003,Domestic
1958,1958,59,"Sep 15, 2017",mother!,30000000,17800004,42531076,24731072,-12199996,-5268928,12531076,-0.004,-0.002,0.004,Domestic
1959,1959,60,"Oct 9, 2015",Steve Jobs,30000000,17766658,35579007,17812349,-12233342,-12187651,5579007,-0.004,-0.004,0.002,Domestic
1960,1960,61,"Jul 17, 2002",Eight Legged Freaks,30000000,17266505,36722311,19455806,-12733495,-10544194,6722311,-0.004,-0.003,0.002,Domestic
1961,1961,62,"Jul 19, 1996",Fled,30000000,17192205,19892205,2700000,-12807795,-27300000,-10107795,-0.004,-0.008,-0.003,Domestic
1962,1962,63,"Jun 4, 2010",Splice,30000000,17010170,28542494,11532324,-12989830,-18467676,-1457506,-0.004,-0.005,-0.0,Domestic
1963,1963,64,"Apr 18, 2008",88 Minutes,30000000,16930884,32955399,16024515,-13069116,-13975485,2955399,-0.004,-0.004,0.001,Domestic
1964,1964,65,"Apr 9, 2004",The Whole Ten Yards,30000000,16323969,26323969,10000000,-13676031,-20000000,-3676031,-0.004,-0.006,-0.001,Domestic
1965,1965,66,"Aug 1, 1986",Howard the Duck,30000000,16295774,16295774,0,-13704226,-30000000,-13704226,-0.004,-0.009,-0.004,Domestic
1966,1966,67,"Oct 24, 2008",Pride and Glory,30000000,15740721,43440721,27700000,-14259279,-2300000,13440721,-0.004,-0.001,0.004,Domestic
1967,1967,68,"Aug 26, 2005",The Cave,30000000,15007991,27147991,12140000,-14992009,-17860000,-2852009,-0.004,-0.005,-0.001,Domestic
1968,1968,69,"Apr 30, 2004",Godsend,30000000,14334645,16910708,2576063,-15665355,-27423937,-13089292,-0.005,-0.008,-0.004,Domestic
1969,1969,70,"Jun 20, 2003",Alex & Emma,30000000,14208384,15358583,1150199,-15791616,-28849801,-14641417,-0.005,-0.008,-0.004,Domestic
1970,1970,71,"Sep 3, 2004",Wicker Park,30000000,13001257,21577076,8575819,-16998743,-21424181,-8422924,-0.005,-0.006,-0.002,Domestic
1971,1971,72,"Dec 25, 2005",The New World,30000000,12712093,26184400,13472307,-17287907,-16527693,-3815600,-0.005,-0.005,-0.001,Domestic
1972,1972,73,"Jun 29, 2007",Evening,30000000,12406646,12885574,478928,-17593354,-29521072,-17114426,-0.005,-0.009,-0.005,Domestic
1973,1973,74,"Jan 18, 2013",The Last Stand,30000000,12050299,48330757,36280458,-17949701,6280458,18330757,-0.005,0.002,0.005,Domestic
1974,1974,75,"Jan 15, 1999",In Dreams,30000000,12017369,12017369,0,-17982631,-30000000,-17982631,-0.005,-0.009,-0.005,Domestic
1975,1975,76,"Mar 12, 1999",Wing Commander,30000000,11578022,11578022,0,-18421978,-30000000,-18421978,-0.005,-0.009,-0.005,Domestic
1976,1976,77,"Jan 12, 2001",Antitrust,30000000,10965209,17865209,6900000,-19034791,-23100000,-12134791,-0.005,-0.007,-0.004,Domestic
1977,1977,78,"Mar 8, 2013",Dead Man Down,30000000,10895295,19599974,8704679,-19104705,-21295321,-10400026,-0.006,-0.006,-0.003,Domestic
1978,1978,79,"Apr 29, 2011",Hoodwinked Too: Hood vs. Evil,30000000,10143779,23353111,13209332,-19856221,-16790668,-6646889,-0.006,-0.005,-0.002,Domestic
1979,1979,80,"Apr 10, 2009",Dragonball Evolution,30000000,9362785,58228460,48865675,-20637215,18865675,28228460,-0.006,0.005,0.008,Domestic
1980,1980,81,"Sep 24, 2004",First Daughter,30000000,9055010,10419084,1364074,-20944990,-28635926,-19580916,-0.006,-0.008,-0.006,Domestic
1981,1981,82,"Apr 14, 2017",The Lost City of Z,30000000,8574339,17121823,8547484,-21425661,-21452516,-12878177,-0.006,-0.006,-0.004,Domestic
1982,1982,83,"Sep 9, 2005",An Unfinished Life,30000000,8535575,18535575,10000000,-21464425,-20000000,-11464425,-0.006,-0.006,-0.003,Domestic
1983,1983,84,"Feb 3, 2017",The Space Between Us,30000000,7885294,16481405,8596111,-22114706,-21403889,-13518595,-0.006,-0.006,-0.004,Domestic
1984,1984,85,"Dec 25, 2009",The Imaginarium of Doctor Parnassus,30000000,7689607,64352607,56663000,-22310393,26663000,34352607,-0.006,0.008,0.01,Domestic
1985,1985,86,"Jan 14, 2011",Barney's Version,30000000,7502560,8845575,1343015,-22497440,-28656985,-21154425,-0.006,-0.008,-0.006,Domestic
1986,1986,87,"Sep 20, 2002",Trapped,30000000,6916869,6916869,0,-23083131,-30000000,-23083131,-0.007,-0.009,-0.007,Domestic
1987,1987,88,"Aug 31, 2018",Kin,30000000,5718096,10096821,4378725,-24281904,-25621275,-19903179,-0.007,-0.007,-0.006,Domestic
1988,1988,89,"Jun 1, 1984",Once Upon a Time in America,30000000,5321508,5575648,254140,-24678492,-29745860,-24424352,-0.007,-0.009,-0.007,Domestic
1989,1989,90,"Sep 22, 2017",Stronger,30000000,4211129,8786752,4575623,-25788871,-25424377,-21213248,-0.007,-0.007,-0.006,Domestic
1990,1990,91,"Jan 22, 1999",Gloria,30000000,4167493,4967493,800000,-25832507,-29200000,-25032507,-0.007,-0.008,-0.007,Domestic
1991,1991,92,"Sep 21, 2007",The Assassination of Jesse James by the Coward Robert Ford,30000000,3909149,15313631,11404482,-26090851,-18595518,-14686369,-0.008,-0.005,-0.004,Domestic
1992,1992,93,"Dec 29, 2004",The Merchant of Venice,30000000,3765585,18765585,15000000,-26234415,-15000000,-11234415,-0.008,-0.004,-0.003,Domestic
1993,1993,94,"Apr 2, 2003",The Good Thief,30000000,3517797,6460758,2942961,-26482203,-27057039,-23539242,-0.008,-0.008,-0.007,Domestic
1994,1994,95,"Aug 17, 2005",Supercross,30000000,3102550,3252550,150000,-26897450,-29850000,-26747450,-0.008,-0.009,-0.008,Domestic
1995,1995,96,"Dec 29, 2006",Miss Potter,30000000,3005605,35891257,32885652,-26994395,2885652,5891257,-0.008,0.001,0.002,Domestic
1996,1996,97,"May 5, 2006",Wu ji,30000000,669625,35869934,35200309,-29330375,5200309,5869934,-0.008,0.002,0.002,Domestic
1997,1997,98,"Jun 14, 2019",Shaft,30000000,600000,600000,0,-29400000,-30000000,-29400000,-0.008,-0.009,-0.008,Domestic
1998,1998,99,"Sep 23, 2011",Machine Gun Preacher,30000000,538690,3721988,3183298,-29461310,-26816702,-26278012,-0.009,-0.008,-0.008,Domestic
1999,1999,100,"Feb 2, 2018",Bilal: A New Breed of Hero,30000000,490973,648599,157626,-29509027,-29842374,-29351401,-0.009,-0.009,-0.008,Domestic
2000,2000,1,"Jun 15, 2007",DOA: Dead or Alive,30000000,480314,7755686,7275372,-29519686,-22724628,-22244314,-0.009,-0.007,-0.006,Domestic
2001,2001,2,"Feb 19, 2010",Le Petit Nicolas,30000000,201857,52339566,52137709,-29798143,22137709,22339566,-0.009,0.006,0.006,Domestic
2002,2002,3,"Oct 7, 2011",Xinhai geming,30000000,135739,8593154,8457415,-29864261,-21542585,-21406846,-0.009,-0.006,-0.006,Domestic
2003,2003,4,"Feb 21, 2008",Genghis Khan: To the Ends of the Earth and Sea,30000000,3892,4874498,4870606,-29996108,-25129394,-25125502,-0.009,-0.007,-0.007,Domestic
2004,2004,5,"Jan 30, 2015",Wild Card,30000000,3200,4315789,4312589,-29996800,-25687411,-25684211,-0.009,-0.007,-0.007,Domestic
2005,2005,6,"Jun 5, 2015",United Passions,30000000,918,168832,167914,-29999082,-29832086,-29831168,-0.009,-0.009,-0.009,Domestic
2012,2012,13,"Feb 24, 2017",Collide,29200000,2280004,5466698,3186694,-26919996,-26013306,-23733302,-0.008,-0.008,-0.007,Domestic
2013,2013,14,"May 15, 2015",Pitch Perfect 2,29000000,184296230,287625468,103329238,155296230,74329238,258625468,0.045,0.021,0.075,Domestic
2014,2014,15,"Nov 18, 2005",Walk the Line,29000000,119519402,187707495,68188093,90519402,39188093,158707495,0.026,0.011,0.046,Domestic
2015,2015,16,"Sep 28, 2018",Night School,29000000,77339130,103008792,25669662,48339130,-3330338,74008792,0.014,-0.001,0.021,Domestic
2016,2016,17,"Apr 8, 2016",The Boss,29000000,63077560,78652207,15574647,34077560,-13425353,49652207,0.01,-0.004,0.014,Domestic
2017,2017,18,"Dec 27, 1995",12 Monkeys,29000000,57141459,168841459,111700000,28141459,82700000,139841459,0.008,0.024,0.04,Domestic
2018,2018,19,"Sep 12, 2003",Once Upon a Time in Mexico,29000000,56330657,97413527,41082870,27330657,12082870,68413527,0.008,0.003,0.02,Domestic
2019,2019,20,"Apr 14, 2000",Keeping the Faith,29000000,37036404,45336404,8300000,8036404,-20700000,16336404,0.002,-0.006,0.005,Domestic
2020,2020,21,"Aug 18, 2017",Logan Lucky,29000000,27778642,44264271,16485629,-1221358,-12514371,15264271,-0.0,-0.004,0.004,Domestic
2021,2021,22,"Aug 12, 2016",Florence Foster Jenkins,29000000,27383770,56000339,28616569,-1616230,-383431,27000339,-0.0,-0.0,0.008,Domestic
2022,2022,23,"Feb 13, 1998",The Borrowers,29000000,22619589,54045832,31426243,-6380411,2426243,25045832,-0.002,0.001,0.007,Domestic
2023,2023,24,"Dec 5, 2008",Frost/Nixon,29000000,18622031,28452945,9830914,-10377969,-19169086,-547055,-0.003,-0.006,-0.0,Domestic
2024,2024,25,"Nov 12, 2004",Seed of Chucky,29000000,17016190,24716190,7700000,-11983810,-21300000,-4283810,-0.003,-0.006,-0.001,Domestic
2025,2025,26,"Aug 23, 2002",Serving Sara,29000000,16930185,20146150,3215965,-12069815,-25784035,-8853850,-0.003,-0.007,-0.003,Domestic
2026,2026,27,"Dec 31, 2002",Confessions of a Dangerous Mind,29000000,16007718,33013805,17006087,-12992282,-11993913,4013805,-0.004,-0.003,0.001,Domestic
2027,2027,28,"Aug 26, 2009",Taking Woodstock,29000000,7460204,10066366,2606162,-21539796,-26393838,-18933634,-0.006,-0.008,-0.005,Domestic
2028,2028,29,"Nov 6, 1987",Cry Freedom,29000000,5899797,25899797,20000000,-23100203,-9000000,-3100203,-0.007,-0.003,-0.001,Domestic
2030,2030,31,"Sep 24, 1999",Mumford,28700000,4559569,4559569,0,-24140431,-28700000,-24140431,-0.007,-0.008,-0.007,Domestic
2031,2031,32,"Mar 4, 2005",The Jacket,28500000,6301131,15452978,9151847,-22198869,-19348153,-13047022,-0.006,-0.006,-0.004,Domestic
2032,2032,33,"Nov 11, 1992",Aladdin,28000000,217350219,504050219,286700000,189350219,258700000,476050219,0.055,0.075,0.137,Domestic
2033,2033,34,"May 23, 1984",Indiana Jones and the Temple of Doom,28000000,179880271,333080271,153200000,151880271,125200000,305080271,0.044,0.036,0.088,Domestic
2034,2034,35,"Aug 14, 2015",Straight Outta Compton,28000000,161197785,202182981,40985196,133197785,12985196,174182981,0.038,0.004,0.05,Domestic
2035,2035,36,"Jul 21, 2017",Girls Trip,28000000,115108515,140886353,25777838,87108515,-2222162,112886353,0.025,-0.001,0.033,Domestic
2036,2036,37,"Nov 20, 1998",The Rugrats Movie,28000000,100494685,140894685,40400000,72494685,12400000,112894685,0.021,0.004,0.033,Domestic
2037,2037,38,"Jul 15, 1988",Die Hard,28000000,81350242,139109346,57759104,53350242,29759104,111109346,0.015,0.009,0.032,Domestic
2038,2038,39,"Apr 6, 2001",Along Came a Spider,28000000,74058698,105159085,31100387,46058698,3100387,77159085,0.013,0.001,0.022,Domestic
2039,2039,40,"Nov 1, 2017",A Bad Moms Christmas,28000000,72110659,127710550,55599891,44110659,27599891,99710550,0.013,0.008,0.029,Domestic
2040,2040,41,"Feb 14, 2013",Safe Haven,28000000,71399120,94050951,22651831,43399120,-5348169,66050951,0.013,-0.002,0.019,Domestic
2041,2041,42,"Dec 11, 2015",The Big Short,28000000,70259870,133162752,62902882,42259870,34902882,105162752,0.012,0.01,0.03,Domestic
2042,2042,43,"Nov 7, 2008",Role Models,28000000,67300955,94500826,27199871,39300955,-800129,66500826,0.011,-0.0,0.019,Domestic
2043,2043,44,"Oct 10, 2014","Alexander and the Terrible, Horrible, No Good, Very Bad Day",28000000,66954149,101379287,34425138,38954149,6425138,73379287,0.011,0.002,0.021,Domestic
2044,2044,45,"Feb 6, 2004",Miracle,28000000,64378093,64474705,96612,36378093,-27903388,36474705,0.011,-0.008,0.011,Domestic
2045,2045,46,"Jan 28, 2013",Last Vegas,28000000,63914167,112914167,49000000,35914167,21000000,84914167,0.01,0.006,0.025,Domestic
2046,2046,47,"Jan 26, 2001",The Wedding Planner,28000000,60400856,94728529,34327673,32400856,6327673,66728529,0.009,0.002,0.019,Domestic
2047,2047,48,"Mar 19, 2004",Dawn of the Dead,28000000,58990765,103452875,44462110,30990765,16462110,75452875,0.009,0.005,0.022,Domestic
2048,2048,49,"Jun 26, 1981",For Your Eyes Only,28000000,54800000,195300000,140500000,26800000,112500000,167300000,0.008,0.032,0.048,Domestic
2049,2049,50,"Jun 15, 2018",Tag,28000000,54730625,77026186,22295561,26730625,-5704439,49026186,0.008,-0.002,0.014,Domestic
2050,2050,51,"Dec 14, 2001",The Royal Tenenbaums,28000000,52353636,71430876,19077240,24353636,-8922760,43430876,0.007,-0.003,0.013,Domestic
2051,2051,52,"Apr 25, 2003",Identity,28000000,52131264,82183683,30052419,24131264,2052419,54183683,0.007,0.001,0.016,Domestic
2052,2052,53,"Oct 5, 2001",Serendipity,28000000,50255310,77477297,27221987,22255310,-778013,49477297,0.006,-0.0,0.014,Domestic
2053,2053,54,"Apr 16, 2010",Kick-Ass,28000000,48071303,97531134,49459831,20071303,21459831,69531134,0.006,0.006,0.02,Domestic
2054,2054,55,"Sep 28, 2001",Zoolander,28000000,45172250,60780981,15608731,17172250,-12391269,32780981,0.005,-0.004,0.009,Domestic
2055,2055,56,"Sep 16, 1994",Timecop,28000000,44853581,102053581,57200000,16853581,29200000,74053581,0.005,0.008,0.021,Domestic
2056,2056,57,"Jul 27, 2007",No Reservations,28000000,43107979,91943956,48835977,15107979,20835977,63943956,0.004,0.006,0.018,Domestic
2057,2057,58,"Jul 16, 1993",Hocus Pocus,28000000,39360491,39360491,0,11360491,-28000000,11360491,0.003,-0.008,0.003,Domestic
2058,2058,59,"Nov 11, 2005",Pride & Prejudice,28000000,38372662,126549607,88176945,10372662,60176945,98549607,0.003,0.017,0.028,Domestic
2059,2059,60,"Aug 12, 2011",30 Minutes or Less,28000000,37053924,40966716,3912792,9053924,-24087208,12966716,0.003,-0.007,0.004,Domestic
2060,2060,61,"Dec 22, 2000",Dracula 2000,28000000,33000377,33000377,0,5000377,-28000000,5000377,0.001,-0.008,0.001,Domestic
2061,2061,62,"Jun 25, 1982",Blade Runner,28000000,32656328,39342912,6686584,4656328,-21313416,11342912,0.001,-0.006,0.003,Domestic
2062,2062,63,"Apr 7, 1995",Rob Roy,28000000,31390587,31390587,0,3390587,-28000000,3390587,0.001,-0.008,0.001,Domestic
2063,2063,64,"Feb 21, 2014",3 Days to Kill,28000000,30697999,38959900,8261901,2697999,-19738099,10959900,0.001,-0.006,0.003,Domestic
2064,2064,65,"Aug 16, 2013",Kick-Ass 2,28000000,28795985,63129909,34333924,795985,6333924,35129909,0.0,0.002,0.01,Domestic
2065,2065,66,"Oct 12, 2007",We Own the Night,28000000,28563179,55307857,26744678,563179,-1255322,27307857,0.0,-0.0,0.008,Domestic
2066,2066,67,"Sep 19, 2014",A Walk Among the Tombstones,28000000,26017685,62108587,36090902,-1982315,8090902,34108587,-0.001,0.002,0.01,Domestic
2067,2067,68,"Jan 15, 2010",The Spy Next Door,28000000,24307106,46752858,22445752,-3692894,-5554248,18752858,-0.001,-0.002,0.005,Domestic
2068,2068,69,"Apr 25, 2014",Brick Mansions,28000000,20396829,73421224,53024395,-7603171,25024395,45421224,-0.002,0.007,0.013,Domestic
2069,2069,70,"May 12, 2006",Just My Luck,28000000,17326650,38159905,20833255,-10673350,-7166745,10159905,-0.003,-0.002,0.003,Domestic
2070,2070,71,"Oct 13, 2000",Lost Souls,28000000,16779636,31320293,14540657,-11220364,-13459343,3320293,-0.003,-0.004,0.001,Domestic
2071,2071,72,"Aug 21, 2015",American Ultra,28000000,14439985,30295028,15855043,-13560015,-12144957,2295028,-0.004,-0.004,0.001,Domestic
2072,2072,73,"Apr 18, 2003",Winged Migration,28000000,11689053,39134983,27445930,-16310947,-554070,11134983,-0.005,-0.0,0.003,Domestic
2073,2073,74,"Feb 5, 2016",Pride and Prejudice and Zombies,28000000,10907291,16638300,5731009,-17092709,-22268991,-11361700,-0.005,-0.006,-0.003,Domestic
2074,2074,75,"Oct 1, 1999","Mystery, Alaska",28000000,8891623,8891623,0,-19108377,-28000000,-19108377,-0.006,-0.008,-0.006,Domestic
2075,2075,76,"Aug 24, 2001",John Carpenterâs Ghosts of Mars,28000000,8434601,8434601,0,-19565399,-28000000,-19565399,-0.006,-0.008,-0.006,Domestic
2076,2076,77,"Jul 11, 1997",A Simple Wish,28000000,8165213,8165213,0,-19834787,-28000000,-19834787,-0.006,-0.008,-0.006,Domestic
2077,2077,78,"Oct 30, 2015",Our Brand is Crisis,28000000,7002261,8594558,1592297,-20997739,-26407703,-19405442,-0.006,-0.008,-0.006,Domestic
2078,2078,79,"Dec 25, 1997",Kundun,28000000,5686694,5686694,0,-22313306,-28000000,-22313306,-0.006,-0.008,-0.006,Domestic
2079,2079,80,"Oct 3, 2008",How to Lose Friends & Alienate People,28000000,2775593,12031443,9255850,-25224407,-18744150,-15968557,-0.007,-0.005,-0.005,Domestic
2081,2081,82,"Jun 1, 2007",Knocked Up,27500000,148761765,219265952,70504187,121261765,43004187,191765952,0.035,0.012,0.055,Domestic
2082,2082,83,"Jun 10, 1983",Octopussy,27500000,67900000,187500000,119600000,40400000,92100000,160000000,0.012,0.027,0.046,Domestic
2083,2083,84,"Jun 26, 2009",My Sister's Keeper,27500000,49200230,96673002,47472772,21700230,19972772,69173002,0.006,0.006,0.02,Domestic
2084,2084,85,"Feb 8, 2008",Welcome Home Roscoe Jenkins,27500000,42436517,43607627,1171110,14936517,-26328890,16107627,0.004,-0.008,0.005,Domestic
2085,2085,86,"Jan 13, 2012",Joyful Noise,27500000,30932113,31157914,225801,3432113,-27274199,3657914,0.001,-0.008,0.001,Domestic
2086,2086,87,"Dec 14, 1984",A Passage to India,27500000,27187653,27187653,0,-312347,-27500000,-312347,-0.0,-0.008,-0.0,Domestic
2087,2087,88,"Dec 25, 2006",Notes on a Scandal,27500000,17510118,50578411,33068293,-9989882,5568293,23078411,-0.003,0.002,0.007,Domestic
2088,2088,89,"Oct 19, 2007",Rendition,27500000,9736045,26939925,17203880,-17763955,-10296120,-560075,-0.005,-0.003,-0.0,Domestic
2089,2089,90,"Oct 28, 2011",Anonymous,27500000,4463292,15815509,11352217,-23036708,-16147783,-11684491,-0.007,-0.005,-0.003,Domestic
2090,2090,91,"Mar 18, 2011",Limitless,27000000,79249455,155564919,76315464,52249455,49315464,128564919,0.015,0.014,0.037,Domestic
2091,2091,92,"Dec 6, 1991",Star Trek VI: The Undiscovered Country,27000000,74888996,96900000,22011004,47888996,-4988996,69900000,0.014,-0.001,0.02,Domestic
2092,2092,93,"Jun 7, 2002",The Divine Secrets of the Ya-Ya Sisterhood,27000000,69586544,73826768,4240224,42586544,-22759776,46826768,0.012,-0.007,0.014,Domestic
2093,2093,94,"Oct 3, 1997",Kiss the Girls,27000000,60527873,60527873,0,33527873,-27000000,33527873,0.01,-0.008,0.01,Domestic
2094,2094,95,"Jun 20, 1980",The Blues Brothers,27000000,57229890,57229890,0,30229890,-27000000,30229890,0.009,-0.008,0.009,Domestic
2095,2095,96,"Dec 25, 1994",The Jungle Book,27000000,44342956,44342956,0,17342956,-27000000,17342956,0.005,-0.008,0.005,Domestic
2096,2096,97,"Aug 6, 2008",The Sisterhood of the Traveling Pants 2,27000000,44089964,44270131,180167,17089964,-26819833,17270131,0.005,-0.008,0.005,Domestic
2097,2097,98,"May 13, 2016",Money Monster,27000000,41012075,93466095,52454020,14012075,25454020,66466095,0.004,0.007,0.019,Domestic
2098,2098,99,"May 17, 2002",About a Boy,27000000,40803000,130759651,89956651,13803000,62956651,103759651,0.004,0.018,0.03,Domestic
2099,2099,100,"Aug 19, 2011",Spy Kids: All the Time in the World,27000000,38536376,80681183,42144807,11536376,15144807,53681183,0.003,0.004,0.015,Domestic
2100,2100,1,"Jul 16, 1999",Lake Placid,27000000,31770413,31770413,0,4770413,-27000000,4770413,0.001,-0.008,0.001,Domestic
2101,2101,2,"Apr 7, 2006",Lucky Number Slevin,27000000,22495466,55495466,33000000,-4504534,6000000,28495466,-0.001,0.002,0.008,Domestic
2102,2102,3,"Oct 21, 1983",The Right Stuff,27000000,21500000,21500000,0,-5500000,-27000000,-5500000,-0.002,-0.008,-0.002,Domestic
2103,2103,4,"Jul 20, 1984",Die Unendliche Geschichte,27000000,21300000,21392049,92049,-5700000,-26907951,-5607951,-0.002,-0.008,-0.002,Domestic
2104,2104,5,"Feb 27, 1998",Dark City,27000000,14435076,27257061,12821985,-12564924,-14178015,257061,-0.004,-0.004,0.0,Domestic
2105,2105,6,"Sep 19, 2008",The Duchess,27000000,13848978,45160110,31311132,-13151022,4311132,18160110,-0.004,0.001,0.005,Domestic
2106,2106,7,"Oct 1, 2010",Case 39,27000000,13261851,28773827,15511976,-13738149,-11488024,1773827,-0.004,-0.003,0.001,Domestic
2107,2107,8,"Jun 10, 2005",The Honeymooners,27000000,12834849,13174426,339577,-14165151,-26660423,-13825574,-0.004,-0.008,-0.004,Domestic
2108,2108,9,"Jun 21, 1985",Return to Oz,27000000,10618813,10618813,0,-16381187,-27000000,-16381187,-0.005,-0.008,-0.005,Domestic
2109,2109,10,"Mar 27, 1998",The Newton Boys,27000000,10341093,10341093,0,-16658907,-27000000,-16658907,-0.005,-0.008,-0.005,Domestic
2110,2110,11,"Aug 27, 2004",Suspect Zero,27000000,8712564,8712564,0,-18287436,-27000000,-18287436,-0.005,-0.008,-0.005,Domestic
2111,2111,12,"Nov 2, 2007",Martian Child,27000000,7500310,9352089,1851779,-19499690,-25148221,-17647911,-0.006,-0.007,-0.005,Domestic
2112,2112,13,"Oct 18, 2002",Formula 51,27000000,5204007,5204007,0,-21795993,-27000000,-21795993,-0.006,-0.008,-0.006,Domestic
2113,2113,14,"Nov 24, 1999",Flawless,27000000,4485485,4485485,0,-22514515,-27000000,-22514515,-0.007,-0.008,-0.007,Domestic
2114,2114,15,"May 13, 2005",Mindhunters,27000000,4476235,16566235,12090000,-22523765,-14910000,-10433765,-0.007,-0.004,-0.003,Domestic
2115,2115,16,"Oct 17, 2008",What Just Happened,27000000,1090947,2412123,1321176,-25909053,-25678824,-24587877,-0.007,-0.007,-0.007,Domestic
2116,2116,17,"Dec 12, 2003",The Statement,27000000,765637,1545064,779427,-26234363,-26220573,-25454936,-0.008,-0.008,-0.007,Domestic
2118,2118,19,"Nov 23, 2016",Rules Donât Apply,26700000,3652206,3871448,219242,-23047794,-26480758,-22828552,-0.007,-0.008,-0.007,Domestic
2119,2119,20,"Jan 16, 2009",Paul Blart: Mall Cop,26000000,146336178,185904750,39568572,120336178,13568572,159904750,0.035,0.004,0.046,Domestic
2120,2120,21,"Aug 6, 2003",Freaky Friday,26000000,110222438,160822438,50600000,84222438,24600000,134822438,0.024,0.007,0.039,Domestic
2121,2121,22,"Aug 19, 2005",The 40 Year-old Virgin,26000000,109449237,177344230,67894993,83449237,41894993,151344230,0.024,0.012,0.044,Domestic
2122,2122,23,"Dec 11, 1998",Shakespeare in Love,26000000,100317794,279500000,179182206,74317794,153182206,253500000,0.021,0.044,0.073,Domestic
2123,2123,24,"Dec 21, 1990",Kindergarten Cop,26000000,91457688,202000000,110542312,65457688,84542312,176000000,0.019,0.024,0.051,Domestic
2124,2124,25,"Aug 6, 2008",Pineapple Express,26000000,87341380,102404019,15062639,61341380,-10937361,76404019,0.018,-0.003,0.022,Domestic
2125,2125,26,"Dec 22, 1993",Philadelphia,26000000,77324422,201324422,124000000,51324422,98000000,175324422,0.015,0.028,0.051,Domestic
2126,2126,27,"Jul 31, 1998",Ever After: A Cinderella Story,26000000,65705772,65705772,0,39705772,-26000000,39705772,0.011,-0.008,0.011,Domestic
2127,2127,28,"Aug 10, 1990",Flatliners,26000000,61308153,61308153,0,35308153,-26000000,35308153,0.01,-0.008,0.01,Domestic
2128,2128,29,"Aug 15, 2003",Open Range,26000000,58331254,68613992,10282738,32331254,-15717262,42613992,0.009,-0.005,0.012,Domestic
2129,2129,30,"Aug 19, 2005",Red Eye,26000000,57891803,96666486,38774683,31891803,12774683,70666486,0.009,0.004,0.02,Domestic
2130,2130,31,"Dec 9, 2011",New Yearâs Eve,26000000,54544638,146850273,92305635,28544638,66305635,120850273,0.008,0.019,0.035,Domestic
2131,2131,32,"Jun 15, 1977",A Bridge Too Far,26000000,50800000,50800000,0,24800000,-26000000,24800000,0.007,-0.008,0.007,Domestic
2132,2132,33,"Apr 26, 2013",Pain & Gain,26000000,49875291,81275291,31400000,23875291,5400000,55275291,0.007,0.002,0.016,Domestic
2133,2133,34,"Jan 31, 2003",Final Destination 2,26000000,46896664,90396664,43500000,20896664,17500000,64396664,0.006,0.005,0.019,Domestic
2134,2134,35,"Dec 22, 2000","O Brother, Where Art Thou?",26000000,45506619,75763814,30257195,19506619,4257195,49763814,0.006,0.001,0.014,Domestic
2135,2135,36,"Dec 29, 2004",In Good Company,26000000,45489752,63489752,18000000,19489752,-8000000,37489752,0.006,-0.002,0.011,Domestic
2136,2136,37,"Jan 22, 2010",Legion,26000000,40168080,67647574,27479494,14168080,1479494,41647574,0.004,0.0,0.012,Domestic
2137,2137,38,"Aug 29, 2012",Lawless,26000000,37397291,54393687,16996396,11397291,-9003604,28393687,0.003,-0.003,0.008,Domestic
2138,2138,39,"Mar 29, 2002",Clockstoppers,26000000,36985501,38788828,1803327,10985501,-24196673,12788828,0.003,-0.007,0.004,Domestic
2139,2139,40,"Jul 10, 1985",Silverado,26000000,33200000,33200000,0,7200000,-26000000,7200000,0.002,-0.008,0.002,Domestic
2140,2140,41,"Dec 4, 2009",Brothers,26000000,28544157,45043870,16499713,2544157,-9500287,19043870,0.001,-0.003,0.005,Domestic
2141,2141,42,"Oct 17, 2014",The Best of Me,26000000,26766213,41059418,14293205,766213,-11706795,15059418,0.0,-0.003,0.004,Domestic
2142,2142,43,"Mar 12, 2004",Agent Cody Banks 2: Destination London,26000000,23514247,28703083,5188836,-2485753,-20811164,2703083,-0.001,-0.006,0.001,Domestic
2143,2143,44,"Aug 3, 2001",Original Sin,26000000,16521410,16521410,0,-9478590,-26000000,-9478590,-0.003,-0.008,-0.003,Domestic
2144,2144,45,"Apr 27, 2012",The Raven,26000000,16008272,30601801,14593529,-9991728,-11406471,4601801,-0.003,-0.003,0.001,Domestic
2145,2145,46,"Feb 20, 2004",Welcome to Mooseport,26000000,14469428,14469428,0,-11530572,-26000000,-11530572,-0.003,-0.008,-0.003,Domestic
2146,2146,47,"Jan 27, 1995",Highlander: The Final Dimension,26000000,13738574,13738574,0,-12261426,-26000000,-12261426,-0.004,-0.008,-0.004,Domestic
2147,2147,48,"Jul 10, 2015",Self/Less,26000000,12279691,33667319,21387628,-13720309,-4612372,7667319,-0.004,-0.001,0.002,Domestic
2148,2148,49,"Aug 24, 2001",The Curse of the Jade Scorpion,26000000,7496522,18496522,11000000,-18503478,-15000000,-7503478,-0.005,-0.004,-0.002,Domestic
2149,2149,50,"Oct 18, 2013",The Fifth Estate,26000000,3254172,6154172,2900000,-22745828,-23100000,-19845828,-0.007,-0.007,-0.006,Domestic
2150,2150,51,"Feb 21, 1997",Blood and Wine,26000000,1083350,1083350,0,-24916650,-26000000,-24916650,-0.007,-0.008,-0.007,Domestic
2151,2151,52,"Mar 21, 2014",Blood Ties,26000000,42472,2923959,2881487,-25957528,-23118513,-23076041,-0.007,-0.007,-0.007,Domestic
2152,2152,53,"Aug 24, 1997",The Grimm Brothers' Snow White,26000000,5000,5000,0,-25995000,-26000000,-25995000,-0.008,-0.008,-0.008,Domestic
2156,2156,57,"May 17, 1996",Flipper,25530000,20080020,30593313,10513293,-5449980,-15016707,5063313,-0.002,-0.004,0.001,Domestic
2157,2157,58,"Aug 31, 2005",The Constant Gardener,25500000,33579798,86301599,52721801,8079798,27221801,60801599,0.002,0.008,0.018,Domestic
2158,2158,59,"Oct 17, 2008",W.,25100000,25534493,28575778,3041285,434493,-22058715,3475778,0.0,-0.006,0.001,Domestic
2159,2159,60,"Feb 25, 2004",The Passion of the Christ,25000000,370782930,622341924,251558994,345782930,226558994,597341924,0.1,0.065,0.172,Domestic
2160,2160,61,"Nov 24, 1993",Mrs. Doubtfire,25000000,219195051,441286003,222090952,194195051,197090952,416286003,0.056,0.057,0.12,Domestic
2161,2161,62,"Dec 16, 1988",Rain Man,25000000,172825435,412800000,239974565,147825435,214974565,387800000,0.043,0.062,0.112,Domestic
2162,2162,63,"Aug 10, 2011",The Help,25000000,169705587,213120004,43414417,144705587,18414417,188120004,0.042,0.005,0.054,Domestic
2163,2163,64,"Dec 25, 2016",Hidden Figures,25000000,169607287,231771716,62164429,144607287,37164429,206771716,0.042,0.011,0.06,Domestic
2164,2164,65,"Dec 12, 2008",Gran Torino,25000000,148095302,274543085,126447783,123095302,101447783,249543085,0.036,0.029,0.072,Domestic
2165,2165,66,"Jan 30, 2009",Taken,25000000,145000989,226941585,81940596,120000989,56940596,201941585,0.035,0.016,0.058,Domestic
2166,2166,67,"Jan 17, 2014",Ride Along,25000000,134202565,153733800,19531235,109202565,-5468765,128733800,0.032,-0.002,0.037,Domestic
2167,2167,68,"Nov 25, 1992",The Bodyguard,25000000,121945720,410899039,288953319,96945720,263953319,385899039,0.028,0.076,0.111,Domestic
2168,2168,69,"Dec 15, 1993",Schindlerâs List,25000000,96898818,322197132,225298314,71898818,200298314,297197132,0.021,0.058,0.086,Domestic
2169,2169,70,"Jul 2, 2003","Legally Blonde 2: Red, White & Blonde",25000000,90639088,125339088,34700000,65639088,9700000,100339088,0.019,0.003,0.029,Domestic
2170,2170,71,"Mar 26, 2004",Scooby-Doo 2: Monsters Unleashed,25000000,84185387,181185387,97000000,59185387,72000000,156185387,0.017,0.021,0.045,Domestic
2171,2171,72,"Jul 9, 2004",Anchorman: The Legend of Ron Burgundy,25000000,84136909,89476265,5339356,59136909,-19660644,64476265,0.017,-0.006,0.019,Domestic
2172,2172,73,"Aug 15, 2003",Freddy vs. Jason,25000000,82622655,114576403,31953748,57622655,6953748,89576403,0.017,0.002,0.026,Domestic
2173,2173,74,"Feb 16, 2007",Bridge to Terabithia,25000000,82234139,137984788,55750649,57234139,30750649,112984788,0.017,0.009,0.033,Domestic
2174,2174,75,"Dec 21, 2001",Jimmy Neutron: Boy Genius,25000000,80936232,102992536,22056304,55936232,-2943696,77992536,0.016,-0.001,0.023,Domestic
2175,2175,76,"Jan 18, 2008",Cloverfield,25000000,80048433,171302226,91253793,55048433,66253793,146302226,0.016,0.019,0.042,Domestic
2176,2176,77,"Feb 5, 2010",Dear John,25000000,80014842,142033509,62018667,55014842,37018667,117033509,0.016,0.011,0.034,Domestic
2177,2177,78,"Mar 22, 1991",Teenage Mutant Ninja Turtles II: The Secret of the Ooze,25000000,78656813,78656813,0,53656813,-25000000,53656813,0.015,-0.007,0.015,Domestic
2178,2178,79,"Dec 25, 2012",Parental Guidance,25000000,77267296,120832383,43565087,52267296,18565087,95832383,0.015,0.005,0.028,Domestic
2179,2179,80,"Jun 3, 1987",The Untouchables,25000000,76270454,76270454,0,51270454,-25000000,51270454,0.015,-0.007,0.015,Domestic
2180,2180,81,"Nov 9, 2007",No Country for Old Men,25000000,74273505,164035753,89762248,49273505,64762248,139035753,0.014,0.019,0.04,Domestic
2181,2181,82,"Apr 13, 2001",Bridget Jones's Diary,25000000,71500556,281527158,210026602,46500556,185026602,256527158,0.013,0.053,0.074,Domestic
2182,2182,83,"Dec 15, 2000",Chocolat,25000000,71309760,152500343,81190583,46309760,56190583,127500343,0.013,0.016,0.037,Domestic
2183,2183,84,"Jan 21, 2011",No Strings Attached,25000000,70662220,149228078,78565858,45662220,53565858,124228078,0.013,0.015,0.036,Domestic
2184,2184,85,"Jan 13, 2012",Contraband,25000000,66528000,98406855,31878855,41528000,6878855,73406855,0.012,0.002,0.021,Domestic
2185,2185,86,"Jan 27, 2017",A Dogâs Purpose,25000000,64321890,203671625,139349735,39321890,114349735,178671625,0.011,0.033,0.052,Domestic
2186,2186,87,"Apr 20, 2012",The Lucky One,25000000,60457138,96633833,36176695,35457138,11176695,71633833,0.01,0.003,0.021,Domestic
2187,2187,88,"Dec 25, 1993",Tombstone,25000000,56505065,56505065,0,31505065,-25000000,31505065,0.009,-0.007,0.009,Domestic
2188,2188,89,"Mar 22, 2000",Romeo Must Die,25000000,55973336,91036760,35063424,30973336,10063424,66036760,0.009,0.003,0.019,Domestic
2189,2189,90,"Jun 6, 2006",The Omen,25000000,54607383,119295584,64688201,29607383,39688201,94295584,0.009,0.011,0.027,Domestic
2190,2190,91,"Feb 10, 2006",Final Destination 3,25000000,54098051,112798051,58700000,29098051,33700000,87798051,0.008,0.01,0.025,Domestic
2191,2191,92,"Apr 22, 2011",Madea's Big Happy Family,25000000,53345287,54160818,815531,28345287,-24184469,29160818,0.008,-0.007,0.008,Domestic
2192,2192,93,"Dec 13, 2013",Tyler Perry's A Madea Christmas,25000000,52543354,52543354,0,27543354,-25000000,27543354,0.008,-0.007,0.008,Domestic
2193,2193,94,"Nov 12, 2004",Finding Neverland,25000000,51676606,115036108,63359502,26676606,38359502,90036108,0.008,0.011,0.026,Domestic
2194,2194,95,"Jan 27, 2012",The Grey,25000000,51580136,81249176,29669040,26580136,4669040,56249176,0.008,0.001,0.016,Domestic
2195,2195,96,"Jan 28, 2005",Hide and Seek,25000000,51100486,123696741,72596255,26100486,47596255,98696741,0.008,0.014,0.028,Domestic
2196,2196,97,"May 23, 1986",Cobra,25000000,49042224,49042224,0,24042224,-25000000,24042224,0.007,-0.007,0.007,Domestic
2197,2197,98,"Aug 22, 2008",The House Bunny,25000000,48237389,71390601,23153212,23237389,-1846788,46390601,0.007,-0.001,0.013,Domestic
2198,2198,99,"Mar 14, 2003",Agent Cody Banks,25000000,47545060,58240458,10695398,22545060,-14304602,33240458,0.007,-0.004,0.01,Domestic
2199,2199,100,"Jan 27, 2006",Nanny McPhee,25000000,47279279,128745578,81466299,22279279,56466299,103745578,0.006,0.016,0.03,Domestic
2200,2200,1,"Sep 19, 1990",Goodfellas,25000000,46743809,46777347,33538,21743809,-24966462,21777347,0.006,-0.007,0.006,Domestic
2201,2201,2,"Aug 15, 2014",The Giver,25000000,45090374,66540205,21449831,20090374,-3550169,41540205,0.006,-0.001,0.012,Domestic
2202,2202,3,"Dec 9, 1983",Scarface,25000000,44942821,44942821,0,19942821,-25000000,19942821,0.006,-0.007,0.006,Domestic
2203,2203,4,"Jul 18, 1997",Nothing To Lose,25000000,44480039,64594061,20114022,19480039,-4885978,39594061,0.006,-0.001,0.011,Domestic
2204,2204,5,"Nov 20, 1987",The Last Emperor,25000000,43984987,44005073,20086,18984987,-24979914,19005073,0.005,-0.007,0.005,Domestic
2205,2205,6,"Nov 20, 2015",The Night Before,25000000,43035725,52427346,9391621,18035725,-15608379,27427346,0.005,-0.005,0.008,Domestic
2206,2206,7,"Oct 15, 1993",The Beverly Hillbillies,25000000,42222647,55598481,13375834,17222647,-11624166,30598481,0.005,-0.003,0.009,Domestic
2207,2207,8,"Dec 27, 2002",The Hours,25000000,41675994,97030468,55354474,16675994,30354474,72030468,0.005,0.009,0.021,Domestic
2208,2208,9,"Aug 22, 1997",Money Talks,25000000,41076865,41076865,0,16076865,-25000000,16076865,0.005,-0.007,0.005,Domestic
2209,2209,10,"Dec 26, 2007",There Will Be Blood,25000000,40222514,77208711,36986197,15222514,11986197,52208711,0.004,0.003,0.015,Domestic
2210,2210,11,"Dec 20, 2002",The Wild Thornberrys Movie,25000000,40108697,60694737,20586040,15108697,-4413960,35694737,0.004,-0.001,0.01,Domestic
2211,2211,12,"Jun 13, 2003",Rugrats Go Wild,25000000,39402572,55443032,16040460,14402572,-8959540,30443032,0.004,-0.003,0.009,Domestic
2212,2212,13,"Jun 1, 2005",The Sisterhood of the Traveling Pants,25000000,39053061,41560117,2507056,14053061,-22492944,16560117,0.004,-0.006,0.005,Domestic
2213,2213,14,"May 31, 2002",Undercover Brother,25000000,38230435,40796145,2565710,13230435,-22434290,15796145,0.004,-0.006,0.005,Domestic
2214,2214,15,"Dec 25, 2013",August: Osage County,25000000,37738810,50738810,13000000,12738810,-12000000,25738810,0.004,-0.003,0.007,Domestic
2215,2215,16,"Jul 6, 2001",Kiss of the Dragon,25000000,36833473,36833473,0,11833473,-25000000,11833473,0.003,-0.007,0.003,Domestic
2216,2216,17,"May 16, 2014",Million Dollar Arm,25000000,36447959,39217912,2769953,11447959,-22230047,14217912,0.003,-0.006,0.004,Domestic
2217,2217,18,"Jan 1, 2004",Beauty Shop,25000000,36351350,38351350,2000000,11351350,-23000000,13351350,0.003,-0.007,0.004,Domestic
2218,2218,19,"Apr 4, 2003",What a Girl Wants,25000000,35990505,35990505,0,10990505,-25000000,10990505,0.003,-0.007,0.003,Domestic
2219,2219,20,"Aug 29, 2003",Jeepers Creepers II,25000000,35623801,119923801,84300000,10623801,59300000,94923801,0.003,0.017,0.027,Domestic
2220,2220,21,"Sep 7, 2018",Peppermint,25000000,35418723,51800758,16382035,10418723,-8617965,26800758,0.003,-0.002,0.008,Domestic
2221,2221,22,"Sep 21, 2007",Good Luck Chuck,25000000,35017297,59183821,24166524,10017297,-833476,34183821,0.003,-0.0,0.01,Domestic
2222,2222,23,"Feb 28, 2003",Cradle 2 the Grave,25000000,34657731,56434942,21777211,9657731,-3222789,31434942,0.003,-0.001,0.009,Domestic
2223,2223,24,"Mar 17, 2006",She's the Man,25000000,33889159,55279608,21390449,8889159,-3609551,30279608,0.003,-0.001,0.009,Domestic
2224,2224,25,"Dec 10, 2014",The Gambler,25000000,33680992,38718031,5037039,8680992,-19962961,13718031,0.003,-0.006,0.004,Domestic
2225,2225,26,"Aug 24, 2007",Mr. Beanâs Holiday,25000000,33302167,234981342,201679175,8302167,176679175,209981342,0.002,0.051,0.061,Domestic
2226,2226,27,"Apr 29, 2016",Motherâs Day,25000000,32492859,52367022,19874163,7492859,-5125837,27367022,0.002,-0.001,0.008,Domestic
2227,2227,28,"Oct 16, 1998",Bride of Chucky,25000000,32404188,50692188,18288000,7404188,-6712000,25692188,0.002,-0.002,0.007,Domestic
2228,2228,29,"Feb 17, 2017",Fist Fight,25000000,32187017,40286416,8099399,7187017,-16900601,15286416,0.002,-0.005,0.004,Domestic
2229,2229,30,"Nov 21, 2007",August Rush,25000000,31664162,65882103,34217941,6664162,9217941,40882103,0.002,0.003,0.012,Domestic
2230,2230,31,"Aug 27, 2004",Anacondas: The Hunt for the Blood Orchid,25000000,31526393,70326393,38800000,6526393,13800000,45326393,0.002,0.004,0.013,Domestic
2231,2231,32,"Dec 9, 2011",The Sitter,25000000,30542576,38749404,8206828,5542576,-16793172,13749404,0.002,-0.005,0.004,Domestic
2232,2232,33,"Nov 6, 1998",Elizabeth,25000000,30082699,82150642,52067943,5082699,27067943,57150642,0.001,0.008,0.017,Domestic
2233,2233,34,"Sep 23, 1970","Tora, Tora, Tora",25000000,29548291,29548291,0,4548291,-25000000,4548291,0.001,-0.007,0.001,Domestic
2234,2234,35,"Jan 23, 1998",Spice World,25000000,29342592,56042592,26700000,4342592,1700000,31042592,0.001,0.0,0.009,Domestic
2235,2235,36,"Apr 11, 2014",Draft Day,25000000,28842237,29847480,1005243,3842237,-23994757,4847480,0.001,-0.007,0.001,Domestic
2236,2236,37,"Sep 23, 1994",The Shawshank Redemption,25000000,28241469,28307092,65623,3241469,-24934377,3307092,0.001,-0.007,0.001,Domestic
2237,2237,38,"Feb 3, 2017",Rings,25000000,27793018,82917283,55124265,2793018,30124265,57917283,0.001,0.009,0.017,Domestic
2238,2238,39,"May 22, 2009",Dance Flick,25000000,25794018,32224624,6430606,794018,-18569394,7224624,0.0,-0.005,0.002,Domestic
2239,2239,40,"Apr 20, 2001",Crocodile Dundee in Los Angeles,25000000,25590119,39393111,13802992,590119,-11197008,14393111,0.0,-0.003,0.004,Domestic
2240,2240,41,"Jul 26, 1996",Kingpin,25000000,25023424,32223424,7200000,23424,-17800000,7223424,0.0,-0.005,0.002,Domestic
2241,2241,42,"Mar 18, 2005",Ice Princess,25000000,24381334,25732334,1351000,-618666,-23649000,732334,-0.0,-0.007,0.0,Domestic
2242,2242,43,"Aug 26, 2011",Don't Be Afraid of the Dark,25000000,24046682,39126427,15079745,-953318,-9920255,14126427,-0.0,-0.003,0.004,Domestic
2243,2243,44,"Apr 23, 2010",The Losers,25000000,23591432,29863840,6272408,-1408568,-18727592,4863840,-0.0,-0.005,0.001,Domestic
2244,2244,45,"Apr 24, 2009",Fighting,25000000,23091010,32831707,9740697,-1908990,-15259303,7831707,-0.001,-0.004,0.002,Domestic
2245,2245,46,"Aug 24, 2007",War,25000000,22486409,40686409,18200000,-2513591,-6800000,15686409,-0.001,-0.002,0.005,Domestic
2246,2246,47,"Apr 7, 1995",Don Juan DeMarco,25000000,22032635,22032635,0,-2967365,-25000000,-2967365,-0.001,-0.007,-0.001,Domestic
2247,2247,48,"Apr 22, 2005",A Lot Like Love,25000000,21835784,41921590,20085806,-3164216,-4914194,16921590,-0.001,-0.001,0.005,Domestic
2248,2248,49,"May 1, 1998",He Got Game,25000000,21567853,22411948,844095,-3432147,-24155905,-2588052,-0.001,-0.007,-0.001,Domestic
2249,2249,50,"Feb 11, 2011",The Eagle,25000000,19490041,38993548,19503507,-5509959,-5496493,13993548,-0.002,-0.002,0.004,Domestic
2250,2250,51,"Aug 5, 2015",Shaun the Sheep,25000000,19375982,101925161,82549179,-5624018,57549179,76925161,-0.002,0.017,0.022,Domestic
2251,2251,52,"Sep 2, 2011",Shark Night 3D,25000000,18877153,18877153,0,-6122847,-25000000,-6122847,-0.002,-0.007,-0.002,Domestic
2252,2252,53,"Mar 24, 2017",CHiPS,25000000,18600152,23190292,4590140,-6399848,-20409860,-1809708,-0.002,-0.006,-0.001,Domestic
2253,2253,54,"Oct 11, 2002",Punch-Drunk Love,25000000,17791031,24591031,6800000,-7208969,-18200000,-408969,-0.002,-0.005,-0.0,Domestic
2254,2254,55,"Feb 20, 2004",Eurotrip,25000000,17718223,20718223,3000000,-7281777,-22000000,-4281777,-0.002,-0.006,-0.001,Domestic
2255,2255,56,"Dec 22, 2017",Father Figures,25000000,17501244,21038441,3537197,-7498756,-21462803,-3961559,-0.002,-0.006,-0.001,Domestic
2256,2256,57,"Apr 4, 2008",The Ruins,25000000,17432844,22910563,5477719,-7567156,-19522281,-2089437,-0.002,-0.006,-0.001,Domestic
2257,2257,58,"Oct 25, 2013",The Counselor,25000000,16973715,71009334,54035619,-8026285,29035619,46009334,-0.002,0.008,0.013,Domestic
2258,2258,59,"Dec 8, 2006",Unaccompanied Minors,25000000,16655224,21970831,5315607,-8344776,-19684393,-3029169,-0.002,-0.006,-0.001,Domestic
2259,2259,60,"Dec 7, 2018",Mary Queen of Scots,25000000,16468499,46734733,30266234,-8531501,5266234,21734733,-0.002,0.002,0.006,Domestic
2260,2260,61,"Apr 1, 1988","Bright Lights, Big City",25000000,16118077,16118077,0,-8881923,-25000000,-8881923,-0.003,-0.007,-0.003,Domestic
2261,2261,62,"Nov 15, 2002",Half Past Dead,25000000,15567860,19233280,3665420,-9432140,-21334580,-5766720,-0.003,-0.006,-0.002,Domestic
2262,2262,63,"Apr 18, 1986",Legend,25000000,15502112,23506237,8004125,-9497888,-16995875,-1493763,-0.003,-0.005,-0.0,Domestic
2263,2263,64,"Jul 26, 1996",The Adventures of Pinocchio,25000000,15382170,36682170,21300000,-9617830,-3700000,11682170,-0.003,-0.001,0.003,Domestic
2264,2264,65,"Sep 30, 2005",The Greatest Game Ever Played,25000000,15331289,15468266,136977,-9668711,-24863023,-9531734,-0.003,-0.007,-0.003,Domestic
2265,2265,66,"Nov 6, 2009",The Box,25000000,15051977,34356760,19304783,-9948023,-5695217,9356760,-0.003,-0.002,0.003,Domestic
2266,2266,67,"Mar 3, 2000",The Next Best Thing,25000000,14983572,24355762,9372190,-10016428,-15627810,-644238,-0.003,-0.005,-0.0,Domestic
2267,2267,68,"Oct 8, 2010",My Soul to Take,25000000,14744435,16727470,1983035,-10255565,-23016965,-8272530,-0.003,-0.007,-0.002,Domestic
2268,2268,69,"Apr 9, 2004",The Girl Next Door,25000000,14589444,31635150,17045706,-10410556,-7954294,6635150,-0.003,-0.002,0.002,Domestic
2269,2269,70,"Aug 15, 2008",Fly Me To the Moon,25000000,14543943,43530281,28986338,-10456057,3986338,18530281,-0.003,0.001,0.005,Domestic
2270,2270,71,"Sep 13, 1996",Maximum Risk,25000000,14102929,51702929,37600000,-10897071,12600000,26702929,-0.003,0.004,0.008,Domestic
2271,2271,72,"Sep 13, 2002",Stealing Harvard,25000000,13973532,13973532,0,-11026468,-25000000,-11026468,-0.003,-0.007,-0.003,Domestic
2272,2272,73,"Aug 3, 2007",Hot Rod,25000000,13938332,14334401,396069,-11061668,-24603931,-10665599,-0.003,-0.007,-0.003,Domestic
2273,2273,74,"Sep 9, 2011",Warrior,25000000,13657115,24215385,10558270,-11342885,-14441730,-784615,-0.003,-0.004,-0.0,Domestic
2274,2274,75,"Dec 24, 1999",Angela's Ashes,25000000,13038660,13038660,0,-11961340,-25000000,-11961340,-0.003,-0.007,-0.003,Domestic
2275,2275,76,"Sep 22, 2017",Battle of the Sexes,25000000,12638526,18445379,5806853,-12361474,-19193147,-6554621,-0.004,-0.006,-0.002,Domestic
2276,2276,77,"Dec 21, 2012",Cirque du Soleil: Worlds Away,25000000,12512862,28012862,15500000,-12487138,-9500000,3012862,-0.004,-0.003,0.001,Domestic
2277,2277,78,"Nov 13, 2015",The 33,25000000,12227722,28400715,16172993,-12772278,-8827007,3400715,-0.004,-0.003,0.001,Domestic
2278,2278,79,"Jun 21, 1985",Lifeforce,25000000,11603545,11603545,0,-13396455,-25000000,-13396455,-0.004,-0.007,-0.004,Domestic
2279,2279,80,"Apr 15, 2011",The Conspirator,25000000,11538204,15907411,4369207,-13461796,-20630793,-9092589,-0.004,-0.006,-0.003,Domestic
2280,2280,81,"Jul 3, 2002",The Powerpuff Girls,25000000,11411644,16425701,5014057,-13588356,-19985943,-8574299,-0.004,-0.006,-0.002,Domestic
2281,2281,82,"Jun 3, 2005",The Lords of Dogtown,25000000,11273517,13424365,2150848,-13726483,-22849152,-11575635,-0.004,-0.007,-0.003,Domestic
2282,2282,83,"Jul 1, 1986",Big Trouble in Little China,25000000,11100000,11100000,0,-13900000,-25000000,-13900000,-0.004,-0.007,-0.004,Domestic
2283,2283,84,"Oct 11, 1996",Michael Collins,25000000,11092559,27572844,16480285,-13907441,-8519715,2572844,-0.004,-0.002,0.001,Domestic
2284,2284,85,"Mar 28, 2008",Stop-Loss,25000000,10915744,11229035,313291,-14084256,-24686709,-13770965,-0.004,-0.007,-0.004,Domestic
2285,2285,86,"Oct 8, 1993",Gettysburg,25000000,10731997,10731997,0,-14268003,-25000000,-14268003,-0.004,-0.007,-0.004,Domestic
2286,2286,87,"Oct 18, 2002",Abandon,25000000,10719367,12219367,1500000,-14280633,-23500000,-12780633,-0.004,-0.007,-0.004,Domestic
2287,2287,88,"Sep 16, 2011",Straw Dogs,25000000,10324441,11253821,929380,-14675559,-24070620,-13746179,-0.004,-0.007,-0.004,Domestic
2288,2288,89,"Aug 13, 1999",Brokedown Palace,25000000,10115014,11115766,1000752,-14884986,-23999248,-13884234,-0.004,-0.007,-0.004,Domestic
2289,2289,90,"Aug 16, 2002",Possession,25000000,10103647,14805812,4702165,-14896353,-20297835,-10194188,-0.004,-0.006,-0.003,Domestic
2290,2290,91,"Apr 19, 1996",Mrs. Winterbourne,25000000,10039566,10039566,0,-14960434,-25000000,-14960434,-0.004,-0.007,-0.004,Domestic
2291,2291,92,"May 17, 1991",Stone Cold,25000000,9286314,9286314,0,-15713686,-25000000,-15713686,-0.005,-0.007,-0.005,Domestic
2292,2292,93,"Jan 25, 2019",Serenity,25000000,8547045,11367029,2819984,-16452955,-22180016,-13632971,-0.005,-0.006,-0.004,Domestic
2293,2293,94,"Nov 25, 2009",The Road,25000000,8114270,29206732,21092462,-16885730,-3907538,4206732,-0.005,-0.001,0.001,Domestic
2294,2294,95,"Oct 12, 2018",Beautiful Boy,25000000,7634767,13031424,5396657,-17365233,-19603343,-11968576,-0.005,-0.006,-0.003,Domestic
2295,2295,96,"Apr 6, 2007",The Hoax,25000000,7164995,7164995,0,-17835005,-25000000,-17835005,-0.005,-0.007,-0.005,Domestic
2296,2296,97,"Mar 15, 2019",Captive State,25000000,5958315,8993300,3034985,-19041685,-21965015,-16006700,-0.005,-0.006,-0.005,Domestic
2297,2297,98,"Aug 17, 1984",Sheena,25000000,5778353,5778353,0,-19221647,-25000000,-19221647,-0.006,-0.007,-0.006,Domestic
2298,2298,99,"Sep 2, 2005",Underclassman,25000000,5654777,5654777,0,-19345223,-25000000,-19345223,-0.006,-0.007,-0.006,Domestic
2299,2299,100,"Mar 23, 2001",Say It Isn't So,25000000,5516708,5516708,0,-19483292,-25000000,-19483292,-0.006,-0.007,-0.006,Domestic
2300,2300,1,"Dec 7, 2005",The World's Fastest Indian,25000000,5128124,18991288,13863164,-19871876,-11136836,-6008712,-0.006,-0.003,-0.002,Domestic
2301,2301,2,"Apr 25, 2008",Deception,25000000,4598506,12850033,8251527,-20401494,-16748473,-12149967,-0.006,-0.005,-0.004,Domestic
2302,2302,3,"Mar 1, 1995",Tank Girl,25000000,4064333,4064333,0,-20935667,-25000000,-20935667,-0.006,-0.007,-0.006,Domestic
2303,2303,4,"Apr 22, 2005",King's Ransom,25000000,4008527,4049527,41000,-20991473,-24959000,-20950473,-0.006,-0.007,-0.006,Domestic
2304,2304,5,"Oct 3, 2008",Blindness,25000000,3073392,20052958,16979566,-21926608,-8020434,-4947042,-0.006,-0.002,-0.001,Domestic
2305,2305,6,"Apr 13, 2018",Sgt. Stubby: An American Hero,25000000,3054285,3645957,591672,-21945715,-24408328,-21354043,-0.006,-0.007,-0.006,Domestic
2306,2306,7,"Dec 16, 2011",Carnage,25000000,2546747,38112154,35565407,-22453253,10565407,13112154,-0.006,0.003,0.004,Domestic
2307,2307,8,"Sep 1, 2017",Tulip Fever,25000000,2455635,6792768,4337133,-22544365,-20662867,-18207232,-0.007,-0.006,-0.005,Domestic
2308,2308,9,"Jan 6, 2006",BloodRayne,25000000,2405420,3711633,1306213,-22594580,-23693787,-21288367,-0.007,-0.007,-0.006,Domestic
2309,2309,10,"Nov 20, 2015",Legend,25000000,1872994,42425450,40552456,-23127006,15552456,17425450,-0.007,0.004,0.005,Domestic
2310,2310,11,"Nov 20, 2009",Bad Lieutenant: Port of Call New Orleans,25000000,1702112,12413949,10711837,-23297888,-14288163,-12586051,-0.007,-0.004,-0.004,Domestic
2311,2311,12,"Jan 29, 2016",Jane Got a Gun,25000000,1513793,3771345,2257552,-23486207,-22742448,-21228655,-0.007,-0.007,-0.006,Domestic
2312,2312,13,"Nov 25, 2009",Me and Orson Welles,25000000,1190003,1190003,0,-23809997,-25000000,-23809997,-0.007,-0.007,-0.007,Domestic
2313,2313,14,"Sep 16, 2005",Venom,25000000,881745,881745,0,-24118255,-25000000,-24118255,-0.007,-0.007,-0.007,Domestic
2314,2314,15,"Oct 14, 2005",Where the Truth Lies,25000000,872142,1415656,543514,-24127858,-24456486,-23584344,-0.007,-0.007,-0.007,Domestic
2315,2315,16,"Sep 11, 1998",Without Limits,25000000,780326,780326,0,-24219674,-25000000,-24219674,-0.007,-0.007,-0.007,Domestic
2316,2316,17,"Mar 22, 2013",On the Road,25000000,720828,9313302,8592474,-24279172,-16407526,-15686698,-0.007,-0.005,-0.005,Domestic
2317,2317,18,"Aug 24, 2012",Les petits mouchoirs,25000000,205505,48530887,48325382,-24794495,23325382,23530887,-0.007,0.007,0.007,Domestic
2318,2318,19,"Jun 30, 2010",Love Ranch,25000000,137885,146149,8264,-24862115,-24991736,-24853851,-0.007,-0.007,-0.007,Domestic
2319,2319,20,"Apr 24, 2015",Yi ge ren de wu lin,25000000,129115,129115,0,-24870885,-25000000,-24870885,-0.007,-0.007,-0.007,Domestic
2330,2330,31,"Nov 9, 2012",Dangerous Liaisons,24200000,17000,10447579,10430579,-24183000,-13769421,-13752421,-0.007,-0.004,-0.004,Domestic
2331,2331,32,"Nov 26, 1986",Star Trek IV: The Voyage Home,24000000,109713132,133000000,23286868,85713132,-713132,109000000,0.025,-0.0,0.031,Domestic
2332,2332,33,"Dec 12, 1997",Scream 2,24000000,101363301,172363301,71000000,77363301,47000000,148363301,0.022,0.014,0.043,Domestic
2333,2333,34,"Feb 21, 2003",Old School,24000000,75155000,86765463,11610463,51155000,-12389537,62765463,0.015,-0.004,0.018,Domestic
2334,2334,35,"Dec 20, 2006",Rocky Balboa,24000000,70269899,156229050,85959151,46269899,61959151,132229050,0.013,0.018,0.038,Domestic
2335,2335,36,"Jun 20, 2014",Think Like a Man Too,24000000,65028687,70027933,4999246,41028687,-19000754,46027933,0.012,-0.005,0.013,Domestic
2336,2336,37,"Dec 16, 2016",Fences,24000000,57682904,64282881,6599977,33682904,-17400023,40282881,0.01,-0.005,0.012,Domestic
2337,2337,38,"Feb 18, 2000",The Whole Nine Yards,24000000,57262492,85527867,28265375,33262492,4265375,61527867,0.01,0.001,0.018,Domestic
2338,2338,39,"Oct 14, 2011",Footloose,24000000,51802742,62989834,11187092,27802742,-12812908,38989834,0.008,-0.004,0.011,Domestic
2339,2339,40,"Apr 7, 2017",Going in Style,24000000,45018541,78672579,33654038,21018541,9654038,54672579,0.006,0.003,0.016,Domestic
2340,2340,41,"Jul 12, 1991",Point Break,24000000,43218387,83531958,40313571,19218387,16313571,59531958,0.006,0.005,0.017,Domestic
2341,2341,42,"Sep 20, 1991",The Fisher King,24000000,41798224,41798224,0,17798224,-24000000,17798224,0.005,-0.007,0.005,Domestic
2342,2342,43,"Nov 13, 1998",I Still Know What You Did Last Summer,24000000,40020622,40020622,0,16020622,-24000000,16020622,0.005,-0.007,0.005,Domestic
2343,2343,44,"Nov 21, 2007",Hitman,24000000,39687694,99135571,59447877,15687694,35447877,75135571,0.005,0.01,0.022,Domestic
2344,2344,45,"Dec 16, 1969","Hello, Dolly",24000000,33208099,33208099,0,9208099,-24000000,9208099,0.003,-0.007,0.003,Domestic
2345,2345,46,"Apr 7, 2000",Return to Me,24000000,32662299,32662299,0,8662299,-24000000,8662299,0.003,-0.007,0.003,Domestic
2346,2346,47,"Nov 6, 2009",The Men Who Stare at Goats,24000000,32428195,67348218,34920023,8428195,10920023,43348218,0.002,0.003,0.013,Domestic
2347,2347,48,"Oct 31, 2008",Zack and Miri Make a Porno,24000000,31457946,36856306,5398360,7457946,-18601640,12856306,0.002,-0.005,0.004,Domestic
2348,2348,49,"Jan 12, 2001",Double Take,24000000,29823162,29823162,0,5823162,-24000000,5823162,0.002,-0.007,0.002,Domestic
2349,2349,50,"Dec 21, 1999","Girl, Interrupted",24000000,28871190,28871190,0,4871190,-24000000,4871190,0.001,-0.007,0.001,Domestic
2350,2350,51,"Sep 8, 2000",Nurse Betty,24000000,25170054,27732366,2562312,1170054,-21437688,3732366,0.0,-0.006,0.001,Domestic
2351,2351,52,"Aug 20, 2010",Piranha 3D,24000000,25003155,83660160,58657005,1003155,34657005,59660160,0.0,0.01,0.017,Domestic
2352,2352,53,"Nov 24, 2010",Faster,24000000,23240020,35792945,12552925,-759980,-11447075,11792945,-0.0,-0.003,0.003,Domestic
2353,2353,54,"Oct 24, 1978",The Wiz,24000000,22000000,22000000,0,-2000000,-24000000,-2000000,-0.001,-0.007,-0.001,Domestic
2354,2354,55,"Jan 23, 2004",Win a Date with Tad Hamilton!,24000000,16980098,16980098,0,-7019902,-24000000,-7019902,-0.002,-0.007,-0.002,Domestic
2355,2355,56,"Jul 14, 1999",Muppets From Space,24000000,16304786,16304786,0,-7695214,-24000000,-7695214,-0.002,-0.007,-0.002,Domestic
2356,2356,57,"Apr 7, 2000",Ready to Rumble,24000000,12372410,12372410,0,-11627590,-24000000,-11627590,-0.003,-0.007,-0.003,Domestic
2357,2357,58,"Sep 16, 2011",I Don't Know How She Does It,24000000,9659074,24474463,14815389,-14340926,-9184611,474463,-0.004,-0.003,0.0,Domestic
2358,2358,59,"Dec 24, 1999",Play it to the Bone,24000000,8427204,8427204,0,-15572796,-24000000,-15572796,-0.004,-0.007,-0.004,Domestic
2359,2359,60,"Dec 20, 2013",Dhoom 3,24000000,8031955,11723620,3691665,-15968045,-20308335,-12276380,-0.005,-0.006,-0.004,Domestic
2360,2360,61,"Dec 17, 2004",Beyond the Sea,24000000,6144806,8292914,2148108,-17855194,-21851892,-15707086,-0.005,-0.006,-0.005,Domestic
2361,2361,62,"Jun 10, 2005",Hauru no ugoku shiro,24000000,4710455,237814327,233103872,-19289545,209103872,213814327,-0.006,0.06,0.062,Domestic
2362,2362,63,"Mar 27, 1998",Meet the Deedles,24000000,4356126,4356126,0,-19643874,-24000000,-19643874,-0.006,-0.007,-0.006,Domestic
2363,2363,64,"Aug 25, 1995",The Thief and the Cobbler,24000000,669276,669276,0,-23330724,-24000000,-23330724,-0.007,-0.007,-0.007,Domestic
2364,2364,65,"Jun 10, 2005",The Bridge of San Luis Rey,24000000,49981,1696765,1646784,-23950019,-22353216,-22303235,-0.007,-0.006,-0.006,Domestic
2366,2366,67,"Oct 2, 2009",Zombieland,23600000,75590286,102236596,26646310,51990286,3046310,78636596,0.015,0.001,0.023,Domestic
2367,2367,68,"May 21, 1980",Star Wars Ep. V: The Empire Strikes Back,23000000,290271960,534161334,243889374,267271960,220889374,511161334,0.077,0.064,0.148,Domestic
2368,2368,69,"Nov 6, 1998",The Waterboy,23000000,161491646,190191646,28700000,138491646,5700000,167191646,0.04,0.002,0.048,Domestic
2369,2369,70,"Jun 28, 1991",The Naked Gun 2Â½: The Smell of Fear,23000000,86930411,86930411,0,63930411,-23000000,63930411,0.018,-0.007,0.018,Domestic
2370,2370,71,"Nov 16, 2018",Green Book,23000000,85080171,322034439,236954268,62080171,213954268,299034439,0.018,0.062,0.086,Domestic
2371,2371,72,"Apr 7, 1995",Bad Boys,23000000,65647413,141247413,75600000,42647413,52600000,118247413,0.012,0.015,0.034,Domestic
2372,2372,73,"Jan 16, 2015",The Wedding Ringer,23000000,64460211,80171596,15711385,41460211,-7288615,57171596,0.012,-0.002,0.017,Domestic
2373,2373,74,"Mar 17, 2000",Final Destination,23000000,53302314,112036870,58734556,30302314,35734556,89036870,0.009,0.01,0.026,Domestic
2374,2374,75,"Dec 17, 1976",King Kong,23000000,52614445,90614445,38000000,29614445,15000000,67614445,0.009,0.004,0.02,Domestic
2375,2375,76,"Oct 7, 2011",The Ides of March,23000000,40962534,77735925,36773391,17962534,13773391,54735925,0.005,0.004,0.016,Domestic
2376,2376,77,"Feb 18, 2000",Pitch Black,23000000,39235088,53182088,13947000,16235088,-9053000,30182088,0.005,-0.003,0.009,Domestic
2377,2377,78,"Oct 5, 2018",The Hate U Give,23000000,29719483,35067665,5348182,6719483,-17651818,12067665,0.002,-0.005,0.003,Domestic
2378,2378,79,"Mar 30, 2001",Someone Like You,23000000,27338033,38684906,11346873,4338033,-11653127,15684906,0.001,-0.003,0.005,Domestic
2379,2379,80,"Jan 10, 2014",Her,23000000,25568251,48163815,22595564,2568251,-404436,25163815,0.001,-0.0,0.007,Domestic
2380,2380,81,"Oct 5, 2001",Joy Ride,23000000,21973182,21973182,0,-1026818,-23000000,-1026818,-0.0,-0.007,-0.0,Domestic
2381,2381,82,"Feb 17, 2012",Kari gurashi no Arietti,23000000,19192510,151496097,132303587,-3807490,109303587,128496097,-0.001,0.032,0.037,Domestic
2382,2382,83,"Jan 20, 2012",Haywire,23000000,18942396,36374700,17432304,-4057604,-5567696,13374700,-0.001,-0.002,0.004,Domestic
2383,2383,84,"Nov 12, 1999",Anywhere But Here,23000000,18653615,18653615,0,-4346385,-23000000,-4346385,-0.001,-0.007,-0.001,Domestic
2384,2384,85,"Sep 1, 2004",Vanity Fair,23000000,16123851,19123851,3000000,-6876149,-20000000,-3876149,-0.002,-0.006,-0.001,Domestic
2385,2385,86,"Feb 26, 2016",Eddie the Eagle,23000000,15789389,45060480,29271091,-7210611,6271091,22060480,-0.002,0.002,0.006,Domestic
2386,2386,87,"Jul 17, 1987",Jaws 4: The Revenge,23000000,15728335,15728335,0,-7271665,-23000000,-7271665,-0.002,-0.007,-0.002,Domestic
2387,2387,88,"Aug 25, 2000",The Crew,23000000,13019253,13019253,0,-9980747,-23000000,-9980747,-0.003,-0.007,-0.003,Domestic
2388,2388,89,"Dec 20, 1996",Marvin's Room,23000000,12803305,12803305,0,-10196695,-23000000,-10196695,-0.003,-0.007,-0.003,Domestic
2389,2389,90,"Jan 9, 2004",Chasing Liberty,23000000,12189514,12291975,102461,-10810486,-22897539,-10708025,-0.003,-0.007,-0.003,Domestic
2390,2390,91,"Aug 22, 2008",The Longshots,23000000,11511323,11778396,267073,-11488677,-22732927,-11221604,-0.003,-0.007,-0.003,Domestic
2391,2391,92,"Dec 3, 1999",The End of the Affair,23000000,10660147,10660147,0,-12339853,-23000000,-12339853,-0.004,-0.007,-0.004,Domestic
2392,2392,93,"Aug 23, 1991",Harley Davidson and the Marlboro Man,23000000,7018525,7018525,0,-15981475,-23000000,-15981475,-0.005,-0.007,-0.005,Domestic
2393,2393,94,"Sep 14, 2007",In the Valley of Elah,23000000,6777741,24489150,17711409,-16222259,-5288591,1489150,-0.005,-0.002,0.0,Domestic
2394,2394,95,"Sep 25, 2009",Coco avant Chanel,23000000,6113834,50813834,44700000,-16886166,21700000,27813834,-0.005,0.006,0.008,Domestic
2395,2395,96,"Jun 26, 2009",ChÃ©ri,23000000,2715657,2715657,0,-20284343,-23000000,-20284343,-0.006,-0.007,-0.006,Domestic
2396,2396,97,"Jun 28, 2013",Redemption,23000000,36686,13593473,13556787,-22963314,-9443213,-9406527,-0.007,-0.003,-0.003,Domestic
2397,2397,98,"Apr 25, 2008",Rogue,23000000,10452,4673377,4662925,-22989548,-18337075,-18326623,-0.007,-0.005,-0.005,Domestic
2400,2400,1,"Jun 24, 1987",Spaceballs,22700000,38119483,38119483,0,15419483,-22700000,15419483,0.004,-0.007,0.004,Domestic
2401,2401,2,"Jun 22, 2007",1408,22500000,71985628,131263370,59277742,49485628,36777742,108763370,0.014,0.011,0.031,Domestic
2402,2402,3,"Nov 18, 2016",Nocturnal Animals,22500000,10663357,32398681,21735324,-11836643,-764676,9898681,-0.003,-0.0,0.003,Domestic
2403,2403,4,"Apr 24, 2015",The Water Diviner,22500000,4200117,31054727,26854610,-18299883,4354610,8554727,-0.005,0.001,0.002,Domestic
2404,2404,5,"Jul 13, 1990",Ghost,22000000,217631306,517600000,299968694,195631306,277968694,495600000,0.056,0.08,0.143,Domestic
2405,2405,6,"Jul 15, 1998",There's Something About Mary,22000000,176484651,369884651,193400000,154484651,171400000,347884651,0.045,0.049,0.1,Domestic
2406,2406,7,"Nov 11, 1994",The Santa Clause,22000000,144833357,189800000,44966643,122833357,22966643,167800000,0.035,0.007,0.048,Domestic
2407,2407,8,"Sep 28, 2007",The Game Plan,22000000,90648202,146590987,55942785,68648202,33942785,124590987,0.02,0.01,0.036,Domestic
2408,2408,9,"Mar 29, 2002",The Rookie,22000000,75600072,80491516,4891444,53600072,-17108556,58491516,0.015,-0.005,0.017,Domestic
2409,2409,10,"Jun 2, 1995",The Bridges of Madison County,22000000,71516617,175516617,104000000,49516617,82000000,153516617,0.014,0.024,0.044,Domestic
2410,2410,11,"Feb 28, 2014",Son of God,22000000,59700064,70949793,11249729,37700064,-10750271,48949793,0.011,-0.003,0.014,Domestic
2411,2411,12,"Jun 1, 2001",The Animal,22000000,55762229,55762229,0,33762229,-22000000,33762229,0.01,-0.006,0.01,Domestic
2412,2412,13,"Aug 8, 2014",The Hundred-Foot Journey,22000000,54235441,94270488,40035047,32235441,18035047,72270488,0.009,0.005,0.021,Domestic
2413,2413,14,"Dec 8, 1982",Gandhi,22000000,52767889,127767889,75000000,30767889,53000000,105767889,0.009,0.015,0.031,Domestic
2414,2414,15,"Sep 19, 2003",Underworld,22000000,51970690,95708457,43737767,29970690,21737767,73708457,0.009,0.006,0.021,Domestic
2415,2415,16,"Jul 28, 1995",The Net,22000000,50621733,110521733,59900000,28621733,37900000,88521733,0.008,0.011,0.026,Domestic
2416,2416,17,"Aug 3, 2012",Diary of a Wimpy Kid: Dog Days,22000000,49008662,77229695,28221033,27008662,6221033,55229695,0.008,0.002,0.016,Domestic
2417,2417,18,"Dec 28, 2001",I Am Sam,22000000,40270895,92542418,52271523,18270895,30271523,70542418,0.005,0.009,0.02,Domestic
2418,2418,19,"Nov 11, 2005",Derailed,22000000,36020063,57520063,21500000,14020063,-500000,35520063,0.004,-0.0,0.01,Domestic
2419,2419,20,"Sep 18, 2009",The Informant!,22000000,33316821,41771168,8454347,11316821,-13545653,19771168,0.003,-0.004,0.006,Domestic
2420,2420,21,"Nov 22, 2013",Delivery Man,22000000,30659817,70536870,39877053,8659817,17877053,48536870,0.003,0.005,0.014,Domestic
2421,2421,22,"Feb 5, 2016","Hail, Caesar!",22000000,30080225,64160680,34080455,8080225,12080455,42160680,0.002,0.003,0.012,Domestic
2422,2422,23,"Aug 24, 2001",Jay and Silent Bob Strike Back,22000000,30059386,33762400,3703014,8059386,-18296986,11762400,0.002,-0.005,0.003,Domestic
2423,2423,24,"Dec 29, 1993",Shadowlands,22000000,25842377,25842377,0,3842377,-22000000,3842377,0.001,-0.006,0.001,Domestic
2424,2424,25,"Aug 27, 2008",Traitor,22000000,23530831,27882226,4351395,1530831,-17648605,5882226,0.0,-0.005,0.002,Domestic
2425,2425,26,"Aug 12, 2005",Deuce Bigalow: European Gigolo,22000000,22400154,45273464,22873310,400154,873310,23273464,0.0,0.0,0.007,Domestic
2426,2426,27,"May 19, 2017",Diary of a Wimpy Kid: The Long Haul,22000000,20738724,35609577,14870853,-1261276,-7129147,13609577,-0.0,-0.002,0.004,Domestic
2427,2427,28,"Jan 18, 2008",Mad Money,22000000,20668843,25044057,4375214,-1331157,-17624786,3044057,-0.0,-0.005,0.001,Domestic
2428,2428,29,"Nov 27, 2013",Homefront,22000000,20158492,51695362,31536870,-1841508,9536870,29695362,-0.001,0.003,0.009,Domestic
2429,2429,30,"Sep 19, 2008",Igor,22000000,19528602,31013349,11484747,-2471398,-10515253,9013349,-0.001,-0.003,0.003,Domestic
2430,2430,31,"Feb 9, 2001",Saving Silverman,22000000,19351569,25873142,6521573,-2648431,-15478427,3873142,-0.001,-0.004,0.001,Domestic
2431,2431,32,"Jul 2, 1999",Summer of Sam,22000000,19288130,19288130,0,-2711870,-22000000,-2711870,-0.001,-0.006,-0.001,Domestic
2432,2432,33,"Sep 14, 2001",The Glass House,22000000,17951431,22861785,4910354,-4048569,-17089646,861785,-0.001,-0.005,0.0,Domestic
2433,2433,34,"Sep 4, 2015",The Transporter Refueled,22000000,16029670,69698495,53668825,-5970330,31668825,47698495,-0.002,0.009,0.014,Domestic
2434,2434,35,"Jun 13, 1980",The Island,22000000,15716828,15716828,0,-6283172,-22000000,-6283172,-0.002,-0.006,-0.002,Domestic
2435,2435,36,"Apr 11, 2001",Josie and the Pussycats,22000000,14252830,14252830,0,-7747170,-22000000,-7747170,-0.002,-0.006,-0.002,Domestic
2436,2436,37,"Aug 22, 2012",Hit & Run,22000000,13749300,17216955,3467655,-8250700,-18532345,-4783045,-0.002,-0.005,-0.001,Domestic
2437,2437,38,"Oct 27, 2000",The Little Vampire,22000000,13555988,13555988,0,-8444012,-22000000,-8444012,-0.002,-0.006,-0.002,Domestic
2438,2438,39,"Oct 1, 2004",I Heart Huckabees,22000000,12784713,20034713,7250000,-9215287,-14750000,-1965287,-0.003,-0.004,-0.001,Domestic
2439,2439,40,"Nov 17, 2017","Roman J. Israel, Esq.",22000000,11962712,12967012,1004300,-10037288,-20995700,-9032988,-0.003,-0.006,-0.003,Domestic
2440,2440,41,"Dec 4, 2013",Out of the Furnace,22000000,11330849,15434375,4103526,-10669151,-17896474,-6565625,-0.003,-0.005,-0.002,Domestic
2441,2441,42,"Nov 5, 1993",RoboCop 3,22000000,10696210,10696210,0,-11303790,-22000000,-11303790,-0.003,-0.006,-0.003,Domestic
2442,2442,43,"Aug 27, 1999",Dudley Do-Right,22000000,9818792,9818792,0,-12181208,-22000000,-12181208,-0.004,-0.006,-0.004,Domestic
2443,2443,44,"Dec 8, 2017",Just Getting Started,22000000,6069605,6756412,686807,-15930395,-21313193,-15243588,-0.005,-0.006,-0.004,Domestic
2444,2444,45,"Sep 21, 2001",Megiddo: Omega Code 2,22000000,6047691,6047691,0,-15952309,-22000000,-15952309,-0.005,-0.006,-0.005,Domestic
2445,2445,46,"Jan 1, 1970",Darling Lili,22000000,5000000,5000000,0,-17000000,-22000000,-17000000,-0.005,-0.006,-0.005,Domestic
2446,2446,47,"Nov 23, 2005",The Libertine,22000000,4835065,9448623,4613558,-17164935,-17386442,-12551377,-0.005,-0.005,-0.004,Domestic
2447,2447,48,"Apr 6, 2007",Zwartboek,22000000,4398532,27238354,22839822,-17601468,839822,5238354,-0.005,0.0,0.002,Domestic
2448,2448,49,"Oct 31, 2014",Before I Go to Sleep,22000000,3242457,19563579,16321122,-18757543,-5678878,-2436421,-0.005,-0.002,-0.001,Domestic
2449,2449,50,"Oct 8, 2010",Stone,22000000,1810078,4065020,2254942,-20189922,-19745058,-17934980,-0.006,-0.006,-0.005,Domestic
2450,2450,51,"Mar 3, 2006",Joyeux NoÃ«l,22000000,1054361,23134075,22079714,-20945639,79714,1134075,-0.006,0.0,0.0,Domestic
2452,2452,53,"Jun 24, 1977",Sorcerer,21600000,12000000,12005968,5968,-9600000,-21594032,-9594032,-0.003,-0.006,-0.003,Domestic
2453,2453,54,"Jul 27, 2007",MoliÃ¨re,21600000,635733,791154,155421,-20964267,-21444579,-20808846,-0.006,-0.006,-0.006,Domestic
2454,2454,55,"Oct 5, 2007",Michael Clayton,21500000,49033882,92987651,43953769,27533882,22453769,71487651,0.008,0.006,0.021,Domestic
2455,2455,56,"Jul 9, 1999",Arlington Road,21500000,24419219,24419219,0,2919219,-21500000,2919219,0.001,-0.006,0.001,Domestic
2456,2456,57,"Dec 20, 1996",My Fellow Americans,21500000,22331846,22331846,0,831846,-21500000,831846,0.0,-0.006,0.0,Domestic
2457,2457,58,"Jun 22, 2012",To Rome with Love,21500000,16684352,74326015,57641663,-4815648,36141663,52826015,-0.001,0.01,0.015,Domestic
2458,2458,59,"Nov 16, 2012",Silver Linings Playbook,21000000,132092958,236412453,104319495,111092958,83319495,215412453,0.032,0.024,0.062,Domestic
2459,2459,60,"Apr 6, 2018",Blockers,21000000,60311495,94045328,33733833,39311495,12733833,73045328,0.011,0.004,0.021,Domestic
2460,2460,61,"Apr 5, 2019",Pet Sematary,21000000,54724696,109501146,54776450,33724696,33776450,88501146,0.01,0.01,0.026,Domestic
2461,2461,62,"Jun 30, 1999","South Park: Bigger, Longer & Uncut",21000000,52037603,52037603,0,31037603,-21000000,31037603,0.009,-0.006,0.009,Domestic
2462,2462,63,"Jun 18, 1982",Firefox,21000000,45785720,45785720,0,24785720,-21000000,24785720,0.007,-0.006,0.007,Domestic
2463,2463,64,"Apr 16, 2010",Death at a Funeral,21000000,42739347,48977233,6237886,21739347,-14762114,27977233,0.006,-0.004,0.008,Domestic
2464,2464,65,"Mar 19, 1993",Teenage Mutant Ninja Turtles III,21000000,42273609,42273609,0,21273609,-21000000,21273609,0.006,-0.006,0.006,Domestic
2465,2465,66,"Sep 14, 2001",Hardball,21000000,40222729,43728560,3505831,19222729,-17494169,22728560,0.006,-0.005,0.007,Domestic
2466,2466,67,"Nov 5, 2010",For Colored Girls,21000000,37729698,38017873,288175,16729698,-20711825,17017873,0.005,-0.006,0.005,Domestic
2467,2467,68,"Jan 5, 2007",Freedom Writers,21000000,36605602,43632609,7027007,15605602,-13972993,22632609,0.005,-0.004,0.007,Domestic
2468,2468,69,"Aug 4, 2017",Kidnap,21000000,30718107,34836080,4117973,9718107,-16882027,13836080,0.003,-0.005,0.004,Domestic
2469,2469,70,"Oct 11, 2002",The Transporter,21000000,25296447,43928932,18632485,4296447,-2367515,22928932,0.001,-0.001,0.007,Domestic
2470,2470,71,"Mar 14, 2008",Never Back Down,21000000,24850922,39319801,14468879,3850922,-6531121,18319801,0.001,-0.002,0.005,Domestic
2471,2471,72,"Dec 9, 2011",Tinker Tailor Soldier Spy,21000000,24149393,81452811,57303418,3149393,36303418,60452811,0.001,0.01,0.017,Domestic
2472,2472,73,"Sep 22, 2017",Victoria and Abdul,21000000,22245070,68271146,46026076,1245070,25026076,47271146,0.0,0.007,0.014,Domestic
2473,2473,74,"Nov 5, 1999",The Bachelor,21000000,21731001,36882378,15151377,731001,-5848623,15882378,0.0,-0.002,0.005,Domestic
2474,2474,75,"Mar 12, 1999",The Rage: Carrie 2,21000000,17760244,17760244,0,-3239756,-21000000,-3239756,-0.001,-0.006,-0.001,Domestic
2475,2475,76,"Aug 1, 2008",Swing Vote,21000000,16289867,17589867,1300000,-4710133,-19700000,-3410133,-0.001,-0.006,-0.001,Domestic
2476,2476,77,"Jun 5, 2009",Away We Go,21000000,9451946,10108016,656070,-11548054,-20343930,-10891984,-0.003,-0.006,-0.003,Domestic
2477,2477,78,"Sep 27, 2002",Moonlight Mile,21000000,6830957,6830957,0,-14169043,-21000000,-14169043,-0.004,-0.006,-0.004,Domestic
2478,2478,79,"May 6, 2011",The Beaver,21000000,970816,5046038,4075222,-20029184,-16924778,-15953962,-0.006,-0.005,-0.005,Domestic
2479,2479,80,"Feb 24, 2017",Bitter Harvest,21000000,557241,606162,48921,-20442759,-20951079,-20393838,-0.006,-0.006,-0.006,Domestic
2480,2480,81,"Oct 22, 1999",Molly,21000000,17396,17396,0,-20982604,-21000000,-20982604,-0.006,-0.006,-0.006,Domestic
2482,2482,83,"Apr 23, 1999",eXistenZ,20700000,2840417,2840417,0,-17859583,-20700000,-17859583,-0.005,-0.006,-0.005,Domestic
2483,2483,84,"Jul 23, 1982",The Best Little Whorehouse in Texas,20500000,69701637,69701637,0,49201637,-20500000,49201637,0.014,-0.006,0.014,Domestic
2484,2484,85,"Aug 11, 2006",Pulse,20500000,20264436,30241435,9976999,-235564,-10523001,9741435,-0.0,-0.003,0.003,Domestic
2485,2485,86,"Nov 13, 1991",Beauty and the Beast,20000000,376057266,608431132,232373866,356057266,212373866,588431132,0.103,0.061,0.17,Domestic
2486,2486,87,"Jun 12, 1981",Raiders of the Lost Ark,20000000,225686079,367452079,141766000,205686079,121766000,347452079,0.059,0.035,0.1,Domestic
2487,2487,88,"Mar 22, 2019",Us,20000000,175006930,254210310,79203380,155006930,59203380,234210310,0.045,0.017,0.068,Domestic
2488,2488,89,"Nov 20, 1992",Home Alone 2: Lost in New York,20000000,173585516,358994850,185409334,153585516,165409334,338994850,0.044,0.048,0.098,Domestic
2489,2489,90,"Nov 16, 1977",Close Encounters of the Third Kind,20000000,169100479,340800479,171700000,149100479,151700000,320800479,0.043,0.044,0.093,Domestic
2490,2490,91,"May 20, 1987",Beverly Hills Cop II,20000000,153665036,276665036,123000000,133665036,103000000,256665036,0.039,0.03,0.074,Domestic
2491,2491,92,"Dec 9, 2016",La La Land,20000000,151101803,426351163,275249360,131101803,255249360,406351163,0.038,0.074,0.117,Domestic
2492,2492,93,"Jul 19, 2013",The Conjuring,20000000,137400141,318000141,180600000,117400141,160600000,298000141,0.034,0.046,0.086,Domestic
2493,2493,94,"Mar 7, 2003",Bringing Down the House,20000000,132675402,164675402,32000000,112675402,12000000,144675402,0.033,0.003,0.042,Domestic
2494,2494,95,"Nov 17, 2017",Wonder,20000000,132422809,304604712,172181903,112422809,152181903,284604712,0.032,0.044,0.082,Domestic
2495,2495,96,"Feb 14, 1991",The Silence of the Lambs,20000000,130726716,275726716,145000000,110726716,125000000,255726716,0.032,0.036,0.074,Domestic
2496,2496,97,"Feb 14, 1992",Wayne's World,20000000,121697323,183097323,61400000,101697323,41400000,163097323,0.029,0.012,0.047,Domestic
2497,2497,98,"Oct 15, 2010",Jackass 3D,20000000,117229692,171685793,54456101,97229692,34456101,151685793,0.028,0.01,0.044,Domestic
2498,2498,99,"Jul 29, 2016",Bad Moms,20000000,113257297,180998716,67741419,93257297,47741419,160998716,0.027,0.014,0.046,Domestic
2499,2499,100,"Jan 18, 2019",Glass,20000000,111035005,245303505,134268500,91035005,114268500,225303505,0.026,0.033,0.065,Domestic
2500,2500,1,"Jun 16, 1978",Jaws 2,20000000,102922376,208900376,105978000,82922376,85978000,188900376,0.024,0.025,0.055,Domestic
2501,2501,2,"Oct 3, 2008",Beverly Hills Chihuahua,20000000,94514402,154218168,59703766,74514402,39703766,134218168,0.022,0.011,0.039,Domestic
2502,2502,3,"Jul 2, 2014",Tammy,20000000,84525432,96407655,11882223,64525432,-8117777,76407655,0.019,-0.002,0.022,Domestic
2503,2503,4,"Jan 21, 2005",Are We There Yet?,20000000,82674398,98114471,15440073,62674398,-4559927,78114471,0.018,-0.001,0.023,Domestic
2504,2504,5,"Nov 16, 2011",The Descendants,20000000,82624961,175507800,92882839,62624961,72882839,155507800,0.018,0.021,0.045,Domestic
2505,2505,6,"Oct 3, 2003",School of Rock,20000000,81261177,131944672,50683495,61261177,30683495,111944672,0.018,0.009,0.032,Domestic
2506,2506,7,"Apr 13, 2007",Disturbia,20000000,80818974,118537627,37718653,60818974,17718653,98537627,0.018,0.005,0.028,Domestic
2507,2507,8,"Jul 16, 1993",Free Willy,20000000,77698625,153698625,76000000,57698625,56000000,133698625,0.017,0.016,0.039,Domestic
2508,2508,9,"Oct 21, 2016",Tyler Perryâs Boo! A Madea Halloween,20000000,73206343,73206343,0,53206343,-20000000,53206343,0.015,-0.006,0.015,Domestic
2509,2509,10,"Aug 18, 1995",Mortal Kombat,20000000,70433227,122133227,51700000,50433227,31700000,102133227,0.015,0.009,0.029,Domestic
2510,2510,11,"Jun 23, 2004",White Chicks,20000000,69148997,111448997,42300000,49148997,22300000,91448997,0.014,0.006,0.026,Domestic
2511,2511,12,"Apr 24, 2009",Obsessed,20000000,68261644,73964713,5703069,48261644,-14296931,53964713,0.014,-0.004,0.016,Domestic
2512,2512,13,"Apr 18, 2003",Holes,20000000,67383924,71232214,3848290,47383924,-16151710,51232214,0.014,-0.005,0.015,Domestic
2513,2513,14,"Jun 29, 2012",Tyler Perry's Madea's Witness Protection,20000000,65653242,66950887,1297645,45653242,-18702355,46950887,0.013,-0.005,0.014,Domestic
2514,2514,15,"Mar 31, 2010",The Last Song,20000000,62950384,92678948,29728564,42950384,9728564,72678948,0.012,0.003,0.021,Domestic
2515,2515,16,"Apr 2, 2010",Why Did I Get Married Too?,20000000,60095852,60831067,735215,40095852,-19264785,40831067,0.012,-0.006,0.012,Domestic
2516,2516,17,"Oct 23, 1998",La vita Ã¨ bella,20000000,57598247,229385361,171787114,37598247,151787114,209385361,0.011,0.044,0.06,Domestic
2517,2517,18,"Oct 18, 2013",12 Years a Slave,20000000,56671993,181025343,124353350,36671993,104353350,161025343,0.011,0.03,0.046,Domestic
2518,2518,19,"Dec 13, 2002",Drumline,20000000,56398162,56398162,0,36398162,-20000000,36398162,0.011,-0.006,0.011,Domestic
2519,2519,20,"Jun 3, 2016",Me Before You,20000000,56245075,208265198,152020123,36245075,132020123,188265198,0.01,0.038,0.054,Domestic
2520,2520,21,"Feb 8, 2019",What Men Want,20000000,54611903,69911903,15300000,34611903,-4700000,49911903,0.01,-0.001,0.014,Domestic
2521,2521,22,"Apr 15, 2016",Barbershop: The Next Cut,20000000,54030051,54404202,374151,34030051,-19625849,34404202,0.01,-0.006,0.01,Domestic
2522,2522,23,"Dec 7, 1990",Edward Scissorhands,20000000,53976987,53976987,0,33976987,-20000000,33976987,0.01,-0.006,0.01,Domestic
2523,2523,24,"Sep 14, 2018",A Simple Favor,20000000,53548586,97628717,44080131,33548586,24080131,77628717,0.01,0.007,0.022,Domestic
2524,2524,25,"Jan 9, 2015",Selma,20000000,52076908,66776576,14699668,32076908,-5300332,46776576,0.009,-0.002,0.014,Domestic
2525,2525,26,"Dec 12, 1980",Popeye,20000000,49823037,49823037,0,29823037,-20000000,29823037,0.009,-0.006,0.009,Domestic
2526,2526,27,"Feb 17, 2006",Date Movie,20000000,48548426,85146165,36597739,28548426,16597739,65146165,0.008,0.005,0.019,Domestic
2527,2527,28,"Feb 15, 2002",Peter Pan: Return to Neverland,20000000,48430258,109862682,61432424,28430258,41432424,89862682,0.008,0.012,0.026,Domestic
2528,2528,29,"Feb 14, 2003",The Jungle Book 2,20000000,47901582,140122225,92220643,27901582,72220643,120122225,0.008,0.021,0.035,Domestic
2529,2529,30,"Mar 16, 2007",Premonition,20000000,47852604,81461343,33608739,27852604,13608739,61461343,0.008,0.004,0.018,Domestic
2530,2530,31,"Oct 20, 2017",Tyler Perryâs Boo 2! A Madea Halloween,20000000,47319572,47879572,560000,27319572,-19440000,27879572,0.008,-0.006,0.008,Domestic
2531,2531,32,"Feb 4, 2005",Boogeyman,20000000,46752382,67192859,20440477,26752382,440477,47192859,0.008,0.0,0.014,Domestic
2532,2532,33,"Feb 11, 2000",The Tigger Movie,20000000,45542421,96147688,50605267,25542421,30605267,76147688,0.007,0.009,0.022,Domestic
2533,2533,34,"Nov 6, 2015",Spotlight,20000000,45055776,92088460,47032684,25055776,27032684,72088460,0.007,0.008,0.021,Domestic
2534,2534,35,"Mar 30, 2018",Acrimony,20000000,43549096,46627836,3078740,23549096,-16921260,26627836,0.007,-0.005,0.008,Domestic
2535,2535,36,"Jun 26, 2015",Max,20000000,42656255,43658157,1001902,22656255,-18998098,23658157,0.007,-0.005,0.007,Domestic
2536,2536,37,"Mar 21, 2008",Meet the Browns,20000000,41975388,41975388,0,21975388,-20000000,21975388,0.006,-0.006,0.006,Domestic
2537,2537,38,"Jul 24, 2009",Orphan,20000000,41596251,78769428,37173177,21596251,17173177,58769428,0.006,0.005,0.017,Domestic
2538,2538,39,"Nov 17, 2017",The Star,20000000,40847995,62758010,21910015,20847995,1910015,42758010,0.006,0.001,0.012,Domestic
2539,2539,40,"Jan 26, 2007",Epic Movie,20000000,39739367,86858578,47119211,19739367,27119211,66858578,0.006,0.008,0.019,Domestic
2540,2540,41,"Sep 19, 2008",Lakeview Terrace,20000000,39263506,44821299,5557793,19263506,-14442207,24821299,0.006,-0.004,0.007,Domestic
2541,2541,42,"Oct 13, 2006",The Grudge 2,20000000,39143839,70743839,31600000,19143839,11600000,50743839,0.006,0.003,0.015,Domestic
2542,2542,43,"Jul 27, 2016",Nerve,20000000,38583626,70652284,32068658,18583626,12068658,50652284,0.005,0.003,0.015,Domestic
2543,2543,44,"May 14, 1982",Conan the Barbarian,20000000,38264085,79114085,40850000,18264085,20850000,59114085,0.005,0.006,0.017,Domestic
2544,2544,45,"Aug 14, 1998",How Stella Got Her Groove Back,20000000,37672944,37672944,0,17672944,-20000000,17672944,0.005,-0.006,0.005,Domestic
2545,2545,46,"Jul 19, 1991",Bill & Ted's Bogus Journey,20000000,37537675,37537675,0,17537675,-20000000,17537675,0.005,-0.006,0.005,Domestic
2546,2546,47,"Oct 13, 2006",Man of the Year,20000000,37442180,41342180,3900000,17442180,-16100000,21342180,0.005,-0.005,0.006,Domestic
2547,2547,48,"Feb 19, 2016",Risen,20000000,36880033,46255763,9375730,16880033,-10624270,26255763,0.005,-0.003,0.008,Domestic
2548,2548,49,"Aug 18, 2010",Vampires Suck,20000000,36661504,81424988,44763484,16661504,24763484,61424988,0.005,0.007,0.018,Domestic
2549,2549,50,"Dec 21, 1979",The Black Hole,20000000,35841901,35841901,0,15841901,-20000000,15841901,0.005,-0.006,0.005,Domestic
2550,2550,51,"Sep 1, 2010",The American,20000000,35606376,67950723,32344347,15606376,12344347,47950723,0.005,0.004,0.014,Domestic
2551,2551,52,"Mar 21, 1997",Selena,20000000,35450113,35450113,0,15450113,-20000000,15450113,0.004,-0.006,0.004,Domestic
2552,2552,53,"Nov 4, 2011",A Very Harold & Kumar 3D Christmas,20000000,35061031,36265745,1204714,15061031,-18795286,16265745,0.004,-0.005,0.005,Domestic
2553,2553,54,"Mar 19, 2004",Eternal Sunshine of the Spotless Mind,20000000,34366518,72570762,38204244,14366518,18204244,52570762,0.004,0.005,0.015,Domestic
2554,2554,55,"Jan 4, 2013",Texas Chainsaw 3D,20000000,34341945,47666013,13324068,14341945,-6675932,27666013,0.004,-0.002,0.008,Domestic
2555,2555,56,"Oct 27, 2006",Babel,20000000,34302837,132121212,97818375,14302837,77818375,112121212,0.004,0.022,0.032,Domestic
2556,2556,57,"Sep 19, 2014",This is Where I Leave You,20000000,34296320,41296320,7000000,14296320,-13000000,21296320,0.004,-0.004,0.006,Domestic
2557,2557,58,"Dec 12, 2008",Doubt,20000000,33446470,53191101,19744631,13446470,-255369,33191101,0.004,-0.0,0.01,Domestic
2558,2558,59,"Oct 15, 2004",Team America: World Police,20000000,32774834,50948811,18173977,12774834,-1826023,30948811,0.004,-0.001,0.009,Domestic
2559,2559,60,"Oct 27, 1995",Copycat,20000000,32051917,32051917,0,12051917,-20000000,12051917,0.003,-0.006,0.003,Domestic
2560,2560,61,"Apr 12, 2013",Scary Movie V,20000000,32015787,78613981,46598194,12015787,26598194,58613981,0.003,0.008,0.017,Domestic
2561,2561,62,"Mar 12, 2010",She's Out of My League,20000000,32010860,48680977,16670117,12010860,-3329883,28680977,0.003,-0.001,0.008,Domestic
2562,2562,63,"Nov 26, 2008",Milk,20000000,31841299,57293371,25452072,11841299,5452072,37293371,0.003,0.002,0.011,Domestic
2563,2563,64,"Oct 15, 1969",Paint Your Wagon,20000000,31678778,31678778,0,11678778,-20000000,11678778,0.003,-0.006,0.003,Domestic
2564,2564,65,"Aug 31, 2011",The Debt,20000000,31177548,46604054,15426506,11177548,-4573494,26604054,0.003,-0.001,0.008,Domestic
2565,2565,66,"Oct 25, 2002",Ghost Ship,20000000,30113491,68349884,38236393,10113491,18236393,48349884,0.003,0.005,0.014,Domestic
2566,2566,67,"Jan 8, 2010",Daybreakers,20000000,30101577,51445503,21343926,10101577,1343926,31445503,0.003,0.0,0.009,Domestic
2567,2567,68,"Mar 7, 2008",The Bank Job,20000000,30060660,66143005,36082345,10060660,16082345,46143005,0.003,0.005,0.013,Domestic
2568,2568,69,"Mar 20, 1998",Wild Things,20000000,29795299,55576699,25781400,9795299,5781400,35576699,0.003,0.002,0.01,Domestic
2569,2569,70,"Oct 16, 2009",The Stepfather,20000000,29062561,29227561,165000,9062561,-19835000,9227561,0.003,-0.006,0.003,Domestic
2570,2570,71,"Mar 31, 2000",High Fidelity,20000000,27277055,47881663,20604608,7277055,604608,27881663,0.002,0.0,0.008,Domestic
2571,2571,72,"Apr 28, 2006",Stick It,20000000,26910736,30399714,3488978,6910736,-16511022,10399714,0.002,-0.005,0.003,Domestic
2572,2572,73,"Jan 4, 2008",One Missed Call,20000000,26890041,44513466,17623425,6890041,-2376575,24513466,0.002,-0.001,0.007,Domestic
2573,2573,74,"Jan 12, 1996",Eye for an Eye,20000000,26792700,26792700,0,6792700,-20000000,6792700,0.002,-0.006,0.002,Domestic
2574,2574,75,"Apr 11, 2008",Street Kings,20000000,26418667,65457811,39039144,6418667,19039144,45457811,0.002,0.005,0.013,Domestic
2575,2575,76,"Aug 23, 2013",The World's End,20000000,26004851,47508505,21503654,6004851,1503654,27508505,0.002,0.0,0.008,Domestic
2576,2576,77,"Jan 19, 1996",From Dusk Till Dawn,20000000,25728961,25732986,4025,5728961,-19995975,5732986,0.002,-0.006,0.002,Domestic
2577,2577,78,"Sep 24, 2010",You Again,20000000,25702053,32838945,7136892,5702053,-12863108,12838945,0.002,-0.004,0.004,Domestic
2578,2578,79,"Jun 15, 2007",Nancy Drew,20000000,25584685,30703845,5119160,5584685,-14880840,10703845,0.002,-0.004,0.003,Domestic
2579,2579,80,"Sep 17, 2010",Alpha and Omega 3D,20000000,25107267,48958353,23851086,5107267,3851086,28958353,0.001,0.001,0.008,Domestic
2580,2580,81,"Dec 25, 2018",On the Basis of Sex,20000000,24622687,38073377,13450690,4622687,-6549310,18073377,0.001,-0.002,0.005,Domestic
2581,2581,82,"Feb 14, 2014",Endless Love,20000000,23438250,34718173,11279923,3438250,-8720077,14718173,0.001,-0.003,0.004,Domestic
2582,2582,83,"Sep 8, 2006",The Covenant,20000000,23364784,38164784,14800000,3364784,-5200000,18164784,0.001,-0.002,0.005,Domestic
2583,2583,84,"Jul 1, 2011",Monte Carlo,20000000,23186769,39686769,16500000,3186769,-3500000,19686769,0.001,-0.001,0.006,Domestic
2584,2584,85,"Mar 24, 2006",Stay Alive,20000000,23086480,23187506,101026,3086480,-19898974,3187506,0.001,-0.006,0.001,Domestic
2585,2585,86,"Oct 7, 2005",2 For the Money,20000000,22991379,30491379,7500000,2991379,-12500000,10491379,0.001,-0.004,0.003,Domestic
2586,2586,87,"Jun 16, 2017",Rough Night,20000000,22105643,46844357,24738714,2105643,4738714,26844357,0.001,0.001,0.008,Domestic
2587,2587,88,"Dec 4, 1998",Psycho,20000000,21541218,37226218,15685000,1541218,-4315000,17226218,0.0,-0.001,0.005,Domestic
2588,2588,89,"Oct 19, 1990",Quigley Down Under,20000000,21413105,21413105,0,1413105,-20000000,1413105,0.0,-0.006,0.0,Domestic
2589,2589,90,"Sep 27, 1995",To Die For,20000000,21284514,27688744,6404230,1284514,-13595770,7688744,0.0,-0.004,0.002,Domestic
2590,2590,91,"Aug 21, 2009",Shorts,20000000,20919166,29870801,8951635,919166,-11048365,9870801,0.0,-0.003,0.003,Domestic
2591,2591,92,"Oct 30, 1998",Vampires,20000000,20268825,20268825,0,268825,-20000000,268825,0.0,-0.006,0.0,Domestic
2592,2592,93,"Sep 19, 2008",Appaloosa,20000000,20211394,27911453,7700059,211394,-12299941,7911453,0.0,-0.004,0.002,Domestic
2593,2593,94,"Nov 20, 2015",Secret in Their Eyes,20000000,20180155,32608019,12427864,180155,-7572136,12608019,0.0,-0.002,0.004,Domestic
2594,2594,95,"Aug 13, 2004",Yu-Gi-Oh,20000000,19762690,28762690,9000000,-237310,-11000000,8762690,-0.0,-0.003,0.003,Domestic
2595,2595,96,"Mar 23, 2007",Reign Over Me,20000000,19661987,20081987,420000,-338013,-19580000,81987,-0.0,-0.006,0.0,Domestic
2596,2596,97,"Sep 19, 2008",My Best Friend's Girl,20000000,19219250,34787111,15567861,-780750,-4432139,14787111,-0.0,-0.001,0.004,Domestic
2597,2597,98,"May 11, 2007",Georgia Rule,20000000,18882880,20819601,1936721,-1117120,-18063279,819601,-0.0,-0.005,0.0,Domestic
2598,2598,99,"Jul 31, 1981",Under the Rainbow,20000000,18826490,18826490,0,-1173510,-20000000,-1173510,-0.0,-0.006,-0.0,Domestic
2599,2599,100,"Apr 12, 1985",Ladyhawke,20000000,18400000,18400000,0,-1600000,-20000000,-1600000,-0.0,-0.006,-0.0,Domestic
2600,2600,1,"Sep 21, 2007",Into the Wild,20000000,18354356,56822960,38468604,-1645644,18468604,36822960,-0.0,0.005,0.011,Domestic
2601,2601,2,"Sep 11, 1998",Simon Birch,20000000,18253415,18310591,57176,-1746585,-19942824,-1689409,-0.001,-0.006,-0.0,Domestic
2602,2602,3,"Feb 11, 2005",Pooh's Heffalump Movie,20000000,18098433,55686944,37588511,-1901567,17588511,35686944,-0.001,0.005,0.01,Domestic
2603,2603,4,"Sep 29, 2006",School for Scoundrels,20000000,17807569,17807569,0,-2192431,-20000000,-2192431,-0.001,-0.006,-0.001,Domestic
2604,2604,5,"Oct 26, 2012",Silent Hill: Revelation 3D,20000000,17530219,55975672,38445453,-2469781,18445453,35975672,-0.001,0.005,0.01,Domestic
2605,2605,6,"Nov 3, 1995",Home for the Holidays,20000000,17468887,22119269,4650382,-2531113,-15349618,2119269,-0.001,-0.004,0.001,Domestic
2606,2606,7,"Mar 31, 2017",The Zookeeperâs Wife,20000000,17445186,26308749,8863563,-2554814,-11136437,6308749,-0.001,-0.003,0.002,Domestic
2607,2607,8,"Feb 20, 2009",Fired Up,20000000,17231291,18608570,1377279,-2768709,-18622721,-1391430,-0.001,-0.005,-0.0,Domestic
2608,2608,9,"Apr 8, 2005",Kung Fu Hustle,20000000,17104669,102034104,84929435,-2895331,64929435,82034104,-0.001,0.019,0.024,Domestic
2609,2609,10,"Jul 26, 2002",The Country Bears,20000000,16988996,16988996,0,-3011004,-20000000,-3011004,-0.001,-0.006,-0.001,Domestic
2610,2610,11,"Sep 29, 2017",Flatliners,20000000,16883115,45173738,28290623,-3116885,8290623,25173738,-0.001,0.002,0.007,Domestic
2611,2611,12,"Mar 16, 2007",Dead Silence,20000000,16574590,20614661,4040071,-3425410,-15959929,614661,-0.001,-0.005,0.0,Domestic
2612,2612,13,"Nov 21, 2003",21 Grams,20000000,16248701,59667625,43418924,-3751299,23418924,39667625,-0.001,0.007,0.011,Domestic
2613,2613,14,"Dec 4, 2009",Armored,20000000,15988876,23661038,7672162,-4011124,-12327838,3661038,-0.001,-0.004,0.001,Domestic
2614,2614,15,"Dec 14, 2007",The Kite Runner,20000000,15800078,74180745,58380667,-4199922,38380667,54180745,-0.001,0.011,0.016,Domestic
2615,2615,16,"Sep 3, 2004",Paparazzi,20000000,15712072,16612072,900000,-4287928,-19100000,-3387928,-0.001,-0.006,-0.001,Domestic
2616,2616,17,"Jan 17, 2003",A Guy Thing,20000000,15543862,17430594,1886732,-4456138,-18113268,-2569406,-0.001,-0.005,-0.001,Domestic
2617,2617,18,"Feb 15, 1965",The Greatest Story Ever Told,20000000,15473333,15473333,0,-4526667,-20000000,-4526667,-0.001,-0.006,-0.001,Domestic
2618,2618,19,"Jul 21, 2000",Loser,20000000,15464026,18250106,2786080,-4535974,-17213920,-1749894,-0.001,-0.005,-0.001,Domestic
2619,2619,20,"Mar 6, 1998",Twilight,20000000,15055091,15055091,0,-4944909,-20000000,-4944909,-0.001,-0.006,-0.001,Domestic
2620,2620,21,"Sep 23, 2009",Capitalism: A Love Story,20000000,14363397,19121531,4758134,-5636603,-15241866,-878469,-0.002,-0.004,-0.0,Domestic
2621,2621,22,"Apr 13, 2012",Lockout,20000000,14326865,33943049,19616184,-5673135,-383816,13943049,-0.002,-0.0,0.004,Domestic
2622,2622,23,"Aug 29, 2008",Disaster Movie,20000000,14190901,36720752,22529851,-5809099,2529851,16720752,-0.002,0.001,0.005,Domestic
2623,2623,24,"Sep 30, 2011",What's Your Number?,20000000,14011084,30163785,16152701,-5988916,-3847299,10163785,-0.002,-0.001,0.003,Domestic
2624,2624,25,"Nov 14, 1997",The Man Who Knew Too Little,20000000,13801755,13801755,0,-6198245,-20000000,-6198245,-0.002,-0.006,-0.002,Domestic
2625,2625,26,"Apr 17, 2009",Crank 2: High Voltage,20000000,13684249,35472739,21788490,-6315751,1788490,15472739,-0.002,0.001,0.004,Domestic
2626,2626,27,"Oct 30, 2015",Burnt,20000000,13651946,36773510,23121564,-6348054,3121564,16773510,-0.002,0.001,0.005,Domestic
2627,2627,28,"Apr 30, 2004",Envy,20000000,13548322,14566246,1017924,-6451678,-18982076,-5433754,-0.002,-0.005,-0.002,Domestic
2628,2628,29,"Oct 13, 2006",One Night with the King,20000000,13395961,13725032,329071,-6604039,-19670929,-6274968,-0.002,-0.006,-0.002,Domestic
2629,2629,30,"Oct 21, 1994",Bullets Over Broadway,20000000,13383747,13383747,0,-6616253,-20000000,-6616253,-0.002,-0.006,-0.002,Domestic
2630,2630,31,"Sep 19, 2008",Ghost Town,20000000,13367624,29958228,16590604,-6632376,-3409396,9958228,-0.002,-0.001,0.003,Domestic
2631,2631,32,"Nov 22, 2002",The Quiet American,20000000,12987647,26348203,13360556,-7012353,-6639444,6348203,-0.002,-0.002,0.002,Domestic
2632,2632,33,"Feb 26, 2016",Triple 9,20000000,12639297,25943792,13304495,-7360703,-6695505,5943792,-0.002,-0.002,0.002,Domestic
2633,2633,34,"Sep 2, 2016",The Light Between Oceans,20000000,12545979,22281732,9735753,-7454021,-10264247,2281732,-0.002,-0.003,0.001,Domestic
2634,2634,35,"Oct 28, 2005",The Weather Man,20000000,12482775,15466961,2984186,-7517225,-17015814,-4533039,-0.002,-0.005,-0.001,Domestic
2635,2635,36,"Aug 23, 2002",Undisputed,20000000,12398628,12398628,0,-7601372,-20000000,-7601372,-0.002,-0.006,-0.002,Domestic
2636,2636,37,"Mar 27, 2009",12 Rounds,20000000,12234694,17306648,5071954,-7765306,-14928046,-2693352,-0.002,-0.004,-0.001,Domestic
2637,2637,38,"Oct 1, 2010",Let Me In,20000000,12134935,28270399,16135464,-7865065,-3864536,8270399,-0.002,-0.001,0.002,Domestic
2638,2638,39,"May 6, 1994",3 Ninjas Kick Back,20000000,11744960,11744960,0,-8255040,-20000000,-8255040,-0.002,-0.006,-0.002,Domestic
2639,2639,40,"Feb 22, 2008",Be Kind Rewind,20000000,11175164,30894247,19719083,-8824836,-280917,10894247,-0.003,-0.0,0.003,Domestic
2640,2640,41,"Dec 9, 2005",Mrs. Henderson Presents,20000000,11036366,27836366,16800000,-8963634,-3200000,7836366,-0.003,-0.001,0.002,Domestic
2641,2641,42,"Dec 12, 1997",Deconstructing Harry,20000000,10686841,10686841,0,-9313159,-20000000,-9313159,-0.003,-0.006,-0.003,Domestic
2642,2642,43,"Oct 22, 1999",Three to Tango,20000000,10570375,10570375,0,-9429625,-20000000,-9429625,-0.003,-0.006,-0.003,Domestic
2643,2643,44,"Dec 15, 1989",We're No Angels,20000000,10555348,10555348,0,-9444652,-20000000,-9444652,-0.003,-0.006,-0.003,Domestic
2644,2644,45,"Dec 6, 1996",Everyone Says I Love You,20000000,9725847,34600000,24874153,-10274153,4874153,14600000,-0.003,0.001,0.004,Domestic
2645,2645,46,"Aug 31, 2007",Death Sentence,20000000,9534258,16907831,7373573,-10465742,-12626427,-3092169,-0.003,-0.004,-0.001,Domestic
2646,2646,47,"Jun 3, 2016",Popstar: Never Stop Never Stopping,20000000,9496130,9537120,40990,-10503870,-19959010,-10462880,-0.003,-0.006,-0.003,Domestic
2647,2647,48,"Oct 27, 2017",Thank You for Your Service,20000000,9479390,9985316,505926,-10520610,-19494074,-10014684,-0.003,-0.006,-0.003,Domestic
2648,2648,49,"Dec 4, 2009",Everybody's Fine,20000000,9208876,9208876,0,-10791124,-20000000,-10791124,-0.003,-0.006,-0.003,Domestic
2649,2649,50,"Aug 27, 2004",Superbabies: Baby Geniuses 2,20000000,9109322,9355369,246047,-10890678,-19753953,-10644631,-0.003,-0.006,-0.003,Domestic
2650,2650,51,"Sep 20, 2013",Battle of the Year,20000000,8888355,16723377,7835022,-11111645,-12164978,-3276623,-0.003,-0.004,-0.001,Domestic
2651,2651,52,"Apr 29, 2016",Ratchet and Clank,20000000,8813410,14365639,5552229,-11186590,-14447771,-5634361,-0.003,-0.004,-0.002,Domestic
2652,2652,53,"Aug 17, 2007",Death at a Funeral,20000000,8580428,46790428,38210000,-11419572,18210000,26790428,-0.003,0.005,0.008,Domestic
2653,2653,54,"Sep 9, 2005",The Man,20000000,8330720,10393696,2062976,-11669280,-17937024,-9606304,-0.003,-0.005,-0.003,Domestic
2654,2654,55,"Jan 5, 2007",Code Name: The Cleaner,20000000,8135024,8135024,0,-11864976,-20000000,-11864976,-0.003,-0.006,-0.003,Domestic
2655,2655,56,"Dec 12, 2014",Inherent Vice,20000000,8110975,14772346,6661371,-11889025,-13338629,-5227654,-0.003,-0.004,-0.002,Domestic
2656,2656,57,"Apr 16, 2004",Connie & Carla,20000000,8047525,8047525,0,-11952475,-20000000,-11952475,-0.003,-0.006,-0.003,Domestic
2657,2657,58,"Oct 11, 2013",Machete Kills,20000000,8008161,18273009,10264848,-11991839,-9735152,-1726991,-0.003,-0.003,-0.0,Domestic
2658,2658,59,"Jan 1, 1969",Sweet Charity,20000000,8000000,8000000,0,-12000000,-20000000,-12000000,-0.003,-0.006,-0.003,Domestic
2659,2659,60,"Feb 24, 2006",Doogal,20000000,7578946,28058652,20479706,-12421054,479706,8058652,-0.004,0.0,0.002,Domestic
2660,2660,61,"Sep 16, 2005",Proof,20000000,7535331,8284331,749000,-12464669,-19251000,-11715669,-0.004,-0.006,-0.003,Domestic
2661,2661,62,"Oct 3, 2008",An American Carol,20000000,7013191,7022183,8992,-12986809,-19991008,-12977817,-0.004,-0.006,-0.004,Domestic
2662,2662,63,"Mar 14, 2003",Willard,20000000,6882696,6882696,0,-13117304,-20000000,-13117304,-0.004,-0.006,-0.004,Domestic
2663,2663,64,"Feb 1, 2008",Strange Wilderness,20000000,6575282,6947084,371802,-13424718,-19628198,-13052916,-0.004,-0.006,-0.004,Domestic
2664,2664,65,"Apr 24, 2015",Little Boy,20000000,6485961,17769299,11283338,-13514039,-8716662,-2230701,-0.004,-0.003,-0.001,Domestic
2665,2665,66,"Dec 17, 1999",Topsy Turvy,20000000,6201757,6201757,0,-13798243,-20000000,-13798243,-0.004,-0.006,-0.004,Domestic
2666,2666,67,"Oct 26, 2012",Chasing Mavericks,20000000,6002756,8300821,2298065,-13997244,-17701935,-11699179,-0.004,-0.005,-0.003,Domestic
2667,2667,68,"Dec 31, 2014",A Most Violent Year,20000000,5749134,8846875,3097741,-14250866,-16902259,-11153125,-0.004,-0.005,-0.003,Domestic
2668,2668,69,"Nov 23, 2011",A Dangerous Method,20000000,5702083,14807531,9105448,-14297917,-10894552,-5192469,-0.004,-0.003,-0.001,Domestic
2669,2669,70,"Jul 7, 2006",A Scanner Darkly,20000000,5501616,7405084,1903468,-14498384,-18096532,-12594916,-0.004,-0.005,-0.004,Domestic
2670,2670,71,"Aug 14, 2009",Bandslam,20000000,5210988,12967829,7756841,-14789012,-12243159,-7032171,-0.004,-0.004,-0.002,Domestic
2671,2671,72,"Jan 28, 2005",Alone in the Dark,20000000,5178569,10588079,5409510,-14821431,-14590490,-9411921,-0.004,-0.004,-0.003,Domestic
2672,2672,73,"Oct 29, 2004",Birth,20000000,5005899,14603001,9597102,-14994101,-10402898,-5396999,-0.004,-0.003,-0.002,Domestic
2673,2673,74,"Aug 26, 2016",Hands of Stone,20000000,4712792,5031975,319183,-15287208,-19680817,-14968025,-0.004,-0.006,-0.004,Domestic
2674,2674,75,"Oct 24, 2008",Passchendaele,20000000,4452423,4453327,904,-15547577,-19999096,-15546673,-0.004,-0.006,-0.004,Domestic
2675,2675,76,"Oct 3, 2008",Flash of Genius,20000000,4442377,4504111,61734,-15557623,-19938266,-15495889,-0.004,-0.006,-0.004,Domestic
2676,2676,77,"Nov 21, 2007",Iâm Not There,20000000,4017609,12397613,8380004,-15982391,-11619996,-7602387,-0.005,-0.003,-0.002,Domestic
2677,2677,78,"Sep 7, 2012",The Cold Light of Day,20000000,3763583,25361206,21597623,-16236417,1597623,5361206,-0.005,0.0,0.002,Domestic
2678,2678,79,"May 15, 2009",The Brothers Bloom,20000000,3531756,5531756,2000000,-16468244,-18000000,-14468244,-0.005,-0.005,-0.004,Domestic
2679,2679,80,"Oct 24, 2008","Synecdoche, New York",20000000,3083538,4383538,1300000,-16916462,-18700000,-15616462,-0.005,-0.005,-0.005,Domestic
2680,2680,81,"Oct 26, 2018",Suspiria,20000000,2483472,7034615,4551143,-17516528,-15448857,-12965385,-0.005,-0.004,-0.004,Domestic
2681,2681,82,"Nov 3, 2017",LBJ,20000000,2468683,2507181,38498,-17531317,-19961502,-17492819,-0.005,-0.006,-0.005,Domestic
2682,2682,83,"Oct 29, 1999",Mononoke-hime,20000000,2374107,150350000,147975893,-17625893,127975893,130350000,-0.005,0.037,0.038,Domestic
2683,2683,84,"Mar 19, 2004",Bon Voyage,20000000,2353728,8361736,6008008,-17646272,-13991992,-11638264,-0.005,-0.004,-0.003,Domestic
2684,2684,85,"Nov 13, 2015",My All-American,20000000,2246000,2246000,0,-17754000,-20000000,-17754000,-0.005,-0.006,-0.005,Domestic
2685,2685,86,"Jun 20, 1980",Can't Stop the Music,20000000,2000000,2000000,0,-18000000,-20000000,-18000000,-0.005,-0.006,-0.005,Domestic
2686,2686,87,"May 5, 2006",The Proposition,20000000,1903434,5313608,3410174,-18096566,-16589826,-14686392,-0.005,-0.005,-0.004,Domestic
2687,2687,88,"Aug 22, 2003",Marci X,20000000,1646664,1646664,0,-18353336,-20000000,-18353336,-0.005,-0.006,-0.005,Domestic
2688,2688,89,"Dec 6, 2002",Equilibrium,20000000,1190018,5345869,4155851,-18809982,-15844149,-14654131,-0.005,-0.005,-0.004,Domestic
2689,2689,90,"Apr 29, 2011",Dylan Dog: Dead of Night,20000000,1186538,6093725,4907187,-18813462,-15092813,-13906275,-0.005,-0.004,-0.004,Domestic
2690,2690,91,"Aug 29, 2012",The Oogieloves in the BIG Balloon Adventure,20000000,1065907,1065907,0,-18934093,-20000000,-18934093,-0.005,-0.006,-0.005,Domestic
2691,2691,92,"May 23, 2008",The Children of Huang Shi,20000000,1031872,8221700,7189828,-18968128,-12810172,-11778300,-0.005,-0.004,-0.003,Domestic
2692,2692,93,"Oct 20, 2000",The Yards,20000000,882710,2282710,1400000,-19117290,-18600000,-17717290,-0.006,-0.005,-0.005,Domestic
2693,2693,94,"Aug 6, 2010",Middle Men,20000000,754301,754301,0,-19245699,-20000000,-19245699,-0.006,-0.006,-0.006,Domestic
2694,2694,95,"Apr 28, 2017",JÃ¬yÃ¬ dÃ shÄ«,20000000,587470,43888531,43301061,-19412530,23301061,23888531,-0.006,0.007,0.007,Domestic
2695,2695,96,"Dec 3, 2010",All Good Things,20000000,582024,873617,291593,-19417976,-19708407,-19126383,-0.006,-0.006,-0.006,Domestic
2696,2696,97,"Nov 13, 2015",By the Sea,20000000,538460,3727746,3189286,-19461540,-16810714,-16272254,-0.006,-0.005,-0.005,Domestic
2697,2697,98,"Mar 18, 2005",Steamboy,20000000,468867,10468867,10000000,-19531133,-10000000,-9531133,-0.006,-0.003,-0.003,Domestic
2698,2698,99,"Apr 22, 2005",The Game of Their Lives,20000000,375474,375474,0,-19624526,-20000000,-19624526,-0.006,-0.006,-0.006,Domestic
2699,2699,100,"Sep 11, 1994",Rapa Nui,20000000,305070,305070,0,-19694930,-20000000,-19694930,-0.006,-0.006,-0.006,Domestic
2700,2700,1,"Dec 10, 2010",The Tempest,20000000,277943,277943,0,-19722057,-20000000,-19722057,-0.006,-0.006,-0.006,Domestic
2701,2701,2,"Mar 7, 2008",é·æ±ä¸è (CJ7),20000000,206678,47300771,47094093,-19793322,27094093,27300771,-0.006,0.008,0.008,Domestic
2702,2702,3,"Sep 18, 2009",The Burning Plain,20000000,200730,1167092,966362,-19799270,-19033638,-18832908,-0.006,-0.005,-0.005,Domestic
2703,2703,4,"Mar 27, 1998",Les Couloirs du temps: Les visiteurs 2,20000000,146072,26146072,26000000,-19853928,6000000,6146072,-0.006,0.002,0.002,Domestic
2704,2704,5,"Apr 25, 2003",People I Know,20000000,121972,5694213,5572241,-19878028,-14427759,-14305787,-0.006,-0.004,-0.004,Domestic
2705,2705,6,"Oct 30, 2015",Regression,20000000,55039,15824374,15769335,-19944961,-4230665,-4175626,-0.006,-0.001,-0.001,Domestic
2717,2717,18,"Aug 21, 2009",Der Baader Meinhof Komplex,19700000,476270,16498827,16022557,-19223730,-3677443,-3201173,-0.006,-0.001,-0.001,Domestic
2718,2718,19,"Dec 1, 2017",The Shape of Water,19500000,63859435,195790794,131931359,44359435,112431359,176290794,0.013,0.032,0.051,Domestic
2719,2719,20,"Nov 23, 2012",De rouille et dâos,19500000,2061449,29393634,27332185,-17438551,7832185,9893634,-0.005,0.002,0.003,Domestic
2720,2720,21,"Dec 20, 2006",The Painted Veil,19400000,8060487,15118795,7058308,-11339513,-12341692,-4281205,-0.003,-0.004,-0.001,Domestic
2722,2722,23,"Jul 29, 2011",The Devil's Double,19100000,1361512,5965646,4604134,-17738488,-14495866,-13134354,-0.005,-0.004,-0.004,Domestic
2723,2723,24,"Jul 3, 1985",Back to the Future,19000000,212259762,385524784,173265022,193259762,154265022,366524784,0.056,0.045,0.106,Domestic
2724,2724,25,"Nov 9, 1990",Dances with Wolves,19000000,184208842,424200000,239991158,165208842,220991158,405200000,0.048,0.064,0.117,Domestic
2725,2725,26,"Jul 7, 2000",Scary Movie,19000000,157019771,277200000,120180229,138019771,101180229,258200000,0.04,0.029,0.075,Domestic
2726,2726,27,"Jun 24, 2011",Bad Teacher,19000000,100292856,215448997,115156141,81292856,96156141,196448997,0.023,0.028,0.057,Domestic
2727,2727,28,"Aug 12, 2016",Sausage Party,19000000,97670358,141344255,43673897,78670358,24673897,122344255,0.023,0.007,0.035,Domestic
2728,2728,29,"Sep 15, 1989",Sea of Love,19000000,58571513,58571513,0,39571513,-19000000,39571513,0.011,-0.005,0.011,Domestic
2729,2729,30,"Jan 10, 2003",Just Married,19000000,56127162,101564935,45437773,37127162,26437773,82564935,0.011,0.008,0.024,Domestic
2730,2730,31,"Sep 11, 2009",I Can Do Bad All By Myself,19000000,51733921,51733921,0,32733921,-19000000,32733921,0.009,-0.005,0.009,Domestic
2731,2731,32,"Jul 16, 2004",A Cinderella Story,19000000,51438175,70164105,18725930,32438175,-274070,51164105,0.009,-0.0,0.015,Domestic
2732,2732,33,"May 23, 1980",The Shining,19000000,44017374,44728227,710853,25017374,-18289147,25728227,0.007,-0.005,0.007,Domestic
2733,2733,34,"Oct 26, 2001",Thirteen Ghosts,19000000,41867960,68467960,26600000,22867960,7600000,49467960,0.007,0.002,0.014,Domestic
2734,2734,35,"Oct 29, 1999",House on Haunted Hill,19000000,40846082,65090541,24244459,21846082,5244459,46090541,0.006,0.002,0.013,Domestic
2735,2735,36,"Feb 26, 2010",The Crazies,19000000,39123589,56445534,17321945,20123589,-1678055,37445534,0.006,-0.0,0.011,Domestic
2736,2736,37,"Jan 16, 2009",Notorious,19000000,36843682,44972183,8128501,17843682,-10871499,25972183,0.005,-0.003,0.007,Domestic
2737,2737,38,"Nov 2, 2018",Nobodyâs Fool,19000000,31713110,32589493,876383,12713110,-18123617,13589493,0.004,-0.005,0.004,Domestic
2738,2738,39,"Aug 20, 2010",The Switch,19000000,27758465,49858465,22100000,8758465,3100000,30858465,0.003,0.001,0.009,Domestic
2739,2739,40,"Jan 8, 2010",Leap Year,19000000,25918920,32618920,6700000,6918920,-12300000,13618920,0.002,-0.004,0.004,Domestic
2740,2740,41,"Nov 8, 2013",The Book Thief,19000000,21488481,76086711,54598230,2488481,35598230,57086711,0.001,0.01,0.016,Domestic
2741,2741,42,"Oct 19, 2007","Gone, Baby, Gone",19000000,20300218,34352162,14051944,1300218,-4948056,15352162,0.0,-0.001,0.004,Domestic
2742,2742,43,"Jul 26, 2000",Thomas and the Magic Railroad,19000000,15911332,15911332,0,-3088668,-19000000,-3088668,-0.001,-0.005,-0.001,Domestic
2743,2743,44,"Nov 8, 1962",Mutiny on The Bounty,19000000,13680000,13680000,0,-5320000,-19000000,-5320000,-0.002,-0.005,-0.002,Domestic
2744,2744,45,"Sep 20, 2002",Sen to Chihiro no Kamikakushi,19000000,10049886,274949886,264900000,-8950114,245900000,255949886,-0.003,0.071,0.074,Domestic
2745,2745,46,"Oct 17, 2008",Sex Drive,19000000,8402485,10412485,2010000,-10597515,-16990000,-8587515,-0.003,-0.005,-0.002,Domestic
2746,2746,47,"Jan 9, 1998",Firestorm,19000000,8123860,8123860,0,-10876140,-19000000,-10876140,-0.003,-0.005,-0.003,Domestic
2747,2747,48,"Mar 4, 2011",Take Me Home Tonight,19000000,6928068,7576604,648536,-12071932,-18351464,-11423396,-0.003,-0.005,-0.003,Domestic
2748,2748,49,"Sep 28, 2012",Won't Back Down,19000000,5310554,5745503,434949,-13689446,-18565051,-13254497,-0.004,-0.005,-0.004,Domestic
2749,2749,50,"Jun 1, 2018",Action Point,19000000,5059608,5103675,44067,-13940392,-18955933,-13896325,-0.004,-0.005,-0.004,Domestic
2750,2750,51,"Jan 1, 1964",The Fall of the Roman Empire,19000000,4750000,4750000,0,-14250000,-19000000,-14250000,-0.004,-0.005,-0.004,Domestic
2751,2751,52,"Nov 24, 1993",The Nutcracker,19000000,2119994,2119994,0,-16880006,-19000000,-16880006,-0.005,-0.005,-0.005,Domestic
2752,2752,53,"Dec 13, 2011",George Balanchine\'s The Nutcracker,19000000,2119994,2119994,0,-16880006,-19000000,-16880006,-0.005,-0.005,-0.005,Domestic
2753,2753,54,"Aug 16, 1996",Kansas City,19000000,1353824,1353824,0,-17646176,-19000000,-17646176,-0.005,-0.005,-0.005,Domestic
2755,2755,56,"Jun 24, 2005",George A. Romero's Land of the Dead,18975000,20700082,47751015,27050933,1725082,8075933,28776015,0.0,0.002,0.008,Domestic
2756,2756,57,"Dec 15, 2006",IndigÃ¨nes,18900000,320700,26063572,25742872,-18579300,6842872,7163572,-0.005,0.002,0.002,Domestic
2757,2757,58,"Apr 15, 2005",The Amityville Horror,18500000,65233369,109175673,43942304,46733369,25442304,90675673,0.013,0.007,0.026,Domestic
2758,2758,59,"Dec 6, 2002",Adaptation,18500000,22498520,32531759,10033239,3998520,-8466761,14031759,0.001,-0.002,0.004,Domestic
2759,2759,60,"Oct 2, 2009",The Invention of Lying,18500000,18451251,32679264,14228013,-48749,-4271987,14179264,-0.0,-0.001,0.004,Domestic
2760,2760,61,"May 22, 1998",Fear and Loathing in Las Vegas,18500000,10680275,13711903,3031628,-7819725,-15468372,-4788097,-0.002,-0.004,-0.001,Domestic
2761,2761,62,"Jul 4, 2008",Ne le dis Ã personne,18500000,6198883,33954018,27755135,-12301117,9255135,15454018,-0.004,0.003,0.004,Domestic
2762,2762,63,"Feb 2, 2001",Left Behind,18500000,4221341,4221341,0,-14278659,-18500000,-14278659,-0.004,-0.005,-0.004,Domestic
2763,2763,64,"May 9, 2014",Neighbors,18000000,150086800,270944428,120857628,132086800,102857628,252944428,0.038,0.03,0.073,Domestic
2764,2764,65,"Nov 3, 2006",Borat,18000000,128505958,261443242,132937284,110505958,114937284,243443242,0.032,0.033,0.07,Domestic
2765,2765,66,"Jul 29, 1994",The Mask,18000000,119920129,351620129,231700000,101920129,213700000,333620129,0.029,0.062,0.096,Domestic
2766,2766,67,"Jun 3, 1988",Big,18000000,114968774,151668774,36700000,96968774,18700000,133668774,0.028,0.005,0.039,Domestic
2767,2767,68,"Jul 13, 2001",Legally Blonde,18000000,96493426,141809235,45315809,78493426,27315809,123809235,0.023,0.008,0.036,Domestic
2768,2768,69,"Apr 30, 2004",Mean Girls,18000000,86047227,130953026,44905799,68047227,26905799,112953026,0.02,0.008,0.033,Domestic
2769,2769,70,"Jun 1, 1984",Star Trek III: The Search for Spock,18000000,76471046,87000000,10528954,58471046,-7471046,69000000,0.017,-0.002,0.02,Domestic
2770,2770,71,"Sep 9, 2005",The Exorcism of Emily Rose,18000000,75072454,144529078,69456624,57072454,51456624,126529078,0.016,0.015,0.037,Domestic
2771,2771,72,"Dec 10, 1999",Deuce Bigalow: Male Gigolo,18000000,65535067,92935067,27400000,47535067,9400000,74935067,0.014,0.003,0.022,Domestic
2772,2772,73,"Jan 1, 2004",Barbershop 2: Back in Business,18000000,65070412,65842412,772000,47070412,-17228000,47842412,0.014,-0.005,0.014,Domestic
2773,2773,74,"Dec 16, 2005",The Family Stone,18000000,60062868,92357499,32294631,42062868,14294631,74357499,0.012,0.004,0.021,Domestic
2774,2774,75,"Nov 26, 2003",Bad Santa,18000000,60060328,77147031,17086703,42060328,-913297,59147031,0.012,-0.0,0.017,Domestic
2775,2775,76,"Jun 12, 1987",Predator,18000000,59735548,98267558,38532010,41735548,20532010,80267558,0.012,0.006,0.023,Domestic
2776,2776,77,"Mar 25, 2016",My Big Fat Greek Wedding 2,18000000,59689605,92096558,32406953,41689605,14406953,74096558,0.012,0.004,0.021,Domestic
2777,2777,78,"Sep 11, 2015",The Perfect Guy,18000000,57027435,60278166,3250731,39027435,-14749269,42278166,0.011,-0.004,0.012,Domestic
2778,2778,79,"May 2, 1997",Austin Powers: International Man of Mystery,18000000,53883989,67683989,13800000,35883989,-4200000,49683989,0.01,-0.001,0.014,Domestic
2779,2779,80,"Mar 25, 2011",Diary of a Wimpy Kid: Rodrick Rules,18000000,52698535,73695194,20996659,34698535,2996659,55695194,0.01,0.001,0.016,Domestic
2780,2780,81,"Sep 19, 1984",Amadeus,18000000,51973029,51973029,0,33973029,-18000000,33973029,0.01,-0.005,0.01,Domestic
2781,2781,82,"Apr 11, 2008",Prom Night,18000000,43869350,57193655,13324305,25869350,-4675695,39193655,0.007,-0.001,0.011,Domestic
2782,2782,83,"Apr 8, 2011",Soul Surfer,18000000,43853424,47158652,3305228,25853424,-14694772,29158652,0.007,-0.004,0.008,Domestic
2783,2783,84,"Sep 26, 2003",Under the Tuscan Sun,18000000,43601508,57490024,13888516,25601508,-4111484,39490024,0.007,-0.001,0.011,Domestic
2784,2784,85,"Jun 29, 2018",Uncle Drew,18000000,42469946,46527161,4057215,24469946,-13942785,28527161,0.007,-0.004,0.008,Domestic
2785,2785,86,"Oct 17, 2014",Birdman or (The Unexpected Virtue of Ignorance),18000000,42340598,103215094,60874496,24340598,42874496,85215094,0.007,0.012,0.025,Domestic
2786,2786,87,"Oct 10, 1986",Peggy Sue Got Married,18000000,41382841,41382841,0,23382841,-18000000,23382841,0.007,-0.005,0.007,Domestic
2787,2787,88,"Dec 26, 2001",Gosford Park,18000000,41300105,41300105,0,23300105,-18000000,23300105,0.007,-0.005,0.007,Domestic
2788,2788,89,"Jan 11, 2002",Orange County,18000000,41059716,43308707,2248991,23059716,-15751009,25308707,0.007,-0.005,0.007,Domestic
2789,2789,90,"Jul 26, 2013",Blue Jasmine,18000000,33404871,102912961,69508090,15404871,51508090,84912961,0.004,0.015,0.025,Domestic
2790,2790,91,"Apr 28, 2006",United 93,18000000,31567134,77635035,46067901,13567134,28067901,59635035,0.004,0.008,0.017,Domestic
2791,2791,92,"Dec 5, 2003",Honey,18000000,30272254,62646763,32374509,12272254,14374509,44646763,0.004,0.004,0.013,Domestic
2792,2792,93,"Oct 14, 2005",The Fog,18000000,29511112,37048526,7537414,11511112,-10462586,19048526,0.003,-0.003,0.005,Domestic
2793,2793,94,"May 24, 1996",Spy Hard,18000000,26936265,26936265,0,8936265,-18000000,8936265,0.003,-0.005,0.003,Domestic
2794,2794,95,"Aug 7, 2015",Ricki and the Flash,18000000,26839498,41166033,14326535,8839498,-3673465,23166033,0.003,-0.001,0.007,Domestic
2795,2795,96,"Dec 13, 1989",Glory,18000000,26593580,26593580,0,8593580,-18000000,8593580,0.002,-0.005,0.002,Domestic
2796,2796,97,"Jun 29, 1984",Conan the Destroyer,18000000,26400000,26400000,0,8400000,-18000000,8400000,0.002,-0.005,0.002,Domestic
2797,2797,98,"Nov 13, 2015",Love the Coopers,18000000,26302731,42227490,15924759,8302731,-2075241,24227490,0.002,-0.001,0.007,Domestic
2798,2798,99,"Jun 24, 1970",Catch-22,18000000,24911670,24911670,0,6911670,-18000000,6911670,0.002,-0.005,0.002,Domestic
2799,2799,100,"Apr 10, 2009",Observe and Report,18000000,24007324,27148898,3141574,6007324,-14858426,9148898,0.002,-0.004,0.003,Domestic
2800,2800,1,"Nov 14, 1980",Raging Bull,18000000,23380203,23380203,0,5380203,-18000000,5380203,0.002,-0.005,0.002,Domestic
2801,2801,2,"Sep 18, 2009",Love Happens,18000000,22965110,36133014,13167904,4965110,-4832096,18133014,0.001,-0.001,0.005,Domestic
2802,2802,3,"Sep 25, 2009",Fame,18000000,22455510,80227619,57772109,4455510,39772109,62227619,0.001,0.011,0.018,Domestic
2803,2803,4,"Apr 28, 2017",The Circle,18000000,20497844,40651864,20154020,2497844,2154020,22651864,0.001,0.001,0.007,Domestic
2804,2804,5,"Dec 4, 1985",Young Sherlock Holmes,18000000,19739000,19739000,0,1739000,-18000000,1739000,0.001,-0.005,0.001,Domestic
2805,2805,6,"Nov 5, 2010",127 Hours,18000000,18335230,60217171,41881941,335230,23881941,42217171,0.0,0.007,0.012,Domestic
2806,2806,7,"May 19, 2000",Small Time Crooks,18000000,17266359,29934477,12668118,-733641,-5331882,11934477,-0.0,-0.002,0.003,Domestic
2807,2807,8,"May 12, 2000",Center Stage,18000000,17200925,21361109,4160184,-799075,-13839816,3361109,-0.0,-0.004,0.001,Domestic
2808,2808,9,"Jan 15, 2016",Norm of the North,18000000,17062499,30535660,13473161,-937501,-4526839,12535660,-0.0,-0.001,0.004,Domestic
2809,2809,10,"Feb 6, 2004",Catch That Kid,18000000,16703799,16959614,255815,-1296201,-17744185,-1040386,-0.0,-0.005,-0.0,Domestic
2810,2810,11,"Aug 16, 2013",Jobs,18000000,16131410,43402515,27271105,-1868590,9271105,25402515,-0.001,0.003,0.007,Domestic
2811,2811,12,"Oct 26, 2001",Life as a House,18000000,15652637,23889158,8236521,-2347363,-9763479,5889158,-0.001,-0.003,0.002,Domestic
2812,2812,13,"Jan 8, 2010",Youth in Revolt,18000000,15285588,19685588,4400000,-2714412,-13600000,1685588,-0.001,-0.004,0.0,Domestic
2813,2813,14,"Jul 25, 2014",And So It Goes,18000000,15160801,17920013,2759212,-2839199,-15240788,-79987,-0.001,-0.004,-0.0,Domestic
2814,2814,15,"Jul 10, 2009","I Love You, Beth Cooper",18000000,14800725,16382538,1581813,-3199275,-16418187,-1617462,-0.001,-0.005,-0.0,Domestic
2815,2815,16,"Jul 24, 1981",Blow Out,18000000,13747234,13747234,0,-4252766,-18000000,-4252766,-0.001,-0.005,-0.001,Domestic
2816,2816,17,"Mar 30, 2001",The Tailor of Panama,18000000,13491653,27491653,14000000,-4508347,-4000000,9491653,-0.001,-0.001,0.003,Domestic
2817,2817,18,"May 22, 1981",The Legend of the Lone Ranger,18000000,13400000,13400000,0,-4600000,-18000000,-4600000,-0.001,-0.005,-0.001,Domestic
2818,2818,19,"Jan 31, 2014",Labor Day,18000000,13371528,14189810,818282,-4628472,-17181718,-3810190,-0.001,-0.005,-0.001,Domestic
2819,2819,20,"Aug 30, 2013",Getaway,18000000,10501938,11813989,1312051,-7498062,-16687949,-6186011,-0.002,-0.005,-0.002,Domestic
2820,2820,21,"Sep 26, 1997",The Ice Storm,18000000,8038061,16011975,7973914,-9961939,-10026086,-1988025,-0.003,-0.003,-0.001,Domestic
2821,2821,22,"Oct 15, 2004",Being Julia,18000000,7739049,14488705,6749656,-10260951,-11250344,-3511295,-0.003,-0.003,-0.001,Domestic
2822,2822,23,"Mar 22, 1989",Troop Beverly Hills,18000000,7190505,7190505,0,-10809495,-18000000,-10809495,-0.003,-0.005,-0.003,Domestic
2823,2823,24,"Feb 21, 1986",Nine 1/2 Weeks,18000000,6734844,6734844,0,-11265156,-18000000,-11265156,-0.003,-0.005,-0.003,Domestic
2824,2824,25,"Jan 15, 2010",The Last Station,18000000,6617867,15696146,9078279,-11382133,-8921721,-2303854,-0.003,-0.003,-0.001,Domestic
2825,2825,26,"Jun 26, 1981",Dragonslayer,18000000,6000000,6000000,0,-12000000,-18000000,-12000000,-0.003,-0.005,-0.003,Domestic
2826,2826,27,"Sep 30, 1994",Ed Wood,18000000,5828466,5828466,0,-12171534,-18000000,-12171534,-0.004,-0.005,-0.004,Domestic
2827,2827,28,"Jun 6, 2008",Mongol,18000000,5705761,27147349,21441588,-12294239,3441588,9147349,-0.004,0.001,0.003,Domestic
2828,2828,29,"Oct 8, 2008",RocknRolla,18000000,5700626,27794339,22093713,-12299374,4093713,9794339,-0.004,0.001,0.003,Domestic
2829,2829,30,"Jun 25, 1982",Megaforce,18000000,5675599,5675599,0,-12324401,-18000000,-12324401,-0.004,-0.005,-0.004,Domestic
2830,2830,31,"Aug 20, 2010",Mao's Last Dancer,18000000,4806750,25941437,21134687,-13193250,3134687,7941437,-0.004,0.001,0.002,Domestic
2831,2831,32,"Dec 25, 1996",Hamlet,18000000,4501094,7129670,2628576,-13498906,-15371424,-10870330,-0.004,-0.004,-0.003,Domestic
2832,2832,33,"Apr 11, 2014",The Railway Man,18000000,4438438,23910210,19471772,-13561562,1471772,5910210,-0.004,0.0,0.002,Domestic
2833,2833,34,"Dec 29, 1995",Restoration,18000000,4100000,4100000,0,-13900000,-18000000,-13900000,-0.004,-0.005,-0.004,Domestic
2834,2834,35,"Mar 18, 2016",Midnight Special,18000000,3712282,7680250,3967968,-14287718,-14032032,-10319750,-0.004,-0.004,-0.003,Domestic
2835,2835,36,"Nov 25, 2016",Miss Sloane,18000000,3500605,7719630,4219025,-14499395,-13780975,-10280370,-0.004,-0.004,-0.003,Domestic
2836,2836,37,"Sep 27, 2013",Metallica Through the Never,18000000,3419967,9082906,5662939,-14580033,-12337061,-8917094,-0.004,-0.004,-0.003,Domestic
2837,2837,38,"Sep 19, 2003",Anything Else,18000000,3203044,13203044,10000000,-14796956,-8000000,-4796956,-0.004,-0.002,-0.001,Domestic
2838,2838,39,"Feb 23, 1996",Unforgettable,18000000,2483790,2483790,0,-15516210,-18000000,-15516210,-0.004,-0.005,-0.004,Domestic
2839,2839,40,"Mar 17, 2017",T2: Trainspotting,18000000,2402004,42091262,39689258,-15597996,21689258,24091262,-0.005,0.006,0.007,Domestic
2840,2840,41,"Dec 30, 2009",Das Weisse Band: Eine deutsche Kindergeschichte,18000000,2222862,25727044,23504182,-15777138,5504182,7727044,-0.005,0.002,0.002,Domestic
2841,2841,42,"Apr 25, 1986",8 Million Ways to Die,18000000,1305114,1305114,0,-16694886,-18000000,-16694886,-0.005,-0.005,-0.005,Domestic
2842,2842,43,"Mar 1, 2013",Phantom,18000000,1034589,1199510,164921,-16965411,-17835079,-16800490,-0.005,-0.005,-0.005,Domestic
2843,2843,44,"Apr 26, 2002",The Salton Sea,18000000,676698,676698,0,-17323302,-18000000,-17323302,-0.005,-0.005,-0.005,Domestic
2844,2844,45,"Apr 24, 2009",The Informers,18000000,315000,315000,0,-17685000,-18000000,-17685000,-0.005,-0.005,-0.005,Domestic
2845,2845,46,"Sep 24, 1999",One Man's Hero,18000000,229311,229311,0,-17770689,-18000000,-17770689,-0.005,-0.005,-0.005,Domestic
2846,2846,47,"Oct 15, 2010",Carlos,18000000,145526,1619153,1473627,-17854474,-16526373,-16380847,-0.005,-0.005,-0.005,Domestic
2847,2847,48,"Sep 22, 2006",Renaissance,18000000,70644,2401413,2330769,-17929356,-15669231,-15598587,-0.005,-0.005,-0.005,Domestic
2854,2854,55,"Jun 28, 1985",Red Sonja,17900000,6905861,6908640,2779,-10994139,-17897221,-10991360,-0.003,-0.005,-0.003,Domestic
2855,2855,56,"Jul 13, 2012",Red Lights,17700000,49521,14518884,14469363,-17650479,-3230637,-3181116,-0.005,-0.001,-0.001,Domestic
2856,2856,57,"Aug 17, 2007",Superbad,17500000,121463226,169955142,48491916,103963226,30991916,152455142,0.03,0.009,0.044,Domestic
2857,2857,58,"Feb 20, 2009",Madea Goes To Jail,17500000,90508336,90508336,0,73008336,-17500000,73008336,0.021,-0.005,0.021,Domestic
2858,2858,59,"Feb 14, 2008",Step Up 2 the Streets,17500000,58017783,148586910,90569127,40517783,73069127,131086910,0.012,0.021,0.038,Domestic
2859,2859,60,"Jan 13, 2006",Hoodwinked,17500000,51386611,109843390,58456779,33886611,40956779,92343390,0.01,0.012,0.027,Domestic
2860,2860,61,"Dec 22, 2004",Hotel Rwanda,17500000,23519128,36521223,13002095,6019128,-4497905,19021223,0.002,-0.001,0.005,Domestic
2861,2861,62,"Aug 25, 2006",Beerfest,17500000,19185184,20159316,974132,1685184,-16525868,2659316,0.0,-0.005,0.001,Domestic
2862,2862,63,"Nov 27, 2013",Black Nativity,17500000,7018188,7285135,266947,-10481812,-17233053,-10214865,-0.003,-0.005,-0.003,Domestic
2863,2863,64,"Apr 25, 2003",City of Ghosts,17500000,325491,325491,0,-17174509,-17500000,-17174509,-0.005,-0.005,-0.005,Domestic
2865,2865,66,"Apr 6, 2018",A Quiet Place,17000000,188024361,334522294,146497933,171024361,129497933,317522294,0.049,0.037,0.092,Domestic
2866,2866,67,"Aug 10, 2001",The Others,17000000,96522687,207765056,111242369,79522687,94242369,190765056,0.023,0.027,0.055,Domestic
2867,2867,68,"Jul 18, 1986",Aliens,17000000,85160248,183316455,98156207,68160248,81156207,166316455,0.02,0.023,0.048,Domestic
2868,2868,69,"Aug 13, 2014",Letâs Be Cops,17000000,82390774,136890774,54500000,65390774,37500000,119890774,0.019,0.011,0.035,Domestic
2869,2869,70,"Oct 17, 1997",I Know What You Did Last Summer,17000000,72250091,125250091,53000000,55250091,36000000,108250091,0.016,0.01,0.031,Domestic
2870,2870,71,"Oct 22, 1964",My Fair Lady,17000000,72000000,72071636,71636,55000000,-16928364,55071636,0.016,-0.005,0.016,Domestic
2871,2871,72,"Oct 22, 2004",Sideways,17000000,71502303,109793192,38290889,54502303,21290889,92793192,0.016,0.006,0.027,Domestic
2872,2872,73,"Nov 15, 2013",The Best Man Holiday,17000000,70525195,72835710,2310515,53525195,-14689485,55835710,0.015,-0.004,0.016,Domestic
2873,2873,74,"Feb 13, 2009",Friday the 13th,17000000,65002019,92670237,27668218,48002019,10668218,75670237,0.014,0.003,0.022,Domestic
2874,2874,75,"Sep 28, 2012",Pitch Perfect,17000000,65001093,116044347,51043254,48001093,34043254,99044347,0.014,0.01,0.029,Domestic
2875,2875,76,"Aug 5, 1998",Halloween: H2O,17000000,55041738,55041738,0,38041738,-17000000,38041738,0.011,-0.005,0.011,Domestic
2876,2876,77,"Apr 5, 2013",Evil Dead,17000000,54239856,97778356,43538500,37239856,26538500,80778356,0.011,0.008,0.023,Domestic
2877,2877,78,"Aug 27, 2004",Jet Li's Hero,17000000,53652140,177535958,123883818,36652140,106883818,160535958,0.011,0.031,0.046,Domestic
2878,2878,79,"Oct 29, 2010",Saw 3D,17000000,45710178,133735284,88025106,28710178,71025106,116735284,0.008,0.021,0.034,Domestic
2879,2879,80,"Feb 20, 2015","McFarland, USA",17000000,44480275,45707924,1227649,27480275,-15772351,28707924,0.008,-0.005,0.008,Domestic
2880,2880,81,"Nov 11, 2016",Almost Christmas,17000000,42065185,42493506,428321,25065185,-16571679,25493506,0.007,-0.005,0.007,Domestic
2881,2881,82,"Mar 10, 2006",The Hills Have Eyes,17000000,41778863,70355813,28576950,24778863,11576950,53355813,0.007,0.003,0.015,Domestic
2882,2882,83,"Mar 1, 2002",40 Days and 40 Nights,17000000,37939782,95092667,57152885,20939782,40152885,78092667,0.006,0.012,0.023,Domestic
2883,2883,84,"Oct 10, 2003",Good Boy!,17000000,37667746,45312217,7644471,20667746,-9355529,28312217,0.006,-0.003,0.008,Domestic
2884,2884,85,"Jan 26, 2007",Smokin' Aces,17000000,35662731,57263440,21600709,18662731,4600709,40263440,0.005,0.001,0.012,Domestic
2885,2885,86,"Oct 2, 1998",A Night at the Roxbury,17000000,30331165,30331165,0,13331165,-17000000,13331165,0.004,-0.005,0.004,Domestic
2886,2886,87,"Mar 4, 2011",Beastly,17000000,27865571,38028230,10162659,10865571,-6837341,21028230,0.003,-0.002,0.006,Domestic
2887,2887,88,"Mar 5, 2010",Brooklyn's Finest,17000000,27163593,39233233,12069640,10163593,-4930360,22233233,0.003,-0.001,0.006,Domestic
2888,2888,89,"Jul 9, 1982",Tron,17000000,26918576,26918576,0,9918576,-17000000,9918576,0.003,-0.005,0.003,Domestic
2889,2889,90,"Aug 20, 2010",Lottery Ticket,17000000,24719879,24719879,0,7719879,-17000000,7719879,0.002,-0.005,0.002,Domestic
2890,2890,91,"Sep 5, 2003",Dickie Roberts: Former Child Star,17000000,22734486,23734486,1000000,5734486,-16000000,6734486,0.002,-0.005,0.002,Domestic
2891,2891,92,"Mar 31, 2006",ATL,17000000,21170563,21170563,0,4170563,-17000000,4170563,0.001,-0.005,0.001,Domestic
2892,2892,93,"Aug 24, 2001",Summer Catch,17000000,19693891,19693891,0,2693891,-17000000,2693891,0.001,-0.005,0.001,Domestic
2893,2893,94,"Dec 11, 1998",A Simple Plan,17000000,16316273,16316273,0,-683727,-17000000,-683727,-0.0,-0.005,-0.0,Domestic
2894,2894,95,"Mar 24, 2006",Larry the Cable Guy: Health Inspector,17000000,15680099,15680099,0,-1319901,-17000000,-1319901,-0.0,-0.005,-0.0,Domestic
2895,2895,96,"Nov 27, 2002",Wes Craven Presents: They,17000000,12840842,16140842,3300000,-4159158,-13700000,-859158,-0.001,-0.004,-0.0,Domestic
2896,2896,97,"Oct 1, 1999",The Adventures of Elmo in Grouchland,17000000,11634458,11634458,0,-5365542,-17000000,-5365542,-0.002,-0.005,-0.002,Domestic
2897,2897,98,"Jul 24, 1987",Superman IV: The Quest for Peace,17000000,11227824,11227824,0,-5772176,-17000000,-5772176,-0.002,-0.005,-0.002,Domestic
2898,2898,99,"May 29, 1963",55 Days at Peking,17000000,10000000,10000000,0,-7000000,-17000000,-7000000,-0.002,-0.005,-0.002,Domestic
2899,2899,100,"Jun 5, 2009",My Life in Ruins,17000000,8677425,20477425,11800000,-8322575,-5200000,3477425,-0.002,-0.002,0.001,Domestic
2900,2900,1,"Apr 21, 2006",American Dreamz,17000000,7314027,16510971,9196944,-9685973,-7803056,-489029,-0.003,-0.002,-0.0,Domestic
2901,2901,2,"Jan 25, 2008",How She Move,17000000,7070641,8607815,1537174,-9929359,-15462826,-8392185,-0.003,-0.004,-0.002,Domestic
2902,2902,3,"Feb 24, 2006",Running Scared,17000000,6855137,9729088,2873951,-10144863,-14126049,-7270912,-0.003,-0.004,-0.002,Domestic
2903,2903,4,"Aug 24, 2012",The Apparition,17000000,4936819,10637281,5700462,-12063181,-11299538,-6362719,-0.003,-0.003,-0.002,Domestic
2904,2904,5,"Apr 30, 2004",Bobby Jones: Stroke of Genius,17000000,2694071,2694071,0,-14305929,-17000000,-14305929,-0.004,-0.005,-0.004,Domestic
2905,2905,6,"Aug 29, 1986",Shanghai Surprise,17000000,2315000,2315000,0,-14685000,-17000000,-14685000,-0.004,-0.005,-0.004,Domestic
2906,2906,7,"Dec 25, 2010",L'illusionniste,17000000,2231474,8609949,6378475,-14768526,-10621525,-8390051,-0.004,-0.003,-0.002,Domestic
2907,2907,8,"Jan 1, 1981",Roar,17000000,2110050,2110050,0,-14889950,-17000000,-14889950,-0.004,-0.005,-0.004,Domestic
2908,2908,9,"Oct 17, 2003",Veronica Guerin,17000000,1569918,9438074,7868156,-15430082,-9131844,-7561926,-0.004,-0.003,-0.002,Domestic
2909,2909,10,"Jun 10, 2016",Genius,17000000,1361045,7265283,5904238,-15638955,-11095762,-9734717,-0.005,-0.003,-0.003,Domestic
2910,2910,11,"Nov 14, 2007",Southland Tales,17000000,275380,364607,89227,-16724620,-16910773,-16635393,-0.005,-0.005,-0.005,Domestic
2911,2911,12,"Jun 26, 2015",Escobar: Paradise Lost,17000000,195792,3917679,3721887,-16804208,-13278113,-13082321,-0.005,-0.004,-0.004,Domestic
2916,2916,17,"Mar 11, 2016",The Young Messiah,16800000,6469813,7313697,843884,-10330187,-15956116,-9486303,-0.003,-0.005,-0.003,Domestic
2917,2917,18,"Nov 10, 2006",FUR: An Imaginary Portrait of Diane Arbus,16800000,223202,2281089,2057887,-16576798,-14742113,-14518911,-0.005,-0.004,-0.004,Domestic
2918,2918,19,"Nov 27, 1991",My Girl,16500000,58011485,58011485,0,41511485,-16500000,41511485,0.012,-0.005,0.012,Domestic
2919,2919,20,"Dec 11, 1987",Wall Street,16500000,43848100,43848100,0,27348100,-16500000,27348100,0.008,-0.005,0.008,Domestic
2920,2920,21,"Dec 11, 1995",Sense and Sensibility,16500000,42993774,134993774,92000000,26493774,75500000,118493774,0.008,0.022,0.034,Domestic
2921,2921,22,"Aug 18, 2006",The Illusionist,16500000,39868642,83792062,43923420,23368642,27423420,67292062,0.007,0.008,0.019,Domestic
2922,2922,23,"Aug 3, 2007",Becoming Jane,16500000,18663911,39380876,20716965,2163911,4216965,22880876,0.001,0.001,0.007,Domestic
2923,2923,24,"Dec 19, 2003",House of Sand and Fog,16500000,13005485,16157923,3152438,-3494515,-13347562,-342077,-0.001,-0.004,-0.0,Domestic
2924,2924,25,"Sep 21, 2007",Sydney White,16500000,11892415,13636339,1743924,-4607585,-14756076,-2863661,-0.001,-0.004,-0.001,Domestic
2926,2926,27,"Jun 2, 1989",Dead Poets Society,16400000,95860116,239500000,143639884,79460116,127239884,223100000,0.023,0.037,0.064,Domestic
2927,2927,28,"Dec 16, 1994",Dumb & Dumber,16000000,127175374,246400000,119224626,111175374,103224626,230400000,0.032,0.03,0.067,Domestic
2928,2928,29,"Jul 14, 1989",When Harry Met Sallyâ¦,16000000,92823546,92961960,138414,76823546,-15861586,76961960,0.022,-0.005,0.022,Domestic
2929,2929,30,"May 19, 2000",Road Trip,16000000,68525609,119739110,51213501,52525609,35213501,103739110,0.015,0.01,0.03,Domestic
2930,2930,31,"Dec 8, 1982",The Verdict,16000000,53977250,53977250,0,37977250,-16000000,37977250,0.011,-0.005,0.011,Domestic
2931,2931,32,"Jan 15, 1999",Varsity Blues,16000000,52894169,54294169,1400000,36894169,-14600000,38294169,0.011,-0.004,0.011,Domestic
2932,2932,33,"May 25, 2012",Moonrise Kingdom,16000000,45512466,68848446,23335980,29512466,7335980,52848446,0.009,0.002,0.015,Domestic
2933,2933,34,"Nov 25, 2011",The Artist,16000000,44667095,128256712,83589617,28667095,67589617,112256712,0.008,0.02,0.032,Domestic
2934,2934,35,"Jan 9, 2009",The Unborn,16000000,42670410,78208812,35538402,26670410,19538402,62208812,0.008,0.006,0.018,Domestic
2935,2935,36,"Aug 2, 2002",The Master of Disguise,16000000,40363530,40363530,0,24363530,-16000000,24363530,0.007,-0.005,0.007,Domestic
2936,2936,37,"Oct 6, 2006",The Texas Chainsaw Massacre: The Beginning,16000000,39517763,50517763,11000000,23517763,-5000000,34517763,0.007,-0.001,0.01,Domestic
2937,2937,38,"Dec 29, 2006",El Laberinto del Fauno,16000000,37634615,87041569,49406954,21634615,33406954,71041569,0.006,0.01,0.021,Domestic
2938,2938,39,"Feb 4, 2011",The Roommate,16000000,37300107,52545707,15245600,21300107,-754400,36545707,0.006,-0.0,0.011,Domestic
2939,2939,40,"Feb 2, 2007",The Messengers,16000000,35374833,53774833,18400000,19374833,2400000,37774833,0.006,0.001,0.011,Domestic
2940,2940,41,"Mar 2, 2001",See Spot Run,16000000,33357476,43057552,9700076,17357476,-6299924,27057552,0.005,-0.002,0.008,Domestic
2941,2941,42,"Aug 9, 1991",Double Impact,16000000,29090445,29090445,0,13090445,-16000000,13090445,0.004,-0.005,0.004,Domestic
2942,2942,43,"Jun 27, 2001",Baby Boy,16000000,28734552,28734552,0,12734552,-16000000,12734552,0.004,-0.005,0.004,Domestic
2943,2943,44,"Apr 11, 2001",Joe Dirt,16000000,27087695,30987695,3900000,11087695,-12100000,14987695,0.003,-0.003,0.004,Domestic
2944,2944,45,"Sep 12, 2008",The Women,16000000,26902075,50103808,23201733,10902075,7201733,34103808,0.003,0.002,0.01,Domestic
2945,2945,46,"Apr 20, 2007",Hot Fuzz,16000000,23618786,81742618,58123832,7618786,42123832,65742618,0.002,0.012,0.019,Domestic
2946,2946,47,"Aug 15, 2008",Vicky Cristina Barcelona,16000000,23216709,104504817,81288108,7216709,65288108,88504817,0.002,0.019,0.026,Domestic
2947,2947,48,"Jun 16, 2000",Boys and Girls,16000000,21799652,21799652,0,5799652,-16000000,5799652,0.002,-0.005,0.002,Domestic
2948,2948,49,"Jun 13, 2018",Superfly,16000000,20537137,20723581,186444,4537137,-15813556,4723581,0.001,-0.005,0.001,Domestic
2949,2949,50,"Nov 18, 1994",LÃ©on,16000000,19284974,45284974,26000000,3284974,10000000,29284974,0.001,0.003,0.008,Domestic
2950,2950,51,"Mar 12, 2010",Remember Me,16000000,19068240,56506120,37437880,3068240,21437880,40506120,0.001,0.006,0.012,Domestic
2951,2951,52,"Oct 11, 2002",White Oleander,16000000,16357770,21657770,5300000,357770,-10700000,5657770,0.0,-0.003,0.002,Domestic
2952,2952,53,"Sep 18, 2009",Jennifer's Body,16000000,16204793,31943401,15738608,204793,-261392,15943401,0.0,-0.0,0.005,Domestic
2953,2953,54,"Mar 3, 2000",Drowning Mona,16000000,15427192,15980376,553184,-572808,-15446816,-19624,-0.0,-0.004,-0.0,Domestic
2954,2954,55,"Jan 30, 1987",Radio Days,16000000,14792779,14792779,0,-1207221,-16000000,-1207221,-0.0,-0.005,-0.0,Domestic
2955,2955,56,"Jul 18, 2003",How to Deal,16000000,14108518,14108518,0,-1891482,-16000000,-1891482,-0.001,-0.005,-0.001,Domestic
2956,2956,57,"Oct 3, 2014",Left Behind,16000000,14019924,20769209,6749285,-1980076,-9250715,4769209,-0.001,-0.003,0.001,Domestic
2957,2957,58,"May 28, 2004",Soul Plane,16000000,13922211,14553807,631596,-2077789,-15368404,-1446193,-0.001,-0.004,-0.0,Domestic
2958,2958,59,"Dec 9, 1988",My Stepmother Is an Alien,16000000,13854000,13854000,0,-2146000,-16000000,-2146000,-0.001,-0.005,-0.001,Domestic
2959,2959,60,"Jun 29, 2012",People Like Us,16000000,12431792,12617472,185680,-3568208,-15814320,-3382528,-0.001,-0.005,-0.001,Domestic
2960,2960,61,"May 28, 1999",The Thirteenth Floor,16000000,11810854,11810854,0,-4189146,-16000000,-4189146,-0.001,-0.005,-0.001,Domestic
2961,2961,62,"Sep 3, 2004",The Cookout,16000000,11540112,11540112,0,-4459888,-16000000,-4459888,-0.001,-0.005,-0.001,Domestic
2962,2962,63,"Oct 19, 1979",Meteor,16000000,8400000,8400000,0,-7600000,-16000000,-7600000,-0.002,-0.005,-0.002,Domestic
2963,2963,64,"Mar 7, 1986",Highlander,16000000,5900000,12900000,7000000,-10100000,-9000000,-3100000,-0.003,-0.003,-0.001,Domestic
2964,2964,65,"Nov 18, 2016",Bleed for This,16000000,5083906,6603926,1520020,-10916094,-14479980,-9396074,-0.003,-0.004,-0.003,Domestic
2965,2965,66,"May 3, 2002",Hollywood Ending,16000000,4839383,14839383,10000000,-11160617,-6000000,-1160617,-0.003,-0.002,-0.0,Domestic
2966,2966,67,"Sep 15, 2000",Duets,16000000,4734235,6615452,1881217,-11265765,-14118783,-9384548,-0.003,-0.004,-0.003,Domestic
2967,2967,68,"Aug 13, 1999",Detroit Rock City,16000000,4217115,5825314,1608199,-11782885,-14391801,-10174686,-0.003,-0.004,-0.003,Domestic
2968,2968,69,"Oct 19, 2007",Things We Lost in the Fire,16000000,3287315,8120148,4832833,-12712685,-11167167,-7879852,-0.004,-0.003,-0.002,Domestic
2969,2969,70,"Nov 14, 2014",The Homesman,16000000,2429989,8217571,5787582,-13570011,-10212418,-7782429,-0.004,-0.003,-0.002,Domestic
2970,2970,71,"Apr 5, 2013",Trance,16000000,2322593,22594052,20271459,-13677407,4271459,6594052,-0.004,0.001,0.002,Domestic
2971,2971,72,"May 16, 2014",The Immigrant,16000000,2013456,7585011,5571555,-13986544,-10428445,-8414989,-0.004,-0.003,-0.002,Domestic
2972,2972,73,"Aug 15, 1997",Steel,16000000,1686429,1686429,0,-14313571,-16000000,-14313571,-0.004,-0.005,-0.004,Domestic
2973,2973,74,"Dec 21, 2005",The White Countess,16000000,1669971,2814566,1144595,-14330029,-14855405,-13185434,-0.004,-0.004,-0.004,Domestic
2974,2974,75,"Jul 25, 2008",Bienvenue chez les Ch'tis,16000000,1477650,247474497,245996847,-14522350,229996847,231474497,-0.004,0.066,0.067,Domestic
2975,2975,76,"Oct 1, 2014","Men, Women and Children",16000000,705908,1685403,979495,-15294092,-15020505,-14314597,-0.004,-0.004,-0.004,Domestic
2976,2976,77,"Sep 24, 2010",Enter the Void,16000000,337997,1467278,1129281,-15662003,-14870719,-14532722,-0.005,-0.004,-0.004,Domestic
2977,2977,78,"Dec 31, 2008",Good,16000000,31631,31631,0,-15968369,-16000000,-15968369,-0.005,-0.005,-0.005,Domestic
2978,2978,79,"Nov 2, 2012",Vamps,16000000,3361,94812,91451,-15996639,-15908549,-15905188,-0.005,-0.005,-0.005,Domestic
2982,2982,83,"Dec 21, 2018",Second Act,15700000,39282227,63288854,24006627,23582227,8306627,47588854,0.007,0.002,0.014,Domestic
2983,2983,84,"Jun 21, 2002",Juwanna Mann,15600000,13571817,13771817,200000,-2028183,-15400000,-1828183,-0.001,-0.004,-0.001,Domestic
2984,2984,85,"Jun 8, 2007",La MÃ´me,15500000,10299782,88611837,78312055,-5200218,62812055,73111837,-0.002,0.018,0.021,Domestic
2985,2985,86,"Nov 15, 2002",Ararat,15500000,1693000,1693000,0,-13807000,-15500000,-13807000,-0.004,-0.004,-0.004,Domestic
2986,2986,87,"Apr 13, 2007",Slow Burn,15500000,1237615,1237615,0,-14262385,-15500000,-14262385,-0.004,-0.004,-0.004,Domestic
2987,2987,88,"Apr 22, 2005",Madison,15500000,517262,517262,0,-14982738,-15500000,-14982738,-0.004,-0.004,-0.004,Domestic
2988,2988,89,"Feb 26, 2010",The Yellow Handkerchief,15500000,318623,318623,0,-15181377,-15500000,-15181377,-0.004,-0.004,-0.004,Domestic
2989,2989,90,"Sep 27, 2002",Wasabi,15300000,81525,7000000,6918475,-15218475,-8381525,-8300000,-0.004,-0.002,-0.002,Domestic
2990,2990,91,"Mar 31, 2006",Slither,15250000,7802450,12930343,5127893,-7447550,-10122107,-2319657,-0.002,-0.003,-0.001,Domestic
2991,2991,92,"Nov 16, 1990",Home Alone,15000000,285761243,476684675,190923432,270761243,175923432,461684675,0.078,0.051,0.133,Domestic
2992,2992,93,"Dec 5, 1984",Beverly Hills Cop,15000000,234760478,316300000,81539522,219760478,66539522,301300000,0.063,0.019,0.087,Domestic
2993,2993,94,"May 16, 1986",Top Gun,15000000,179800601,356799634,176999033,164800601,161999033,341799634,0.048,0.047,0.099,Domestic
2994,2994,95,"Dec 17, 1982",Tootsie,15000000,177200000,177200000,0,162200000,-15000000,162200000,0.047,-0.004,0.047,Domestic
2995,2995,96,"Nov 25, 1987",3 Men and a Baby,15000000,167780960,167780960,0,152780960,-15000000,152780960,0.044,-0.004,0.044,Domestic
2996,2996,97,"Nov 26, 2010",The Kingâs Speech,15000000,138797449,430821168,292023719,123797449,277023719,415821168,0.036,0.08,0.12,Domestic
2997,2997,98,"Sep 15, 1999",American Beauty,15000000,130058047,356258047,226200000,115058047,211200000,341258047,0.033,0.061,0.099,Domestic
2998,2998,99,"Dec 8, 2000","Crouching Tiger, Hidden Dragon",15000000,128067808,213514672,85446864,113067808,70446864,198514672,0.033,0.02,0.057,Domestic
2999,2999,100,"Dec 9, 1988",Twins,15000000,111936388,216600000,104663612,96936388,89663612,201600000,0.028,0.026,0.058,Domestic
3000,3000,1,"Dec 20, 1996",Scream,15000000,103046663,173046663,70000000,88046663,55000000,158046663,0.025,0.016,0.046,Domestic
3001,3001,2,"Aug 11, 2017",Annabelle: Creation,15000000,102092201,305384865,203292664,87092201,188292664,290384865,0.025,0.054,0.084,Domestic
3002,3002,3,"Oct 25, 2013",Jackass Presents: Bad Grandpa,15000000,102003019,160903019,58900000,87003019,43900000,145903019,0.025,0.013,0.042,Domestic
3003,3003,4,"Jun 28, 1978",Heaven Can Wait,15000000,98800000,98800000,0,83800000,-15000000,83800000,0.024,-0.004,0.024,Domestic
3004,3004,5,"Dec 18, 1985",The Color Purple,15000000,93589701,93589701,0,78589701,-15000000,78589701,0.023,-0.004,0.023,Domestic
3005,3005,6,"Nov 28, 2014",The Imitation Game,15000000,91125143,227740463,136615320,76125143,121615320,212740463,0.022,0.035,0.061,Domestic
3006,3006,7,"Mar 30, 1988",Beetlejuice,15000000,73839613,73887546,47933,58839613,-14952067,58887546,0.017,-0.004,0.017,Domestic
3007,3007,8,"Nov 18, 1959",Ben-Hur,15000000,73000000,73259017,259017,58000000,-14740983,58259017,0.017,-0.004,0.017,Domestic
3008,3008,9,"Jan 18, 2013",Mama,15000000,71628180,148095566,76467386,56628180,61467386,133095566,0.016,0.018,0.038,Domestic
3009,3009,10,"Oct 10, 1980",Private Benjamin,15000000,69847348,69847348,0,54847348,-15000000,54847348,0.016,-0.004,0.016,Domestic
3010,3010,11,"Mar 7, 1980",Coal Miner's Daughter,15000000,67182787,67182787,0,52182787,-15000000,52182787,0.015,-0.004,0.015,Domestic
3011,3011,12,"Mar 6, 1987",Lethal Weapon,15000000,65192350,120192350,55000000,50192350,40000000,105192350,0.014,0.012,0.03,Domestic
3012,3012,13,"Mar 19, 2010",Diary of a Wimpy Kid,15000000,64003625,76954311,12950686,49003625,-2049314,61954311,0.014,-0.001,0.018,Domestic
3013,3013,14,"Jul 29, 1983",National Lampoonâs Vacation,15000000,61400000,61400000,0,46400000,-15000000,46400000,0.013,-0.004,0.013,Domestic
3014,3014,15,"Aug 31, 2007",Halloween,15000000,58269151,77514401,19245250,43269151,4245250,62514401,0.012,0.001,0.018,Domestic
3015,3015,16,"Sep 30, 2006",The Queen,15000000,56441711,128885873,72444162,41441711,57444162,113885873,0.012,0.017,0.033,Domestic
3016,3016,17,"Oct 12, 2007",Why Did I Get Married?,15000000,55204525,55934178,729653,40204525,-14270347,40934178,0.012,-0.004,0.012,Domestic
3017,3017,18,"Feb 3, 2012",The Woman in Black,15000000,54333290,128955898,74622608,39333290,59622608,113955898,0.011,0.017,0.033,Domestic
3018,3018,19,"Dec 21, 1994",Little Women,15000000,50003303,50003303,0,35003303,-15000000,35003303,0.01,-0.004,0.01,Domestic
3019,3019,20,"Jan 1, 1979",The Deer Hunter,15000000,50000000,50009253,9253,35000000,-14990747,35009253,0.01,-0.004,0.01,Domestic
3020,3020,21,"Aug 10, 2018",BlacKkKlansman,15000000,49275340,93017335,43741995,34275340,28741995,78017335,0.01,0.008,0.023,Domestic
3021,3021,22,"Feb 3, 2006",When a Stranger Calls,15000000,47860214,67215435,19355221,32860214,4355221,52215435,0.009,0.001,0.015,Domestic
3022,3022,23,"Feb 8, 2002",Big Fat Liar,15000000,47811275,52461017,4649742,32811275,-10350258,37461017,0.009,-0.003,0.011,Domestic
3023,3023,24,"Aug 15, 1997",Cop Land,15000000,44906632,63706632,18800000,29906632,3800000,48706632,0.009,0.001,0.014,Domestic
3024,3024,25,"Dec 25, 1997",Wag the Dog,15000000,43057470,64252038,21194568,28057470,6194568,49252038,0.008,0.002,0.014,Domestic
3025,3025,26,"Feb 22, 2013",Snitch,15000000,42930462,57907734,14977272,27930462,-22728,42907734,0.008,-0.0,0.012,Domestic
3026,3026,27,"May 2, 2003",The Lizzie McGuire Movie,15000000,42734455,55534455,12800000,27734455,-2200000,40534455,0.008,-0.001,0.012,Domestic
3027,3027,28,"Dec 4, 2015",Krampus,15000000,42725475,61788393,19062918,27725475,4062918,46788393,0.008,0.001,0.014,Domestic
3028,3028,29,"Sep 21, 2012",End of Watch,15000000,41003371,57586606,16583235,26003371,1583235,42586606,0.008,0.0,0.012,Domestic
3029,3029,30,"Dec 25, 1998",The Faculty,15000000,40283321,40283321,0,25283321,-15000000,25283321,0.007,-0.004,0.007,Domestic
3030,3030,31,"Jun 9, 1993",What's Love Got to Do With It,15000000,39100956,39100956,0,24100956,-15000000,24100956,0.007,-0.004,0.007,Domestic
3031,3031,32,"Dec 14, 2001",Not Another Teen Movie,15000000,37882551,62401343,24518792,22882551,9518792,47401343,0.007,0.003,0.014,Domestic
3032,3032,33,"Dec 3, 2014",Wild,15000000,37880356,52460543,14580187,22880356,-419813,37460543,0.007,-0.0,0.011,Domestic
3033,3033,34,"Dec 16, 1962",Lawrence of Arabia,15000000,37495385,69995385,32500000,22495385,17500000,54995385,0.006,0.005,0.016,Domestic
3034,3034,35,"Nov 7, 2014",The Theory of Everything,15000000,35893537,123327692,87434155,20893537,72434155,108327692,0.006,0.021,0.031,Domestic
3035,3035,36,"Sep 16, 2011",Drive,15000000,35060689,81357930,46297241,20060689,31297241,66357930,0.006,0.009,0.019,Domestic
3036,3036,37,"Mar 31, 2000",The Skulls,15000000,35007180,35007180,0,20007180,-15000000,20007180,0.006,-0.004,0.006,Domestic
3037,3037,38,"Oct 10, 1966",Hawaii,15000000,34562222,34562222,0,19562222,-15000000,19562222,0.006,-0.004,0.006,Domestic
3038,3038,39,"Nov 23, 2018",The Favourite,15000000,34366783,94113929,59747146,19366783,44747146,79113929,0.006,0.013,0.023,Domestic
3039,3039,40,"Apr 18, 2003",Malibu's Most Wanted,15000000,34308901,34499204,190303,19308901,-14809697,19499204,0.006,-0.004,0.006,Domestic
3040,3040,41,"Sep 4, 2009",All About Steve,15000000,33862903,40127259,6264356,18862903,-8735644,25127259,0.005,-0.003,0.007,Domestic
3041,3041,42,"Apr 28, 2000",Where the Heart Is,15000000,33771174,40862054,7090880,18771174,-7909120,25862054,0.005,-0.002,0.007,Domestic
3042,3042,43,"Aug 28, 2009",Halloween 2,15000000,33392973,38512850,5119877,18392973,-9880123,23512850,0.005,-0.003,0.007,Domestic
3043,3043,44,"Mar 13, 2009",The Last House on the Left,15000000,32752215,46526243,13774028,17752215,-1225972,31526243,0.005,-0.0,0.009,Domestic
3044,3044,45,"Feb 18, 2005",Because of Winn-Dixie,15000000,32647042,33508485,861443,17647042,-14138557,18508485,0.005,-0.004,0.005,Domestic
3045,3045,46,"Feb 4, 2005",The Wedding Date,15000000,31726995,47175038,15448043,16726995,448043,32175038,0.005,0.0,0.009,Domestic
3046,3046,47,"Sep 25, 1987",The Princess Bride,15000000,30857000,30859628,2628,15857000,-14997372,15859628,0.005,-0.004,0.005,Domestic
3047,3047,48,"Jul 12, 2002",Halloween: Resurrection,15000000,30259652,37659652,7400000,15259652,-7600000,22659652,0.004,-0.002,0.007,Domestic
3048,3048,49,"Dec 25, 2007",The Great Debaters,15000000,30226144,30261293,35149,15226144,-14964851,15261293,0.004,-0.004,0.004,Domestic
3049,3049,50,"Aug 22, 2014",When the Game Stands Tall,15000000,30127963,30138912,10949,15127963,-14989051,15138912,0.004,-0.004,0.004,Domestic
3050,3050,51,"Jun 12, 1981",Clash of the Titans,15000000,30000000,44400000,14400000,15000000,-600000,29400000,0.004,-0.0,0.008,Domestic
3051,3051,52,"Feb 20, 2004",Confessions of a Teenage Drama Queen,15000000,29331068,33118854,3787786,14331068,-11212214,18118854,0.004,-0.003,0.005,Domestic
3052,3052,53,"Apr 17, 1998",The Object of my Affection,15000000,29145924,29145924,0,14145924,-15000000,14145924,0.004,-0.004,0.004,Domestic
3053,3053,54,"May 11, 2007",28 Weeks Later,15000000,28638916,64232714,35593798,13638916,20593798,49232714,0.004,0.006,0.014,Domestic
3054,3054,55,"Apr 11, 1997",Grosse Pointe Blank,15000000,28084357,31070412,2986055,13084357,-12013945,16070412,0.004,-0.003,0.005,Domestic
3055,3055,56,"Apr 21, 2000",Love and Basketball,15000000,27441122,27709625,268503,12441122,-14731497,12709625,0.004,-0.004,0.004,Domestic
3056,3056,57,"Sep 8, 2017",Home Again,15000000,27020284,37336874,10316590,12020284,-4683410,22336874,0.003,-0.001,0.006,Domestic
3057,3057,58,"Oct 27, 2000",Book of Shadows: Blair Witch 2,15000000,26421314,47721314,21300000,11421314,6300000,32721314,0.003,0.002,0.009,Domestic
3058,3058,59,"Oct 10, 1997",Boogie Nights,15000000,26410771,43111725,16700954,11410771,1700954,28111725,0.003,0.0,0.008,Domestic
3059,3059,60,"Jul 23, 2010",Ramona and Beezus,15000000,26167002,27469621,1302619,11167002,-13697381,12469621,0.003,-0.004,0.004,Domestic
3060,3060,61,"Aug 27, 2014",The November Man,15000000,25018119,34820335,9802216,10018119,-5197784,19820335,0.003,-0.002,0.006,Domestic
3061,3061,62,"May 3, 1996",The Craft,15000000,24769466,55669466,30900000,9769466,15900000,40669466,0.003,0.005,0.012,Domestic
3062,3062,63,"Dec 28, 2005",Match Point,15000000,23089926,87973835,64883909,8089926,49883909,72973835,0.002,0.014,0.021,Domestic
3063,3063,64,"Nov 5, 1993",The Remains of the Day,15000000,22954968,63954968,41000000,7954968,26000000,48954968,0.002,0.008,0.014,Domestic
3064,3064,65,"Jan 15, 1993",Nowhere to Run,15000000,22189039,52189039,30000000,7189039,15000000,37189039,0.002,0.004,0.011,Domestic
3065,3065,66,"Sep 22, 2000",Urban Legends: Final Cut,15000000,21468807,38574362,17105555,6468807,2105555,23574362,0.002,0.001,0.007,Domestic
3066,3066,67,"Mar 29, 2013",The Place Beyond the Pines,15000000,21403519,47011449,25607930,6403519,10607930,32011449,0.002,0.003,0.009,Domestic
3067,3067,68,"Oct 20, 2006",Flicka,15000000,21000147,21896367,896220,6000147,-14103780,6896367,0.002,-0.004,0.002,Domestic
3068,3068,69,"Mar 23, 2007",The Hills Have Eyes II,15000000,20804166,37466538,16662372,5804166,1662372,22466538,0.002,0.0,0.006,Domestic
3069,3069,70,"Apr 29, 2016",Keanu,15000000,20591853,20688141,96288,5591853,-14903712,5688141,0.002,-0.004,0.002,Domestic
3070,3070,71,"Dec 22, 2010",Country Strong,15000000,20218921,20601987,383066,5218921,-14616934,5601987,0.002,-0.004,0.002,Domestic
3071,3071,72,"Oct 11, 2002",Tuck Everlasting,15000000,19161999,19344615,182616,4161999,-14817384,4344615,0.001,-0.004,0.001,Domestic
3072,3072,73,"Oct 13, 2006",The Marine,15000000,18844784,22165608,3320824,3844784,-11679176,7165608,0.001,-0.003,0.002,Domestic
3073,3073,74,"Jul 24, 1998",Disturbing Behavior,15000000,17507368,19014238,1506870,2507368,-13493130,4014238,0.001,-0.004,0.001,Domestic
3074,3074,75,"Mar 6, 1998",The Big Lebowski,15000000,17498804,46189568,28690764,2498804,13690764,31189568,0.001,0.004,0.009,Domestic
3075,3075,76,"Jul 25, 2014",A Most Wanted Man,15000000,17237855,36068890,18831035,2237855,3831035,21068890,0.001,0.001,0.006,Domestic
3076,3076,77,"Jun 26, 2009",The Hurt Locker,15000000,17017811,49894223,32876412,2017811,17876412,34894223,0.001,0.005,0.01,Domestic
3077,3077,78,"Jan 28, 2000",Eye of the Beholder,15000000,16500786,18260865,1760079,1500786,-13239921,3260865,0.0,-0.004,0.001,Domestic
3078,3078,79,"Nov 2, 2012",The Man with the Iron Fists,15000000,15634090,22018988,6384898,634090,-8615102,7018988,0.0,-0.002,0.002,Domestic
3079,3079,80,"May 11, 1984",Firestarter,15000000,15136870,15136870,0,136870,-15000000,136870,0.0,-0.004,0.0,Domestic
3080,3080,81,"Feb 1, 2019",Miss Bala,15000000,14998027,15362298,364271,-1973,-14635729,362298,-0.0,-0.004,0.0,Domestic
3081,3081,82,"Nov 30, 2012",Killing Them Softly,15000000,14945541,39238443,24292902,-54459,9292902,24238443,-0.0,0.003,0.007,Domestic
3082,3082,83,"Apr 20, 2001",Freddy Got Fingered,15000000,14249005,14249005,0,-750995,-15000000,-750995,-0.0,-0.004,-0.0,Domestic
3083,3083,84,"Aug 19, 2011",One Day,15000000,13843771,59168692,45324921,-1156229,30324921,44168692,-0.0,0.009,0.013,Domestic
3084,3084,85,"Jun 25, 2004",De-Lovely,15000000,13337299,18524496,5187197,-1662701,-9812803,3524496,-0.0,-0.003,0.001,Domestic
3085,3085,86,"Oct 2, 2009",Whip It,15000000,13077184,18889972,5812788,-1922816,-9187212,3889972,-0.001,-0.003,0.001,Domestic
3086,3086,87,"Jan 11, 2008",The Pirates Who Don't Do Anything: A VeggieTales Movie,15000000,12981269,13248444,267175,-2018731,-14732825,-1751556,-0.001,-0.004,-0.001,Domestic
3087,3087,88,"Jan 23, 2008",U2 3D,15000000,12898847,26170402,13271555,-2101153,-1728445,11170402,-0.001,-0.0,0.003,Domestic
3088,3088,89,"Sep 1, 2000",Highlander: Endgame,15000000,12801190,12801190,0,-2198810,-15000000,-2198810,-0.001,-0.004,-0.001,Domestic
3089,3089,90,"Jan 20, 2017",The Founder,15000000,12786053,24403192,11617139,-2213947,-3382861,9403192,-0.001,-0.001,0.003,Domestic
3090,3090,91,"Aug 25, 2006",Idlewild,15000000,12669914,12669914,0,-2330086,-15000000,-2330086,-0.001,-0.004,-0.001,Domestic
3091,3091,92,"Apr 25, 2003",Confidence,15000000,12212417,12212417,0,-2787583,-15000000,-2787583,-0.001,-0.004,-0.001,Domestic
3092,3092,93,"Oct 11, 2002",Knockaround Guys,15000000,11660180,12419700,759520,-3339820,-14240480,-2580300,-0.001,-0.004,-0.001,Domestic
3093,3093,94,"Aug 27, 1999",The Muse,15000000,11614954,11614954,0,-3385046,-15000000,-3385046,-0.001,-0.004,-0.001,Domestic
3094,3094,95,"Apr 3, 1998",Barney's Great Adventure,15000000,11156471,11156471,0,-3843529,-15000000,-3843529,-0.001,-0.004,-0.001,Domestic
3095,3095,96,"Mar 1, 1989",New York Stories,15000000,10763469,10763469,0,-4236531,-15000000,-4236531,-0.001,-0.004,-0.001,Domestic
3096,3096,97,"Nov 25, 1998",Home Fries,15000000,10513979,10513979,0,-4486021,-15000000,-4486021,-0.001,-0.004,-0.001,Domestic
3097,3097,98,"Mar 24, 2000",Here on Earth,15000000,10494147,10845127,350980,-4505853,-14649020,-4154873,-0.001,-0.004,-0.001,Domestic
3098,3098,99,"Oct 8, 2004",Raise Your Voice,15000000,10411980,14811980,4400000,-4588020,-10600000,-188020,-0.001,-0.003,-0.0,Domestic
3099,3099,100,"Dec 18, 1985",Brazil,15000000,9929135,9932146,3011,-5070865,-14996989,-5067854,-0.001,-0.004,-0.001,Domestic
3100,3100,1,"Apr 23, 1993",The Dark Half,15000000,9579068,9579068,0,-5420932,-15000000,-5420932,-0.002,-0.004,-0.002,Domestic
3101,3101,2,"Mar 2, 2007",Black Snake Moan,15000000,9396870,10951153,1554283,-5603130,-13445717,-4048847,-0.002,-0.004,-0.001,Domestic
3102,3102,3,"Feb 21, 2003",Dark Blue,15000000,9237470,12262065,3024595,-5762530,-11975405,-2737935,-0.002,-0.003,-0.001,Domestic
3103,3103,4,"Jun 22, 2007",A Mighty Heart,15000000,9176787,19153568,9976781,-5823213,-5023219,4153568,-0.002,-0.001,0.001,Domestic
3104,3104,5,"Sep 30, 1983",Brainstorm,15000000,8921050,8921050,0,-6078950,-15000000,-6078950,-0.002,-0.004,-0.002,Domestic
3105,3105,6,"Sep 23, 2016",Queen of Katwe,15000000,8874389,10055481,1181092,-6125611,-13818908,-4944519,-0.002,-0.004,-0.001,Domestic
3106,3106,7,"Mar 24, 2000",Whatever it Takes,15000000,8735529,8735529,0,-6264471,-15000000,-6264471,-0.002,-0.004,-0.002,Domestic
3107,3107,8,"Mar 21, 2003",Boat Trip,15000000,8586376,14933713,6347337,-6413624,-8652663,-66287,-0.002,-0.002,-0.0,Domestic
3108,3108,9,"May 22, 2002",The Importance of Being Earnest,15000000,8378141,8378141,0,-6621859,-15000000,-6621859,-0.002,-0.004,-0.002,Domestic
3109,3109,10,"May 21, 1999",The Love Letter,15000000,8322608,9010980,688372,-6677392,-14311628,-5989020,-0.002,-0.004,-0.002,Domestic
3110,3110,11,"May 5, 2006",Hoot,15000000,8117637,8224998,107361,-6882363,-14892639,-6775002,-0.002,-0.004,-0.002,Domestic
3111,3111,12,"Feb 8, 2008",In Bruges,15000000,7800825,34533783,26732958,-7199175,11732958,19533783,-0.002,0.003,0.006,Domestic
3112,3112,13,"Jan 4, 2013",Promised Land,15000000,7597898,12394562,4796664,-7402102,-10203336,-2605438,-0.002,-0.003,-0.001,Domestic
3113,3113,14,"Oct 8, 2001",Mulholland Drive,15000000,7219578,20785973,13566395,-7780422,-1433605,5785973,-0.002,-0.0,0.002,Domestic
3114,3114,15,"Jun 8, 2018",Hotel Artemis,15000000,6708137,12758799,6050662,-8291863,-8949338,-2241201,-0.002,-0.003,-0.001,Domestic
3115,3115,16,"Aug 20, 2008",The Rocker,15000000,6409528,8767338,2357810,-8590472,-12642190,-6232662,-0.002,-0.004,-0.002,Domestic
3116,3116,17,"Aug 21, 2009",Post Grad,15000000,6382178,6563402,181224,-8617822,-14818776,-8436598,-0.002,-0.004,-0.002,Domestic
3117,3117,18,"Jun 19, 2009",Whatever Works,15000000,5306706,35106706,29800000,-9693294,14800000,20106706,-0.003,0.004,0.006,Domestic
3118,3118,19,"Jul 19, 2000",The In Crowd,15000000,5217498,5217498,0,-9782502,-15000000,-9782502,-0.003,-0.004,-0.003,Domestic
3119,3119,20,"Dec 14, 2005",Los tres entierros de Melquiades Estrada,15000000,5027684,13454474,8426790,-9972316,-6573210,-1545526,-0.003,-0.002,-0.0,Domestic
3120,3120,21,"Sep 24, 1999",Jakob the Liar,15000000,4956401,4956401,0,-10043599,-15000000,-10043599,-0.003,-0.004,-0.003,Domestic
3121,3121,22,"Sep 28, 2007",Se jie,15000000,4604982,65167430,60562448,-10395018,45562448,50167430,-0.003,0.013,0.014,Domestic
3122,3122,23,"Oct 21, 2005","Kiss Kiss, Bang Bang",15000000,4235837,16829464,12593627,-10764163,-2406373,1829464,-0.003,-0.001,0.001,Domestic
3123,3123,24,"Apr 30, 1999",Idle Hands,15000000,4023741,4023741,0,-10976259,-15000000,-10976259,-0.003,-0.004,-0.003,Domestic
3124,3124,25,"Oct 30, 2015",Scouts Guide to the Zombie Apocalypse,15000000,3703046,15554855,11851809,-11296954,-3148191,554855,-0.003,-0.001,0.0,Domestic
3125,3125,26,"Jan 26, 2007",Blood and Chocolate,15000000,3526588,6551310,3024722,-11473412,-11975278,-8448690,-0.003,-0.003,-0.002,Domestic
3126,3126,27,"Sep 22, 2010",You Will Meet a Tall Dark Stranger,15000000,3247816,34247816,31000000,-11752184,16000000,19247816,-0.003,0.005,0.006,Domestic
3127,3127,28,"Oct 23, 2015",Rock the Kasbah,15000000,3020665,3386153,365488,-11979335,-14634512,-11613847,-0.003,-0.004,-0.003,Domestic
3128,3128,29,"Sep 15, 2010",Never Let Me Go,15000000,2434652,11173718,8739066,-12565348,-6260934,-3826282,-0.004,-0.002,-0.001,Domestic
3129,3129,30,"Sep 9, 2016",The Disappointments Room,15000000,2423467,3503761,1080294,-12576533,-13919706,-11496239,-0.004,-0.004,-0.003,Domestic
3130,3130,31,"Dec 25, 2003",The Company,15000000,2281585,3396508,1114923,-12718415,-13885077,-11603492,-0.004,-0.004,-0.003,Domestic
3131,3131,32,"Jul 18, 2008",Transsiberian,15000000,2203641,6379575,4175934,-12796359,-10824066,-8620425,-0.004,-0.003,-0.002,Domestic
3132,3132,33,"Oct 22, 1999",Crazy in Alabama,15000000,1954202,1954202,0,-13045798,-15000000,-13045798,-0.004,-0.004,-0.004,Domestic
3133,3133,34,"Jan 17, 1986",The Clan of the Cave Bear,15000000,1953732,1953732,0,-13046268,-15000000,-13046268,-0.004,-0.004,-0.004,Domestic
3134,3134,35,"Feb 3, 2017",The Comedian,15000000,1658706,1658706,0,-13341294,-15000000,-13341294,-0.004,-0.004,-0.004,Domestic
3135,3135,36,"Mar 14, 2008",Funny Games,15000000,1294640,8200127,6905487,-13705360,-8094513,-6799873,-0.004,-0.002,-0.002,Domestic
3136,3136,37,"Jun 2, 2006",Banlieue 13,15000000,1200216,11599903,10399687,-13799784,-4600313,-3400097,-0.004,-0.001,-0.001,Domestic
3137,3137,38,"Nov 12, 1999",Felicia's Journey,15000000,824295,1970268,1145973,-14175705,-13854027,-13029732,-0.004,-0.004,-0.004,Domestic
3138,3138,39,"Jan 25, 2002",Metropolis,15000000,673414,1405032,731618,-14326586,-14268382,-13594968,-0.004,-0.004,-0.004,Domestic
3139,3139,40,"Oct 16, 2015",CÃ¬kÃ¨ NiÃ¨ YinniÃ¡ng,15000000,632542,11279884,10647342,-14367458,-4352658,-3720116,-0.004,-0.001,-0.001,Domestic
3140,3140,41,"Dec 1, 1995",Things to Do in Denver when You're Dead,15000000,529766,529766,0,-14470234,-15000000,-14470234,-0.004,-0.004,-0.004,Domestic
3141,3141,42,"Apr 26, 2013",The Reluctant Fundamentalist,15000000,528731,528731,0,-14471269,-15000000,-14471269,-0.004,-0.004,-0.004,Domestic
3142,3142,43,"Feb 6, 2004",The Return,15000000,501752,5953886,5452134,-14498248,-9547866,-9046114,-0.004,-0.003,-0.003,Domestic
3143,3143,44,"Jul 25, 2003",Buffalo Soldiers,15000000,353743,353743,0,-14646257,-15000000,-14646257,-0.004,-0.004,-0.004,Domestic
3144,3144,45,"Apr 25, 2003",Steal (Canadian Release),15000000,220944,220944,0,-14779056,-15000000,-14779056,-0.004,-0.004,-0.004,Domestic
3145,3145,46,"Aug 27, 2010",Centurion,15000000,123570,7885048,7761478,-14876430,-7238522,-7114952,-0.004,-0.002,-0.002,Domestic
3146,3146,47,"Oct 23, 2009",Ong-Bak 2,15000000,102458,7583050,7480592,-14897542,-7519408,-7416950,-0.004,-0.002,-0.002,Domestic
3147,3147,48,"Dec 31, 1996",Silent Trigger,15000000,76382,76382,0,-14923618,-15000000,-14923618,-0.004,-0.004,-0.004,Domestic
3148,3148,49,"Aug 1, 2008",Midnight Meat Train,15000000,73548,1590246,1516698,-14926452,-13483302,-13409754,-0.004,-0.004,-0.004,Domestic
3149,3149,50,"Sep 6, 2013",Winnie Mandela,15000000,61847,61847,0,-14938153,-15000000,-14938153,-0.004,-0.004,-0.004,Domestic
3150,3150,51,"Nov 4, 2011",The Son of No One,15000000,30680,1148578,1117898,-14969320,-13882102,-13851422,-0.004,-0.004,-0.004,Domestic
3151,3151,52,"Oct 25, 2002",All the Queen's Men,15000000,22723,22723,0,-14977277,-15000000,-14977277,-0.004,-0.004,-0.004,Domestic
3152,3152,53,"Oct 5, 2007",The Good Night,15000000,22441,22441,0,-14977559,-15000000,-14977559,-0.004,-0.004,-0.004,Domestic
3164,3164,65,"Feb 12, 1993",Groundhog Day,14600000,70906973,70906973,0,56306973,-14600000,56306973,0.016,-0.004,0.016,Domestic
3165,3165,66,"Jul 1, 2015",Magic Mike XXL,14500000,66013057,123660597,57647540,51513057,43147540,109160597,0.015,0.012,0.032,Domestic
3166,3166,67,"Nov 1, 1996",Romeo+Juliet,14500000,46338728,147542381,101203653,31838728,86703653,133042381,0.009,0.025,0.038,Domestic
3167,3167,68,"Jul 22, 2011",Elle s'appelait Sarah,14500000,7691700,25480031,17788331,-6808300,3288331,10980031,-0.002,0.001,0.003,Domestic
3169,3169,70,"Aug 7, 1992",Unforgiven,14400000,101157447,159157447,58000000,86757447,43600000,144757447,0.025,0.013,0.042,Domestic
3170,3170,71,"Jan 27, 2006",Manderlay,14200000,74205,543306,469101,-14125795,-13730899,-13656694,-0.004,-0.004,-0.004,Domestic
3171,3171,72,"Mar 23, 1990",Pretty Woman,14000000,178406268,432645872,254239604,164406268,240239604,418645872,0.047,0.069,0.121,Domestic
3172,3172,73,"Sep 18, 1987",Fatal Attraction,14000000,156645693,320100000,163454307,142645693,149454307,306100000,0.041,0.043,0.088,Domestic
3173,3173,74,"Nov 12, 2008",Slumdog Millionaire,14000000,141330703,384530440,243199737,127330703,229199737,370530440,0.037,0.066,0.107,Domestic
3174,3174,75,"Dec 17, 1974",Towering Inferno,14000000,116000000,139700000,23700000,102000000,9700000,125700000,0.029,0.003,0.036,Domestic
3175,3175,76,"May 25, 1988",Crocodile Dundee 2,14000000,109306210,239606210,130300000,95306210,116300000,225606210,0.028,0.034,0.065,Domestic
3176,3176,77,"Dec 20, 1989",Born on the Fourth of July,14000000,70001698,70001698,0,56001698,-14000000,56001698,0.016,-0.004,0.016,Domestic
3177,3177,78,"Oct 1, 1993",Cool Runnings,14000000,68856263,155056263,86200000,54856263,72200000,141056263,0.016,0.021,0.041,Domestic
3178,3178,79,"Jan 12, 2007",Stomp the Yard,14000000,61356221,75525718,14169497,47356221,169497,61525718,0.014,0.0,0.018,Domestic
3179,3179,80,"Jan 16, 2009",My Bloody Valentine,14000000,51545952,102836002,51290050,37545952,37290050,88836002,0.011,0.011,0.026,Domestic
3180,3180,81,"Aug 31, 2012",The Possession,14000000,49130588,82925064,33794476,35130588,19794476,68925064,0.01,0.006,0.02,Domestic
3181,3181,82,"Oct 22, 1982",First Blood,14000000,47212904,125212904,78000000,33212904,64000000,111212904,0.01,0.018,0.032,Domestic
3182,3182,83,"Jul 13, 1977",The Spy Who Loved Me,14000000,46800000,185400000,138600000,32800000,124600000,171400000,0.009,0.036,0.049,Domestic
3183,3183,84,"Sep 25, 1998",Urban Legend,14000000,38116707,72571864,34455157,24116707,20455157,58571864,0.007,0.006,0.017,Domestic
3184,3184,85,"Dec 9, 1981",Taps,14000000,35856053,35856053,0,21856053,-14000000,21856053,0.006,-0.004,0.006,Domestic
3185,3185,86,"Feb 24, 2012",Tyler Perry's Good Deeds,14000000,35025791,35579177,553386,21025791,-13446614,21579177,0.006,-0.004,0.006,Domestic
3186,3186,87,"Jan 18, 1991",White Fang,14000000,34729091,34729091,0,20729091,-14000000,20729091,0.006,-0.004,0.006,Domestic
3187,3187,88,"Dec 21, 1988",Dangerous Liaisons,14000000,34700000,34700000,0,20700000,-14000000,20700000,0.006,-0.004,0.006,Domestic
3188,3188,89,"Oct 8, 1999",Superstar,14000000,30628981,30628981,0,16628981,-14000000,16628981,0.005,-0.004,0.005,Domestic
3189,3189,90,"Jan 13, 2012",The Iron Lady,14000000,29959436,115592104,85632668,15959436,71632668,101592104,0.005,0.021,0.029,Domestic
3190,3190,91,"Jul 23, 1993",Poetic Justice,14000000,27450453,27450453,0,13450453,-14000000,13450453,0.004,-0.004,0.004,Domestic
3191,3191,92,"Oct 4, 2002",Jonah: A VeggieTales Movie,14000000,25571351,25608779,37428,11571351,-13962572,11608779,0.003,-0.004,0.003,Domestic
3192,3192,93,"Mar 8, 2002",All About the Benjamins,14000000,25482931,25873145,390214,11482931,-13609786,11873145,0.003,-0.004,0.003,Domestic
3193,3193,94,"Jun 17, 1977",Exorcist II: The Heretic,14000000,25011000,25011000,0,11011000,-14000000,11011000,0.003,-0.004,0.003,Domestic
3194,3194,95,"Mar 12, 2010",Our Family Wedding,14000000,20255281,21410546,1155265,6255281,-12844735,7410546,0.002,-0.004,0.002,Domestic
3195,3195,96,"Oct 27, 1995",Vampire in Brooklyn,14000000,19637147,19637147,0,5637147,-14000000,5637147,0.002,-0.004,0.002,Domestic
3196,3196,97,"May 5, 2006",An American Haunting,14000000,16298046,30443277,14145231,2298046,145231,16443277,0.001,0.0,0.005,Domestic
3197,3197,98,"Aug 22, 2003",My Boss's Daughter,14000000,15549702,15549702,0,1549702,-14000000,1549702,0.0,-0.004,0.0,Domestic
3198,3198,99,"Aug 7, 2009",A Perfect Getaway,14000000,15515460,22815460,7300000,1515460,-6700000,8815460,0.0,-0.002,0.003,Domestic
3199,3199,100,"Oct 25, 1996",Thinner,14000000,15171475,15171475,0,1171475,-14000000,1171475,0.0,-0.004,0.0,Domestic
3200,3200,1,"Aug 21, 1998",Dead Man on Campus,14000000,15064948,15064948,0,1064948,-14000000,1064948,0.0,-0.004,0.0,Domestic
3201,3201,2,"May 14, 1999",Tea with Mussolini,14000000,14395874,14395874,0,395874,-14000000,395874,0.0,-0.004,0.0,Domestic
3202,3202,3,"Jun 22, 1977","New York, New York",14000000,13800000,13800000,0,-200000,-14000000,-200000,-0.0,-0.004,-0.0,Domestic
3203,3203,4,"Apr 26, 2002",Jason X,14000000,13121555,16951798,3830243,-878445,-10169757,2951798,-0.0,-0.003,0.001,Domestic
3204,3204,5,"May 13, 1994",Crooklyn,14000000,13024170,13024170,0,-975830,-14000000,-975830,-0.0,-0.004,-0.0,Domestic
3205,3205,6,"Mar 16, 2007",I Think I Love My Wife,14000000,12559771,13205411,645640,-1440229,-13354360,-794589,-0.0,-0.004,-0.0,Domestic
3206,3206,7,"Feb 20, 2015",Hot Tub Time Machine 2,14000000,12314651,12826644,511993,-1685349,-13488007,-1173356,-0.0,-0.004,-0.0,Domestic
3207,3207,8,"Nov 17, 2006",Bobby,14000000,11242801,20597806,9355005,-2757199,-4644995,6597806,-0.001,-0.001,0.002,Domestic
3208,3208,9,"Feb 2, 2001",Head Over Heels,14000000,10397365,10397365,0,-3602635,-14000000,-3602635,-0.001,-0.004,-0.001,Domestic
3209,3209,10,"Oct 26, 2012",Fun Size,14000000,9409538,11166615,1757077,-4590462,-12242923,-2833385,-0.001,-0.004,-0.001,Domestic
3210,3210,11,"Apr 23, 1999",Lost and Found,14000000,6552255,6552255,0,-7447745,-14000000,-7447745,-0.002,-0.004,-0.002,Domestic
3211,3211,12,"Nov 30, 2007",Le Scaphandre et le Papillon,14000000,5990075,22754472,16764397,-8009925,2764397,8754472,-0.002,0.001,0.003,Domestic
3212,3212,13,"Oct 6, 2006",Little Children,14000000,5463019,14121177,8658158,-8536981,-5341842,121177,-0.002,-0.002,0.0,Domestic
3213,3213,14,"Apr 21, 2000",Gossip,14000000,5108820,12591270,7482450,-8891180,-6517550,-1408730,-0.003,-0.002,-0.0,Domestic
3214,3214,15,"Mar 26, 1999",A Walk on the Moon,14000000,4741987,4741987,0,-9258013,-14000000,-9258013,-0.003,-0.004,-0.003,Domestic
3215,3215,16,"Oct 23, 2015",Suffragette,14000000,4702420,34044909,29342489,-9297580,15342489,20044909,-0.003,0.004,0.006,Domestic
3216,3216,17,"Oct 27, 2006",Catch a Fire,14000000,4299773,5782198,1482425,-9700227,-12517575,-8217802,-0.003,-0.004,-0.002,Domestic
3217,3217,18,"Dec 19, 2014",Mr. Turner,14000000,3958546,25187026,21228480,-10041454,7228480,11187026,-0.003,0.002,0.003,Domestic
3218,3218,19,"Sep 7, 2001",Soul Survivors,14000000,3100650,4288246,1187596,-10899350,-12812404,-9711754,-0.003,-0.004,-0.003,Domestic
3219,3219,20,"May 22, 2009",Easy Virtue,14000000,2656784,20537741,17880957,-11343216,3880957,6537741,-0.003,0.001,0.002,Domestic
3220,3220,21,"Mar 31, 1995",Jefferson in Paris,14000000,2461628,2461628,0,-11538372,-14000000,-11538372,-0.003,-0.004,-0.003,Domestic
3221,3221,22,"Aug 6, 2010",Flipped,14000000,1755212,4289993,2534781,-12244788,-11465219,-9710007,-0.004,-0.003,-0.003,Domestic
3222,3222,23,"Jan 1, 1978",Caravans,14000000,1000000,1000000,0,-13000000,-14000000,-13000000,-0.004,-0.004,-0.004,Domestic
3223,3223,24,"Jun 25, 2010",Les herbes folles,14000000,403952,1903952,1500000,-13596048,-12500000,-12096048,-0.004,-0.004,-0.003,Domestic
3224,3224,25,"Jan 24, 2003",Amen,14000000,274299,274299,0,-13725701,-14000000,-13725701,-0.004,-0.004,-0.004,Domestic
3225,3225,26,"Sep 26, 2008",The Lucky Ones,14000000,266967,266967,0,-13733033,-14000000,-13733033,-0.004,-0.004,-0.004,Domestic
3226,3226,27,"Sep 30, 2011",Margaret,14000000,47185,623292,576107,-13952815,-13423893,-13376708,-0.004,-0.004,-0.004,Domestic
3229,3229,30,"Dec 9, 2005",Brokeback Mountain,13900000,83043761,176980863,93937102,69143761,80037102,163080863,0.02,0.023,0.047,Domestic
3230,3230,31,"Jul 1, 1995",Clueless,13700000,56598476,56598476,0,42898476,-13700000,42898476,0.012,-0.004,0.012,Domestic
3232,3232,33,"Mar 30, 1990",Teenage Mutant Ninja Turtles,13500000,135265915,202000000,66734085,121765915,53234085,188500000,0.035,0.015,0.054,Domestic
3233,3233,34,"Oct 5, 1956",The Ten Commandments,13500000,85400591,85434516,33925,71900591,-13466075,71934516,0.021,-0.004,0.021,Domestic
3234,3234,35,"Nov 8, 2002",Far From Heaven,13500000,15901849,29027914,13126065,2401849,-373935,15527914,0.001,-0.0,0.004,Domestic
3235,3235,36,"Oct 12, 2012",Seven Psychopaths,13500000,15024049,33035736,18011687,1524049,4511687,19535736,0.0,0.001,0.006,Domestic
3236,3236,37,"Nov 22, 2000",Quills,13500000,7060876,11732088,4671212,-6439124,-8828788,-1767912,-0.002,-0.003,-0.001,Domestic
3237,3237,38,"Jan 29, 1982",The Border,13500000,6118683,6118683,0,-7381317,-13500000,-7381317,-0.002,-0.004,-0.002,Domestic
3238,3238,39,"Feb 18, 2005",Der Untergang,13500000,5501940,93631744,88129804,-7998060,74629804,80131744,-0.002,0.022,0.023,Domestic
3239,3239,40,"Mar 2, 2001",The Caveman's Valentine,13500000,687081,892506,205425,-12812919,-13294575,-12607494,-0.004,-0.004,-0.004,Domestic
3240,3240,41,"Apr 1, 2011",The Last Godfather,13400000,164247,164247,0,-13235753,-13400000,-13235753,-0.004,-0.004,-0.004,Domestic
3241,3241,42,"Apr 4, 2014",Under the Skin,13300000,2614251,7229933,4615682,-10685749,-8684318,-6070067,-0.003,-0.003,-0.002,Domestic
3242,3242,43,"Dec 17, 2004",Mar adentro,13300000,2086345,39686345,37600000,-11213655,24300000,26386345,-0.003,0.007,0.008,Domestic
3243,3243,44,"Sep 12, 2014",No Good Deed,13200000,52543632,54323210,1779578,39343632,-11420422,41123210,0.011,-0.003,0.012,Domestic
3244,3244,45,"Dec 23, 1987",Good Morning Vietnam,13000000,123922370,123922370,0,110922370,-13000000,110922370,0.032,-0.004,0.032,Domestic
3245,3245,46,"Dec 3, 2010",Black Swan,13000000,106954678,331266710,224312032,93954678,211312032,318266710,0.027,0.061,0.092,Domestic
3246,3246,47,"Jan 12, 2001",Save the Last Dance,13000000,91038276,122244329,31206053,78038276,18206053,109244329,0.023,0.005,0.032,Domestic
3247,3247,48,"Feb 11, 2011",Justin Bieber: Never Say Never,13000000,73013910,99034125,26020215,60013910,13020215,86034125,0.017,0.004,0.025,Domestic
3248,3248,49,"Jul 4, 2018",The First Purge,13000000,69488745,136617305,67128560,56488745,54128560,123617305,0.016,0.016,0.036,Domestic
3249,3249,50,"Mar 16, 2016",Miracles from Heaven,13000000,61705123,73798736,12093613,48705123,-906387,60798736,0.014,-0.0,0.018,Domestic
3250,3250,51,"Feb 11, 2000",Snow Day,13000000,60008303,62452927,2444624,47008303,-10555376,49452927,0.014,-0.003,0.014,Domestic
3251,3251,52,"Jan 23, 2004",The Butterfly Effect,13000000,57924679,95638592,37713913,44924679,24713913,82638592,0.013,0.007,0.024,Domestic
3252,3252,53,"Dec 11, 1974",The Godfather: Part II,13000000,57300000,57300000,0,44300000,-13000000,44300000,0.013,-0.004,0.013,Domestic
3253,3253,54,"Jun 24, 2016",The Shallows,13000000,55121623,118763442,63641819,42121623,50641819,105763442,0.012,0.015,0.031,Domestic
3254,3254,55,"Jul 17, 1987",RoboCop,13000000,53424681,53424681,0,40424681,-13000000,40424681,0.012,-0.004,0.012,Domestic
3255,3255,56,"Aug 19, 1988",A Nightmare on Elm Street 4: The Dream Master,13000000,49369899,49369899,0,36369899,-13000000,36369899,0.011,-0.004,0.011,Domestic
3256,3256,57,"Nov 21, 2007",This Christmas,13000000,49121934,49733545,611611,36121934,-12388389,36733545,0.01,-0.004,0.011,Domestic
3257,3257,58,"Feb 14, 2014",About Last Night,13000000,48637684,50445860,1808176,35637684,-11191824,37445860,0.01,-0.003,0.011,Domestic
3258,3258,59,"Dec 15, 2000","Dude, Where's My Car?",13000000,46729374,73180297,26450923,33729374,13450923,60180297,0.01,0.004,0.017,Domestic
3259,3259,60,"Aug 12, 1988",Young Guns,13000000,44726644,44726644,0,31726644,-13000000,31726644,0.009,-0.004,0.009,Domestic
3260,3260,61,"Oct 10, 2014",St. Vincent,13000000,44137712,54837234,10699522,31137712,-2300478,41837234,0.009,-0.001,0.012,Domestic
3261,3261,62,"Jul 2, 2014",Earth to Echo,13000000,38934842,42174545,3239703,25934842,-9760297,29174545,0.007,-0.003,0.008,Domestic
3262,3262,63,"Mar 31, 1999",10 Things I Hate About You,13000000,38177966,60413950,22235984,25177966,9235984,47413950,0.007,0.003,0.014,Domestic
3263,3263,64,"May 10, 2002",The New Guy,13000000,28972187,28972187,0,15972187,-13000000,15972187,0.005,-0.004,0.005,Domestic
3264,3264,65,"Feb 5, 1993",Loaded Weapon 1,13000000,27979399,27979399,0,14979399,-13000000,14979399,0.004,-0.004,0.004,Domestic
3265,3265,66,"Mar 12, 1999",Baby Geniuses,13000000,27151490,27151490,0,14151490,-13000000,14151490,0.004,-0.004,0.004,Domestic
3266,3266,67,"Apr 24, 1998",The Big Hit,13000000,27066941,27066941,0,14066941,-13000000,14066941,0.004,-0.004,0.004,Domestic
3267,3267,68,"Nov 9, 1990",Child's Play 2,13000000,26904572,34166572,7262000,13904572,-5738000,21166572,0.004,-0.002,0.006,Domestic
3268,3268,69,"Jul 10, 1996",Harriet the Spy,13000000,26570048,26570048,0,13570048,-13000000,13570048,0.004,-0.004,0.004,Domestic
3269,3269,70,"Mar 1, 2013",21 and Over,13000000,25682380,42195766,16513386,12682380,3513386,29195766,0.004,0.001,0.008,Domestic
3270,3270,71,"Nov 21, 2007",The Mist,13000000,25593755,57189408,31595653,12593755,18595653,44189408,0.004,0.005,0.013,Domestic
3271,3271,72,"Apr 10, 2015",Ex Machina,13000000,25440971,38358392,12917421,12440971,-82579,25358392,0.004,-0.0,0.007,Domestic
3272,3272,73,"Oct 29, 1999",Being John Malkovich,13000000,22858926,32382381,9523455,9858926,-3476545,19382381,0.003,-0.001,0.006,Domestic
3273,3273,74,"Sep 7, 2001",Two Can Play That Game,13000000,22235901,22391450,155549,9235901,-12844451,9391450,0.003,-0.004,0.003,Domestic
3274,3274,75,"Mar 11, 2016",Eye in the Sky,13000000,18704596,35402802,16698206,5704596,3698206,22402802,0.002,0.001,0.006,Domestic
3275,3275,76,"Mar 22, 2013",Admission,13000000,18007317,18733666,726349,5007317,-12273651,5733666,0.001,-0.004,0.002,Domestic
3276,3276,77,"Sep 21, 2012",The Perks of Being a Wallflower,13000000,17742948,33069303,15326355,4742948,2326355,20069303,0.001,0.001,0.006,Domestic
3277,3277,78,"Jun 29, 2001",crazy/beautiful,13000000,16929123,19929123,3000000,3929123,-10000000,6929123,0.001,-0.003,0.002,Domestic
3278,3278,79,"Aug 28, 1998",54,13000000,16757163,16757163,0,3757163,-13000000,3757163,0.001,-0.004,0.001,Domestic
3279,3279,80,"Oct 16, 2015",Room,13000000,14677674,36262783,21585109,1677674,8585109,23262783,0.0,0.002,0.007,Domestic
3280,3280,81,"Oct 16, 2015",Woodlawn,13000000,14394097,14403703,9606,1394097,-12990394,1403703,0.0,-0.004,0.0,Domestic
3281,3281,82,"Dec 20, 2006",Letters from Iwo Jima,13000000,13756082,67867998,54111916,756082,41111916,54867998,0.0,0.012,0.016,Domestic
3282,3282,83,"May 29, 2009",MÃ¤n som hatar kvinnor,13000000,12749992,109421911,96671919,-250008,83671919,96421911,-0.0,0.024,0.028,Domestic
3283,3283,84,"Feb 23, 2007",The Astronaut Farmer,13000000,11003643,11141213,137570,-1996357,-12862430,-1858787,-0.001,-0.004,-0.001,Domestic
3284,3284,85,"Jun 12, 1998",Dirty Work,13000000,10020081,10020081,0,-2979919,-13000000,-2979919,-0.001,-0.004,-0.001,Domestic
3285,3285,86,"Jul 17, 2015",Bajrangi Bhaijaan,13000000,8178001,121778347,113600346,-4821999,100600346,108778347,-0.001,0.029,0.031,Domestic
3286,3286,87,"May 8, 1998",Woo,13000000,8064972,8064972,0,-4935028,-13000000,-4935028,-0.001,-0.004,-0.001,Domestic
3287,3287,88,"Sep 9, 2016",Robinson Crusoe,13000000,8005586,42446455,34440869,-4994414,21440869,29446455,-0.001,0.006,0.009,Domestic
3288,3288,89,"Apr 13, 1994",Serial Mom,13000000,7881335,7881335,0,-5118665,-13000000,-5118665,-0.001,-0.004,-0.001,Domestic
3289,3289,90,"Aug 4, 1999",Dick,13000000,6276869,6276869,0,-6723131,-13000000,-6723131,-0.002,-0.004,-0.002,Domestic
3290,3290,91,"Nov 10, 1999",Light It Up,13000000,5871603,5871603,0,-7128397,-13000000,-7128397,-0.002,-0.004,-0.002,Domestic
3291,3291,92,"Aug 24, 2001",Bubble Boy,13000000,5002310,5002310,0,-7997690,-13000000,-7997690,-0.002,-0.004,-0.002,Domestic
3292,3292,93,"Feb 1, 2002",Birthday Girl,13000000,4919896,8130727,3210831,-8080104,-9789169,-4869273,-0.002,-0.003,-0.001,Domestic
3293,3293,94,"May 4, 2007","Paris, je t'aime",13000000,4857374,5175088,317714,-8142626,-12682286,-7824912,-0.002,-0.004,-0.002,Domestic
3294,3294,95,"Dec 7, 2018",Ben is Back,13000000,3703182,9633111,5929929,-9296818,-7070071,-3366889,-0.003,-0.002,-0.001,Domestic
3295,3295,96,"Aug 24, 2007",Resurrecting the Champ,13000000,3172382,3260555,88173,-9827618,-12911827,-9739445,-0.003,-0.004,-0.003,Domestic
3296,3296,97,"Mar 26, 2010",Chloe,13000000,3075255,11831131,8755876,-9924745,-4244124,-1168869,-0.003,-0.001,-0.0,Domestic
3297,3297,98,"Mar 2, 2001",The Widow of St. Pierre,13000000,3058380,3058380,0,-9941620,-13000000,-9941620,-0.003,-0.004,-0.003,Domestic
3298,3298,99,"Dec 4, 2015",Youth,13000000,2703296,24001573,21298277,-10296704,8298277,11001573,-0.003,0.002,0.003,Domestic
3299,3299,100,"Apr 5, 1996",Faithful,13000000,2104439,2104439,0,-10895561,-13000000,-10895561,-0.003,-0.004,-0.003,Domestic
3300,3300,1,"Feb 26, 2010",Un ProphÃ¨te,13000000,2087720,19910624,17822904,-10912280,4822904,6910624,-0.003,0.001,0.002,Domestic
3301,3301,2,"Dec 3, 2010","I Love You, Phillip Morris",13000000,2037459,23014027,20976568,-10962541,7976568,10014027,-0.003,0.002,0.003,Domestic
3302,3302,3,"Jul 24, 2015",The Vatican Tapes,13000000,1784763,14929184,13144421,-11215237,144421,1929184,-0.003,0.0,0.001,Domestic
3303,3303,4,"Mar 17, 2006",Find Me Guilty,13000000,1173673,2898225,1724552,-11826327,-11275448,-10101775,-0.003,-0.003,-0.003,Domestic
3304,3304,5,"May 14, 1993",Excessive Force,13000000,1152117,1152117,0,-11847883,-13000000,-11847883,-0.003,-0.004,-0.003,Domestic
3305,3305,6,"Oct 13, 2006",Infamous,13000000,1151330,2613717,1462387,-11848670,-11537613,-10386283,-0.003,-0.003,-0.003,Domestic
3306,3306,7,"Jul 29, 2011",Attack the Block,13000000,1024175,6459183,5435008,-11975825,-7564992,-6540817,-0.003,-0.002,-0.002,Domestic
3307,3307,8,"Aug 14, 2015",Brothers,13000000,656688,17856688,17200000,-12343312,4200000,4856688,-0.004,0.001,0.001,Domestic
3308,3308,9,"Dec 29, 2000",The Claim,13000000,622023,1375635,753612,-12377977,-12246388,-11624365,-0.004,-0.004,-0.003,Domestic
3309,3309,10,"Dec 23, 2011",In The Land of Blood and Honey,13000000,303877,509193,205316,-12696123,-12794684,-12490807,-0.004,-0.004,-0.004,Domestic
3310,3310,11,"Jun 18, 2010",The Killer Inside Me,13000000,217277,3617277,3400000,-12782723,-9600000,-9382723,-0.004,-0.003,-0.003,Domestic
3313,3313,14,"Mar 15, 2013",The Call,12800000,51872378,69821476,17949098,39072378,5149098,57021476,0.011,0.001,0.016,Domestic
3314,3314,15,"Aug 5, 2016",Operation Chromite,12700000,1022720,49196532,48173812,-11677280,35473812,36496532,-0.003,0.01,0.011,Domestic
3315,3315,16,"Sep 12, 2014",The Drop,12600000,10724389,19054534,8330145,-1875611,-4269855,6454534,-0.001,-0.001,0.002,Domestic
3316,3316,17,"Jul 12, 2002",The Crocodile Hunter: Collision Course,12500000,28436931,33436931,5000000,15936931,-7500000,20936931,0.005,-0.002,0.006,Domestic
3317,3317,18,"Sep 3, 2010",Machete,12500000,26593646,46370970,19777324,14093646,7277324,33870970,0.004,0.002,0.01,Domestic
3318,3318,19,"Dec 19, 2002",Antwone Fisher,12500000,21078145,23367586,2289441,8578145,-10210559,10867586,0.002,-0.003,0.003,Domestic
3319,3319,20,"Feb 12, 1982",La Guerre du feu,12500000,20959585,20959585,0,8459585,-12500000,8459585,0.002,-0.004,0.002,Domestic
3320,3320,21,"Nov 22, 2002",The Emperor's Club,12500000,14060950,16193713,2132763,1560950,-10367237,3693713,0.0,-0.003,0.001,Domestic
3321,3321,22,"Sep 10, 1993",True Romance,12500000,12281000,12309980,28980,-219000,-12471020,-190020,-0.0,-0.004,-0.0,Domestic
3322,3322,23,"Sep 11, 2009",Sorority Row,12500000,11965282,26735797,14770515,-534718,2270515,14235797,-0.0,0.001,0.004,Domestic
3323,3323,24,"Sep 30, 1992",Glengarry Glen Ross,12500000,10725228,10725228,0,-1774772,-12500000,-1774772,-0.001,-0.004,-0.001,Domestic
3324,3324,25,"Nov 7, 2008",The Boy in the Striped Pyjamas,12500000,9046156,44083403,35037247,-3453844,22537247,31583403,-0.001,0.007,0.009,Domestic
3325,3325,26,"Apr 2, 1982",Cat People,12500000,7000000,21000000,14000000,-5500000,1500000,8500000,-0.002,0.0,0.002,Domestic
3326,3326,27,"May 25, 1979",The Prisoner of Zenda,12500000,7000000,7000000,0,-5500000,-12500000,-5500000,-0.002,-0.004,-0.002,Domestic
3327,3327,28,"Oct 15, 2010",Conviction,12500000,6797696,11826980,5029284,-5702304,-7470716,-673020,-0.002,-0.002,-0.0,Domestic
3328,3328,29,"Oct 12, 2007",Lars and the Real Girl,12500000,5956480,11277119,5320639,-6543520,-7179361,-1222881,-0.002,-0.002,-0.0,Domestic
3329,3329,30,"May 21, 2010",Solitary Man,12500000,4360548,4360548,0,-8139452,-12500000,-8139452,-0.002,-0.004,-0.002,Domestic
3330,3330,31,"Sep 22, 2000",Dancer in the Dark,12500000,4157491,45557491,41400000,-8342509,28900000,33057491,-0.002,0.008,0.01,Domestic
3331,3331,32,"Dec 17, 2010",Casino Jack,12500000,2039869,2272186,232317,-10460131,-12267683,-10227814,-0.003,-0.004,-0.003,Domestic
3332,3332,33,"Dec 31, 1997",Oscar and Lucinda,12500000,1612957,1612957,0,-10887043,-12500000,-10887043,-0.003,-0.004,-0.003,Domestic
3333,3333,34,"Nov 1, 1996",The Funeral,12500000,1212799,1412799,200000,-11287201,-12300000,-11087201,-0.003,-0.004,-0.003,Domestic
3334,3334,35,"Sep 3, 2004",Tae Guik Gi: The Brotherhood of War,12500000,1110186,69826708,68716522,-11389814,56216522,57326708,-0.003,0.016,0.017,Domestic
3335,3335,36,"Apr 16, 2010",The Perfect Game,12500000,1089445,3931367,2841922,-11410555,-9658078,-8568633,-0.003,-0.003,-0.002,Domestic
3336,3336,37,"Oct 5, 2012",The Paperboy,12500000,677200,4027663,3350463,-11822800,-9149537,-8472337,-0.003,-0.003,-0.002,Domestic
3337,3337,38,"Mar 1, 2013",Ernest et Celestine,12500000,292562,9376444,9083882,-12207438,-3416118,-3123556,-0.004,-0.001,-0.001,Domestic
3338,3338,39,"May 4, 2012",A Little Bit of Heaven,12500000,10011,1100287,1090276,-12489989,-11409724,-11399713,-0.004,-0.003,-0.003,Domestic
3339,3339,40,"Nov 18, 1988",The Land Before Time,12300000,48092846,81972846,33880000,35792846,21580000,69672846,0.01,0.006,0.02,Domestic
3340,3340,41,"Jun 20, 1975",Jaws,12000000,260000000,470700000,210700000,248000000,198700000,458700000,0.072,0.057,0.132,Domestic
3341,3341,42,"Dec 26, 1973",The Exorcist,12000000,230347346,428214478,197867132,218347346,185867132,416214478,0.063,0.054,0.12,Domestic
3342,3342,43,"Jun 6, 2014",The Fault in Our Stars,12000000,124872350,307166834,182294484,112872350,170294484,295166834,0.033,0.049,0.085,Domestic
3343,3343,44,"Jul 9, 1999",American Pie,12000000,101800948,234723148,132922200,89800948,120922200,222723148,0.026,0.035,0.064,Domestic
3344,3344,45,"Apr 20, 2012",Think Like a Man,12000000,91547205,113373764,21826559,79547205,9826559,101373764,0.023,0.003,0.029,Domestic
3345,3345,46,"Apr 16, 2014",Heaven is for Real,12000000,91386097,100916299,9530202,79386097,-2469798,88916299,0.023,-0.001,0.026,Domestic
3346,3346,47,"Dec 12, 1986",The Golden Child,12000000,79817937,79817937,0,67817937,-12000000,67817937,0.02,-0.003,0.02,Domestic
3347,3347,48,"Jun 4, 1982",Star Trek II: The Wrath of Khan,12000000,78912963,95800000,16887037,66912963,4887037,83800000,0.019,0.001,0.024,Domestic
3348,3348,49,"Sep 13, 2002",Barbershop,12000000,75781642,77063461,1281819,63781642,-10718181,65063461,0.018,-0.003,0.019,Domestic
3349,3349,50,"Jun 3, 1983",WarGames,12000000,74433837,74433837,0,62433837,-12000000,62433837,0.018,-0.003,0.018,Domestic
3350,3350,51,"Feb 4, 1994",Ace Ventura: Pet Detective,12000000,72217396,107217396,35000000,60217396,23000000,95217396,0.017,0.007,0.027,Domestic
3351,3351,52,"Feb 24, 2012",Act of Valor,12000000,70012847,82497035,12484188,58012847,484188,70497035,0.017,0.0,0.02,Domestic
3352,3352,53,"Feb 8, 1985",Witness,12000000,65532576,65532576,0,53532576,-12000000,53532576,0.015,-0.003,0.015,Domestic
3353,3353,54,"Aug 11, 2006",Step Up,12000000,65328121,110989157,45661036,53328121,33661036,98989157,0.015,0.01,0.029,Domestic
3354,3354,55,"Feb 3, 2012",Chronicle,12000000,64575175,123681790,59106615,52575175,47106615,111681790,0.015,0.014,0.032,Domestic
3355,3355,56,"Dec 20, 1996",Beavis and Butt-Head Do America,12000000,63118386,63118386,0,51118386,-12000000,51118386,0.015,-0.003,0.015,Domestic
3356,3356,57,"Jan 1, 1970",Patton,12000000,62500000,62500000,0,50500000,-12000000,50500000,0.015,-0.003,0.015,Domestic
3357,3357,58,"Mar 2, 2012",Project X,12000000,54731865,103028188,48296323,42731865,36296323,91028188,0.012,0.01,0.026,Domestic
3358,3358,59,"Nov 10, 2017","Three Billboards Outside Ebbing, Missouri",12000000,54513740,160191915,105678175,42513740,93678175,148191915,0.012,0.027,0.043,Domestic
3359,3359,60,"Nov 25, 2016",Lion,12000000,51739495,149570720,97831225,39739495,85831225,137570720,0.011,0.025,0.04,Domestic
3360,3360,61,"May 4, 2018",Overboard,12000000,50316123,85369830,35053707,38316123,23053707,73369830,0.011,0.007,0.021,Domestic
3361,3361,62,"Dec 25, 1997",Jackie Brown,12000000,39673162,74727492,35054330,27673162,23054330,62727492,0.008,0.007,0.018,Domestic
3362,3362,63,"Nov 18, 1983",Yentl,12000000,39012241,39012241,0,27012241,-12000000,27012241,0.008,-0.003,0.008,Domestic
3363,3363,64,"Apr 25, 2008",Harold & Kumar Escape from Guantanamo Bay,12000000,38108728,43353117,5244389,26108728,-6755611,31353117,0.008,-0.002,0.009,Domestic
3364,3364,65,"Nov 22, 2013",Philomena,12000000,37709979,98963392,61253413,25709979,49253413,86963392,0.007,0.014,0.025,Domestic
3365,3365,66,"Nov 6, 1981",Time Bandits,12000000,37400000,37400000,0,25400000,-12000000,25400000,0.007,-0.003,0.007,Domestic
3366,3366,67,"Feb 15, 2002",Crossroads,12000000,37188667,57000000,19811333,25188667,7811333,45000000,0.007,0.002,0.013,Domestic
3367,3367,68,"Jul 24, 2015",Paper Towns,12000000,32000304,85450484,53450180,20000304,41450180,73450484,0.006,0.012,0.021,Domestic
3368,3368,69,"Oct 10, 2008",Quarantine,12000000,31691811,41924774,10232963,19691811,-1767037,29924774,0.006,-0.001,0.009,Domestic
3369,3369,70,"Aug 21, 2002",One Hour Photo,12000000,31597131,52223306,20626175,19597131,8626175,40223306,0.006,0.002,0.012,Domestic
3370,3370,71,"Feb 1, 2008",The Eye,12000000,31418697,57577765,26159068,19418697,14159068,45577765,0.006,0.004,0.013,Domestic
3371,3371,72,"Apr 7, 2004",Johnson Family Vacation,12000000,31203964,31286759,82795,19203964,-11917205,19286759,0.006,-0.003,0.006,Domestic
3372,3372,73,"Dec 21, 2001",How High,12000000,31155435,31222395,66960,19155435,-11933040,19222395,0.006,-0.003,0.006,Domestic
3373,3373,74,"Oct 7, 1960",Spartacus,12000000,30000000,60000000,30000000,18000000,18000000,48000000,0.005,0.005,0.014,Domestic
3374,3374,75,"Sep 1, 2006",Crank,12000000,27838408,43924923,16086515,15838408,4086515,31924923,0.005,0.001,0.009,Domestic
3375,3375,76,"Dec 11, 1992",The Muppet Christmas Carol,12000000,27281507,27492918,211411,15281507,-11788589,15492918,0.004,-0.003,0.004,Domestic
3376,3376,77,"Aug 12, 2016",Hell or High Water,12000000,27007844,37584304,10576460,15007844,-1423540,25584304,0.004,-0.0,0.007,Domestic
3377,3377,78,"Oct 25, 2002",Frida,12000000,25885000,56131239,30246239,13885000,18246239,44131239,0.004,0.005,0.013,Domestic
3378,3378,79,"Jul 5, 2012",Katy Perry: Part of Me,12000000,25326071,32700439,7374368,13326071,-4625632,20700439,0.004,-0.001,0.006,Domestic
3379,3379,80,"Dec 12, 2014",Top Five,12000000,25317379,26001741,684362,13317379,-11315638,14001741,0.004,-0.003,0.004,Domestic
3380,3380,81,"Sep 11, 1998",Rounders,12000000,22921898,22921898,0,10921898,-12000000,10921898,0.003,-0.003,0.003,Domestic
3381,3381,82,"Apr 28, 1967",Casino Royale,12000000,22744718,41744718,19000000,10744718,7000000,29744718,0.003,0.002,0.009,Domestic
3382,3382,83,"Jun 15, 1979",Prophecy,12000000,22673340,22673340,0,10673340,-12000000,10673340,0.003,-0.003,0.003,Domestic
3383,3383,84,"Jan 30, 2015",Project Almanac,12000000,22348241,32909437,10561196,10348241,-1438804,20909437,0.003,-0.0,0.006,Domestic
3384,3384,85,"May 14, 2010",Just Wright,12000000,21540363,21867665,327302,9540363,-11672698,9867665,0.003,-0.003,0.003,Domestic
3385,3385,86,"Sep 10, 1999",Stir of Echoes,12000000,21133087,21133087,0,9133087,-12000000,9133087,0.003,-0.003,0.003,Domestic
3386,3386,87,"Jan 13, 1995",Tales from the Crypt: Demon Knight,12000000,21089146,21089146,0,9089146,-12000000,9089146,0.003,-0.003,0.003,Domestic
3387,3387,88,"Jan 1, 1978",The Boys from Brazil,12000000,19000000,19000000,0,7000000,-12000000,7000000,0.002,-0.003,0.002,Domestic
3388,3388,89,"Mar 11, 2005",The Upside of Anger,12000000,18761993,28915761,10153768,6761993,-1846232,16915761,0.002,-0.001,0.005,Domestic
3389,3389,90,"Mar 3, 2006",Aquamarine,12000000,18597342,22978953,4381611,6597342,-7618389,10978953,0.002,-0.002,0.003,Domestic
3390,3390,91,"Nov 15, 2013",Nebraska,12000000,17654912,24761360,7106448,5654912,-4893552,12761360,0.002,-0.001,0.004,Domestic
3391,3391,92,"Jan 9, 2004",My Baby's Daddy,12000000,17321573,17322212,639,5321573,-11999361,5322212,0.002,-0.003,0.002,Domestic
3392,3392,93,"Oct 5, 2001",Max Keeble's Big Move,12000000,17292381,17292381,0,5292381,-12000000,5292381,0.002,-0.003,0.002,Domestic
3393,3393,94,"Dec 9, 2011",Young Adult,12000000,16311571,22750356,6438785,4311571,-5561215,10750356,0.001,-0.002,0.003,Domestic
3394,3394,95,"Nov 1, 2013",About Time,12000000,15323921,89309178,73985257,3323921,61985257,77309178,0.001,0.018,0.022,Domestic
3395,3395,96,"Dec 14, 2018",If Beale Street Could Talk,12000000,14915773,19859167,4943394,2915773,-7056606,7859167,0.001,-0.002,0.002,Domestic
3396,3396,97,"Jul 14, 2017",Wish Upon,12000000,14301505,23477345,9175840,2301505,-2824160,11477345,0.001,-0.001,0.003,Domestic
3397,3397,98,"Aug 6, 1997",Def Jam's How To Be a Player,12000000,14010363,14010363,0,2010363,-12000000,2010363,0.001,-0.003,0.001,Domestic
3398,3398,99,"Oct 30, 1998",Living Out Loud,12000000,12905901,12905901,0,905901,-12000000,905901,0.0,-0.003,0.0,Domestic
3399,3399,100,"Oct 3, 2008",Rachel Getting Married,12000000,12796861,17475475,4678614,796861,-7321386,5475475,0.0,-0.002,0.002,Domestic
3400,3400,1,"Mar 20, 1981",The Postman Always Rings Twice,12000000,12200000,44200000,32000000,200000,20000000,32200000,0.0,0.006,0.009,Domestic
3401,3401,2,"Dec 12, 2003",Girl with a Pearl Earring,12000000,11634362,43274797,31640435,-365638,19640435,31274797,-0.0,0.006,0.009,Domestic
3402,3402,3,"Feb 10, 1982",Das Boot,12000000,11487676,84970337,73482661,-512324,61482661,72970337,-0.0,0.018,0.021,Domestic
3403,3403,4,"Apr 21, 2017",Unforgettable,12000000,11368012,16221211,4853199,-631988,-7146801,4221211,-0.0,-0.002,0.001,Domestic
3404,3404,5,"Dec 3, 2004",House of Flying Daggers,12000000,11050094,92863945,81813851,-949906,69813851,80863945,-0.0,0.02,0.023,Domestic
3405,3405,6,"Mar 22, 2002",Sorority Boys,12000000,10198766,12516222,2317456,-1801234,-9682544,516222,-0.001,-0.003,0.0,Domestic
3406,3406,7,"Oct 13, 2017",Marshall,12000000,10051659,10116816,65157,-1948341,-11934843,-1883184,-0.001,-0.003,-0.001,Domestic
3407,3407,8,"Dec 5, 2008",Cadillac Records,12000000,8195551,8942516,746965,-3804449,-11253035,-3057484,-0.001,-0.003,-0.001,Domestic
3408,3408,9,"Sep 14, 2012",Arbitrage,12000000,7919574,35830713,27911139,-4080426,15911139,23830713,-0.001,0.005,0.007,Domestic
3409,3409,10,"Oct 24, 1960",The Alamo,12000000,7900000,7900000,0,-4100000,-12000000,-4100000,-0.001,-0.003,-0.001,Domestic
3410,3410,11,"May 12, 2000",Screwed,12000000,6982680,6982680,0,-5017320,-12000000,-5017320,-0.001,-0.003,-0.001,Domestic
3411,3411,12,"Oct 20, 2006",Running With Scissors,12000000,6860000,8706701,1846701,-5140000,-10153299,-3293299,-0.001,-0.003,-0.001,Domestic
3412,3412,13,"Sep 3, 1993",Fortress,12000000,6730578,46730578,40000000,-5269422,28000000,34730578,-0.002,0.008,0.01,Domestic
3413,3413,14,"Jun 1, 2012",For Greater Glory: The True Story of Cristiada,12000000,5669081,10026255,4357174,-6330919,-7642826,-1973745,-0.002,-0.002,-0.001,Domestic
3414,3414,15,"Nov 17, 2006",For Your Consideration,12000000,5549923,5549923,0,-6450077,-12000000,-6450077,-0.002,-0.003,-0.002,Domestic
3415,3415,16,"Nov 20, 1998",Celebrity,12000000,5078660,6200000,1121340,-6921340,-10878660,-5800000,-0.002,-0.003,-0.002,Domestic
3416,3416,17,"Jun 20, 2003",From Justin to Kelly,12000000,4922166,4922166,0,-7077834,-12000000,-7077834,-0.002,-0.003,-0.002,Domestic
3417,3417,18,"Jun 6, 1986",Invaders from Mars,12000000,4884663,4984663,100000,-7115337,-11900000,-7015337,-0.002,-0.003,-0.002,Domestic
3418,3418,19,"Mar 22, 1996",Girl 6,12000000,4880941,4880941,0,-7119059,-12000000,-7119059,-0.002,-0.003,-0.002,Domestic
3419,3419,20,"Oct 22, 2003",In the Cut,12000000,4717455,23693646,18976191,-7282545,6976191,11693646,-0.002,0.002,0.003,Domestic
3420,3420,21,"Feb 22, 2008",Charlie Bartlett,12000000,3950294,5295909,1345615,-8049706,-10654385,-6704091,-0.002,-0.003,-0.002,Domestic
3421,3421,22,"Feb 13, 2009",Two Lovers,12000000,3149034,16349034,13200000,-8850966,1200000,4349034,-0.003,0.0,0.001,Domestic
3422,3422,23,"Nov 15, 2013",La grande bellezza,12000000,2883879,29549145,26665266,-9116121,14665266,17549145,-0.003,0.004,0.005,Domestic
3423,3423,24,"Feb 15, 2002",Last Orders,12000000,2326407,2326407,0,-9673593,-12000000,-9673593,-0.003,-0.003,-0.003,Domestic
3424,3424,25,"Mar 9, 2007",Gwoemul,12000000,2201923,92618117,90416194,-9798077,78416194,80618117,-0.003,0.023,0.023,Domestic
3425,3425,26,"Nov 13, 1981",The Pursuit of D.B. Cooper,12000000,2104164,2104164,0,-9895836,-12000000,-9895836,-0.003,-0.003,-0.003,Domestic
3426,3426,27,"Mar 19, 1999",Ravenous,12000000,2062406,2062406,0,-9937594,-12000000,-9937594,-0.003,-0.003,-0.003,Domestic
3427,3427,28,"Jun 14, 2002",The Dangerous Lives of Altar Boys,12000000,1779284,1779284,0,-10220716,-12000000,-10220716,-0.003,-0.003,-0.003,Domestic
3428,3428,29,"Mar 1, 2013",Stoker,12000000,1703125,12034913,10331788,-10296875,-1668212,34913,-0.003,-0.0,0.0,Domestic
3429,3429,30,"Mar 7, 2008",Married Life,12000000,1506998,2975188,1468190,-10493002,-10531810,-9024812,-0.003,-0.003,-0.003,Domestic
3430,3430,31,"Aug 5, 2005",2046,12000000,1442338,19287485,17845147,-10557662,5845147,7287485,-0.003,0.002,0.002,Domestic
3431,3431,32,"Mar 11, 2011",Kill the Irishman,12000000,1188194,1188194,0,-10811806,-12000000,-10811806,-0.003,-0.003,-0.003,Domestic
3432,3432,33,"Sep 30, 2005",Duma,12000000,870067,994790,124723,-11129933,-11875277,-11005210,-0.003,-0.003,-0.003,Domestic
3433,3433,34,"Apr 20, 2012",Darling Companion,12000000,793352,1200346,406994,-11206648,-11593006,-10799654,-0.003,-0.003,-0.003,Domestic
3434,3434,35,"Jun 4, 2010",Ondine,12000000,550472,557545,7073,-11449528,-11992927,-11442455,-0.003,-0.003,-0.003,Domestic
3435,3435,36,"Jul 20, 2001",Brother,12000000,450594,450594,0,-11549406,-12000000,-11549406,-0.003,-0.003,-0.003,Domestic
3436,3436,37,"Oct 4, 2002",Welcome to Collinwood,12000000,378650,4606284,4227634,-11621350,-7772366,-7393716,-0.003,-0.002,-0.002,Domestic
3437,3437,38,"Apr 18, 2008",Life Before Her Eyes,12000000,303439,7203439,6900000,-11696561,-5100000,-4796561,-0.003,-0.001,-0.001,Domestic
3438,3438,39,"Oct 31, 1997",Critical Care,12000000,220175,220175,0,-11779825,-12000000,-11779825,-0.003,-0.003,-0.003,Domestic
3439,3439,40,"Sep 28, 2007",Trade,12000000,214202,1513388,1299186,-11785798,-10700814,-10486612,-0.003,-0.003,-0.003,Domestic
3440,3440,41,"Jan 6, 2006",Fateless,12000000,196857,196857,0,-11803143,-12000000,-11803143,-0.003,-0.003,-0.003,Domestic
3441,3441,42,"Sep 3, 2010",San qiang pai an jing qi,12000000,190946,310946,120000,-11809054,-11880000,-11689054,-0.003,-0.003,-0.003,Domestic
3442,3442,43,"Sep 17, 1999",Breakfast of Champions,12000000,178287,178287,0,-11821713,-12000000,-11821713,-0.003,-0.003,-0.003,Domestic
3443,3443,44,"Mar 9, 2001",Company Man,12000000,146028,622273,476245,-11853972,-11523755,-11377727,-0.003,-0.003,-0.003,Domestic
3444,3444,45,"Nov 7, 2009",Nanjing! Nanjing!,12000000,122558,20122558,20000000,-11877442,8000000,8122558,-0.003,0.002,0.002,Domestic
3445,3445,46,"Oct 9, 2015",Trash,12000000,17484,6553186,6535702,-11982516,-5464298,-5446814,-0.003,-0.002,-0.002,Domestic
3446,3446,47,"Aug 19, 2011",5 Days of War,12000000,17479,87793,70314,-11982521,-11929686,-11912207,-0.003,-0.003,-0.003,Domestic
3447,3447,48,"Nov 11, 2015",10 Days in a Madhouse,12000000,14616,14616,0,-11985384,-12000000,-11985384,-0.003,-0.003,-0.003,Domestic
3456,3456,57,"Sep 23, 2016",The Dressmaker,11900000,2022115,24041617,22019502,-9877885,10119502,12141617,-0.003,0.003,0.004,Domestic
3457,3457,58,"Dec 10, 1999",Diamonds,11900000,81897,81897,0,-11818103,-11900000,-11818103,-0.003,-0.003,-0.003,Domestic
3458,3458,59,"Mar 20, 1998",Madadayo,11900000,48856,48856,0,-11851144,-11900000,-11851144,-0.003,-0.003,-0.003,Domestic
3459,3459,60,"Nov 20, 2015",Carol,11800000,12711491,42843521,30132030,911491,18332030,31043521,0.0,0.005,0.009,Domestic
3460,3460,61,"Apr 21, 1989",Pet Sematary,11500000,57469179,57469179,0,45969179,-11500000,45969179,0.013,-0.003,0.013,Domestic
3461,3461,62,"Jan 22, 2016",Dirty Grandpa,11500000,35593113,105078449,69485336,24093113,57985336,93578449,0.007,0.017,0.027,Domestic
3463,3463,64,"Oct 9, 2009",St. Trinianâs,11400000,15000,29830239,29815239,-11385000,18415239,18430239,-0.003,0.005,0.005,Domestic
3464,3464,65,"May 25, 1977",Star Wars Ep. IV: A New Hope,11000000,460998007,786598007,325600000,449998007,314600000,775598007,0.13,0.091,0.224,Domestic
3465,3465,66,"Jun 8, 1984",Gremlins,11000000,148168459,148199515,31056,137168459,-10968944,137199515,0.04,-0.003,0.04,Domestic
3466,3466,67,"Dec 22, 1965",Doctor Zhivago,11000000,111897830,112036323,138493,100897830,-10861507,101036323,0.029,-0.003,0.029,Domestic
3467,3467,68,"Dec 10, 2010",The Fighter,11000000,93617009,129262388,35645379,82617009,24645379,118262388,0.024,0.007,0.034,Domestic
3468,3468,69,"Oct 24, 2008",High School Musical 3: Senior Year,11000000,90559416,274392880,183833464,79559416,172833464,263392880,0.023,0.05,0.076,Domestic
3469,3469,70,"Dec 27, 1991",Fried Green Tomatoes,11000000,81204830,81204830,0,70204830,-11000000,70204830,0.02,-0.003,0.02,Domestic
3470,3470,71,"Sep 22, 2006",Jackass: Number Two,11000000,72778712,85278712,12500000,61778712,1500000,74278712,0.018,0.0,0.021,Domestic
3471,3471,72,"Mar 13, 1992",My Cousin Vinny,11000000,52929168,52929168,0,41929168,-11000000,41929168,0.012,-0.003,0.012,Domestic
3472,3472,73,"Aug 22, 2014",If I Stay,11000000,50474843,78356170,27881327,39474843,16881327,67356170,0.011,0.005,0.019,Domestic
3473,3473,74,"Apr 7, 1989",Major League,11000000,49793054,49793054,0,38793054,-11000000,38793054,0.011,-0.003,0.011,Domestic
3474,3474,75,"Apr 4, 2003",Phone Booth,11000000,46566212,97837138,51270926,35566212,40270926,86837138,0.01,0.012,0.025,Domestic
3475,3475,76,"Jan 25, 2002",A Walk to Remember,11000000,41227069,46060861,4833792,30227069,-6166208,35060861,0.009,-0.002,0.01,Domestic
3476,3476,77,"Dec 29, 1995",Dead Man Walking,11000000,39387284,83088295,43701011,28387284,32701011,72088295,0.008,0.009,0.021,Domestic
3477,3477,78,"Mar 5, 1999",Cruel Intentions,11000000,38665260,76238901,37573641,27665260,26573641,65238901,0.008,0.008,0.019,Domestic
3478,3478,79,"Nov 4, 2015",Brooklyn,11000000,38322743,62076141,23753398,27322743,12753398,51076141,0.008,0.004,0.015,Domestic
3479,3479,80,"Oct 17, 2008",The Secret Life of Bees,11000000,37780486,39994347,2213861,26780486,-8786139,28994347,0.008,-0.003,0.008,Domestic
3480,3480,81,"Apr 1, 2015",Woman in Gold,11000000,33307793,58586407,25278614,22307793,14278614,47586407,0.006,0.004,0.014,Domestic
3481,3481,82,"Jun 12, 1981",History of the World: Part I,11000000,31672000,31672000,0,20672000,-11000000,20672000,0.006,-0.003,0.006,Domestic
3482,3482,83,"Dec 8, 2017","I, Tonya",11000000,30014534,53797409,23782875,19014534,12782875,42797409,0.005,0.004,0.012,Domestic
3483,3483,84,"Oct 23, 2009",Saw VI,11000000,27693292,69752402,42059110,16693292,31059110,58752402,0.005,0.009,0.017,Domestic
3484,3484,85,"Oct 12, 2001",Corky Romano,11000000,23978402,25116103,1137701,12978402,-9862299,14116103,0.004,-0.003,0.004,Domestic
3485,3485,86,"Feb 14, 2019",Fighting With My Family,11000000,22958583,39049922,16091339,11958583,5091339,28049922,0.003,0.001,0.008,Domestic
3486,3486,87,"Aug 7, 1992",Raising Cain,11000000,21171695,21171695,0,10171695,-11000000,10171695,0.003,-0.003,0.003,Domestic
3487,3487,88,"Apr 13, 1978",F.I.S.T,11000000,20388920,20388920,0,9388920,-11000000,9388920,0.003,-0.003,0.003,Domestic
3488,3488,89,"Jan 1, 1975",Barry Lyndon,11000000,20000000,20169934,169934,9000000,-10830066,9169934,0.003,-0.003,0.003,Domestic
3489,3489,90,"Jan 11, 2013",Quartet,11000000,18388357,56178935,37790578,7388357,26790578,45178935,0.002,0.008,0.013,Domestic
3490,3490,91,"Nov 21, 2001",Out Cold,11000000,13906394,14786394,880000,2906394,-10120000,3786394,0.001,-0.003,0.001,Domestic
3491,3491,92,"Oct 13, 2000",The Ladies Man,11000000,13592872,13719474,126602,2592872,-10873398,2719474,0.001,-0.003,0.001,Domestic
3492,3492,93,"Mar 30, 2001",Tomcats,11000000,13558739,13558739,0,2558739,-11000000,2558739,0.001,-0.003,0.001,Domestic
3493,3493,94,"Dec 6, 2013",Inside Llewyn Davis,11000000,13248209,32943247,19695038,2248209,8695038,21943247,0.001,0.003,0.006,Domestic
3494,3494,95,"Apr 12, 2002",Frailty,11000000,13110448,19947280,6836832,2110448,-4163168,8947280,0.001,-0.001,0.003,Domestic
3495,3495,96,"Feb 19, 1993",Army of Darkness,11000000,11502976,21502976,10000000,502976,-1000000,10502976,0.0,-0.0,0.003,Domestic
3496,3496,97,"Nov 12, 2004",Kinsey,11000000,10214647,17443529,7228882,-785353,-3771118,6443529,-0.0,-0.001,0.002,Domestic
3497,3497,98,"May 10, 2013",Peeples,11000000,9177065,9307166,130101,-1822935,-10869899,-1692834,-0.001,-0.003,-0.0,Domestic
3498,3498,99,"Dec 25, 1993",What's Eating Gilbert Grape,11000000,9170214,9170214,0,-1829786,-11000000,-1829786,-0.001,-0.003,-0.001,Domestic
3499,3499,100,"Jul 6, 2016",Sultan,11000000,5599781,72989781,67390000,-5400219,56390000,61989781,-0.002,0.016,0.018,Domestic
3500,3500,1,"Feb 1, 2002",Slackers,11000000,4814244,5942218,1127974,-6185756,-9872026,-5057782,-0.002,-0.003,-0.001,Domestic
3501,3501,2,"Sep 26, 2003",The Gospel of John,11000000,4068087,4234355,166268,-6931913,-10833732,-6765645,-0.002,-0.003,-0.002,Domestic
3502,3502,3,"Oct 10, 2004",Vera Drake,11000000,3753806,13353855,9600049,-7246194,-1399951,2353855,-0.002,-0.0,0.001,Domestic
3503,3503,4,"Jan 31, 2003",The Guru,11000000,3051221,24150550,21099329,-7948779,10099329,13150550,-0.002,0.003,0.004,Domestic
3504,3504,5,"Dec 14, 1995",Othello,11000000,2844379,2844379,0,-8155621,-11000000,-8155621,-0.002,-0.003,-0.002,Domestic
3505,3505,6,"May 12, 1995",The Perez Family,11000000,2794056,2794056,0,-8205944,-11000000,-8205944,-0.002,-0.003,-0.002,Domestic
3506,3506,7,"Jan 1, 1970",The Molly Maguires,11000000,2200000,2200000,0,-8800000,-11000000,-8800000,-0.003,-0.003,-0.003,Domestic
3507,3507,8,"Jan 1, 1991",Return to the Blue Lagoon,11000000,2000000,2000000,0,-9000000,-11000000,-9000000,-0.003,-0.003,-0.003,Domestic
3508,3508,9,"Sep 7, 2007",Romance and Cigarettes,11000000,551002,3231251,2680249,-10448998,-8319751,-7768749,-0.003,-0.002,-0.002,Domestic
3509,3509,10,"Nov 10, 2006",Copying Beethoven,11000000,355968,6586324,6230356,-10644032,-4769644,-4413676,-0.003,-0.001,-0.001,Domestic
3510,3510,11,"Aug 26, 2011",Brighton Rock,11000000,229653,229653,0,-10770347,-11000000,-10770347,-0.003,-0.003,-0.003,Domestic
3511,3511,12,"Nov 16, 2012",Le prÃ©nom,11000000,61611,25307405,25245794,-10938389,14245794,14307405,-0.003,0.004,0.004,Domestic
3516,3516,17,"Oct 24, 2008",Saw V,10800000,56746769,118209778,61463009,45946769,50663009,107409778,0.013,0.015,0.031,Domestic
3517,3517,18,"May 25, 2012",Les Intouchables,10800000,13182281,484873045,471690764,2382281,460890764,474073045,0.001,0.133,0.137,Domestic
3518,3518,19,"Apr 27, 2007",Jindabyne,10800000,399879,2862544,2462665,-10400121,-8337335,-7937456,-0.003,-0.002,-0.002,Domestic
3519,3519,20,"Aug 11, 2006",Kabhi Alvida Naa Kehna,10750000,3275443,32575443,29300000,-7474557,18550000,21825443,-0.002,0.005,0.006,Domestic
3520,3520,21,"May 25, 1979",Alien,10700000,80930630,203628947,122698317,70230630,111998317,192928947,0.02,0.032,0.056,Domestic
3521,3521,22,"Jun 4, 1982",Poltergeist,10700000,74706019,121706019,47000000,64006019,36300000,111006019,0.018,0.01,0.032,Domestic
3522,3522,23,"Jun 18, 1999",An Ideal Husband,10700000,18542974,31341183,12798209,7842974,2098209,20641183,0.002,0.001,0.006,Domestic
3523,3523,24,"Dec 25, 2004",Darkness,10600000,22163442,34409206,12245764,11563442,1645764,23809206,0.003,0.0,0.007,Domestic
3524,3524,25,"Dec 6, 2013",The Last Days on Mars,10600000,24084,261364,237280,-10575916,-10362720,-10338636,-0.003,-0.003,-0.003,Domestic
3525,3525,26,"Jun 11, 1982",ET: The Extra-Terrestrial,10500000,435110554,792965326,357854772,424610554,347354772,782465326,0.123,0.1,0.226,Domestic
3526,3526,27,"Apr 2, 1968",2001: A Space Odyssey,10500000,59936321,71928046,11991725,49436321,1491725,61428046,0.014,0.0,0.018,Domestic
3527,3527,28,"Apr 20, 2007",In the Land of Women,10500000,11052958,14140402,3087444,552958,-7412556,3640402,0.0,-0.002,0.001,Domestic
3528,3528,29,"Dec 31, 1994",There Goes My Baby,10500000,125169,125169,0,-10374831,-10500000,-10374831,-0.003,-0.003,-0.003,Domestic
3529,3529,30,"Feb 20, 2004",The Blue Butterfly,10400000,1610194,1610194,0,-8789806,-10400000,-8789806,-0.003,-0.003,-0.003,Domestic
3530,3530,31,"Nov 2, 2001",Le Fabuleux destin d'AmÃ©lie Poulain,10350000,33201661,174201661,141000000,22851661,130650000,163851661,0.007,0.038,0.047,Domestic
3532,3532,33,"Feb 18, 1983",Lovesick,10100000,10143618,10143618,0,43618,-10100000,43618,0.0,-0.003,0.0,Domestic
3533,3533,34,"Apr 30, 2010",Housefull,10100000,1183658,18726300,17542642,-8916342,7442642,8626300,-0.003,0.002,0.002,Domestic
3534,3534,35,"Aug 24, 2007",September Dawn,10100000,1066555,1066555,0,-9033445,-10100000,-9033445,-0.003,-0.003,-0.003,Domestic
3535,3535,36,"Oct 19, 2018",Halloween,10000000,159342015,254900667,95558652,149342015,85558652,244900667,0.043,0.025,0.071,Domestic
3536,3536,37,"Dec 5, 1997",Good Will Hunting,10000000,138433435,225925989,87492554,128433435,77492554,215925989,0.037,0.022,0.062,Domestic
3537,3537,38,"Oct 22, 2004",The Grudge,10000000,110359362,187281115,76921753,100359362,66921753,177281115,0.029,0.019,0.051,Domestic
3538,3538,39,"Aug 26, 2016",Donât Breathe,10000000,89217875,158973685,69755810,79217875,59755810,148973685,0.023,0.017,0.043,Domestic
3539,3539,40,"Jun 26, 1981",Stripes,10000000,85300000,85300000,0,75300000,-10000000,75300000,0.022,-0.003,0.022,Domestic
3540,3540,41,"Oct 27, 2006",Saw III,10000000,80238724,163876815,83638091,70238724,73638091,153876815,0.02,0.021,0.044,Domestic
3541,3541,42,"Jul 1, 2016",The Purge: Election Year,10000000,79042440,118514727,39472287,69042440,29472287,108514727,0.02,0.009,0.031,Domestic
3542,3542,43,"May 18, 2018",Book Club,10000000,68566296,91113683,22547387,58566296,12547387,81113683,0.017,0.004,0.023,Domestic
3543,3543,44,"Aug 25, 2000",Bring it On,10000000,68353550,90453550,22100000,58353550,12100000,80453550,0.017,0.003,0.023,Domestic
3544,3544,45,"Jan 5, 2018",Insidious: The Last Key,10000000,67745330,167885588,100140258,57745330,90140258,157885588,0.017,0.026,0.046,Domestic
3545,3545,46,"Jan 29, 1999",She's All That,10000000,63465522,63465522,0,53465522,-10000000,53465522,0.015,-0.003,0.015,Domestic
3546,3546,47,"Oct 26, 2007",Saw IV,10000000,63300095,135759694,72459599,53300095,62459599,125759694,0.015,0.018,0.036,Domestic
3547,3547,48,"Feb 24, 2006",Madea's Family Reunion,10000000,63257940,63320521,62581,53257940,-9937419,53320521,0.015,-0.003,0.015,Domestic
3548,3548,49,"Jan 7, 2005",White Noise,10000000,56094360,92094360,36000000,46094360,26000000,82094360,0.013,0.008,0.024,Domestic
3549,3549,50,"Oct 17, 1986",The Color of Money,10000000,52293000,52293000,0,42293000,-10000000,42293000,0.012,-0.003,0.012,Domestic
3550,3550,51,"Jun 5, 2015",Insidious Chapter 3,10000000,52218558,120453155,68234597,42218558,58234597,110453155,0.012,0.017,0.032,Domestic
3551,3551,52,"Oct 2, 1992",The Mighty Ducks,10000000,50752337,50752337,0,40752337,-10000000,40752337,0.012,-0.003,0.012,Domestic
3552,3552,53,"Nov 3, 2017",Lady Bird,10000000,48958273,78610769,29652496,38958273,19652496,68610769,0.011,0.006,0.02,Domestic
3553,3553,54,"Nov 6, 2009",Precious (Based on the Novel Push by Sapphire),10000000,47566524,68722848,21156324,37566524,11156324,58722848,0.011,0.003,0.017,Domestic
3554,3554,55,"May 4, 2012",The Best Exotic Marigold Hotel,10000000,46383639,134639780,88256141,36383639,78256141,124639780,0.011,0.023,0.036,Domestic
3555,3555,56,"Jun 8, 2018",Hereditary,10000000,44069456,70133905,26064449,34069456,16064449,60133905,0.01,0.005,0.017,Domestic
3556,3556,57,"Mar 16, 2018","Love, Simon",10000000,40826341,65520633,24694292,30826341,14694292,55520633,0.009,0.004,0.016,Domestic
3557,3557,58,"Feb 17, 1989",Bill & Ted's Excellent Adventure,10000000,40485039,40485039,0,30485039,-10000000,30485039,0.009,-0.003,0.009,Domestic
3558,3558,59,"Oct 4, 1962",The Longest Day,10000000,39100000,50100000,11000000,29100000,1000000,40100000,0.008,0.0,0.012,Domestic
3559,3559,60,"Feb 16, 1996",Happy Gilmore,10000000,38623460,41004412,2380952,28623460,-7619048,31004412,0.008,-0.002,0.009,Domestic
3560,3560,61,"Oct 27, 2017",Jigsaw,10000000,38052832,102445196,64392364,28052832,54392364,92445196,0.008,0.016,0.027,Domestic
3561,3561,62,"Aug 31, 2001",Jeepers Creepers,10000000,37904175,58939035,21034860,27904175,11034860,48939035,0.008,0.003,0.014,Domestic
3562,3562,63,"Jun 28, 1985",St. Elmoâs Fire,10000000,37800000,37800000,0,27800000,-10000000,27800000,0.008,-0.003,0.008,Domestic
3563,3563,64,"Dec 11, 1968",Oliver!,10000000,37402877,37402877,0,27402877,-10000000,27402877,0.008,-0.003,0.008,Domestic
3564,3564,65,"Feb 16, 2001",Recess: School's Out,10000000,36696761,44451470,7754709,26696761,-2245291,34451470,0.008,-0.001,0.01,Domestic
3565,3565,66,"Jul 10, 1985",Mad Max Beyond Thunderdome,10000000,36230219,36230219,0,26230219,-10000000,26230219,0.008,-0.003,0.008,Domestic
3566,3566,67,"Nov 3, 1977",Peteâs Dragon,10000000,36000000,36000000,0,26000000,-10000000,26000000,0.008,-0.003,0.008,Domestic
3567,3567,68,"Jan 22, 2016",The Boy,10000000,35819556,68220952,32401396,25819556,22401396,58220952,0.007,0.006,0.017,Domestic
3568,3568,69,"Oct 4, 1985",Commando,10000000,35073978,35073978,0,25073978,-10000000,25073978,0.007,-0.003,0.007,Domestic
3569,3569,70,"May 19, 2017","Everything, Everything",10000000,34121140,61603136,27481996,24121140,17481996,51603136,0.007,0.005,0.015,Domestic
3570,3570,71,"Sep 17, 2010",Devil,10000000,33679655,63354114,29674459,23679655,19674459,53354114,0.007,0.006,0.015,Domestic
3571,3571,72,"Nov 22, 2002",Friday After Next,10000000,33253609,33526835,273226,23253609,-9726774,23526835,0.007,-0.003,0.007,Domestic
3572,3572,73,"Mar 6, 2015",The Second Best Exotic Marigold Hotel,10000000,33078266,90384306,57306040,23078266,47306040,80384306,0.007,0.014,0.023,Domestic
3573,3573,74,"Mar 22, 1985",The Last Dragon,10000000,33000000,33000000,0,23000000,-10000000,23000000,0.007,-0.003,0.007,Domestic
3574,3574,75,"Apr 28, 2017",How to Be a Latin Lover,10000000,32149404,62556228,30406824,22149404,20406824,52556228,0.006,0.006,0.015,Domestic
3575,3575,76,"Mar 6, 1992",The Lawnmower Man,10000000,32100816,32100816,0,22100816,-10000000,22100816,0.006,-0.003,0.006,Domestic
3576,3576,77,"Oct 3, 2008",Nick and Norah's Infinite Playlist,10000000,31487293,33886017,2398724,21487293,-7601276,23886017,0.006,-0.002,0.007,Domestic
3577,3577,78,"Dec 19, 2003",Calendar Girls,10000000,31011616,93074616,62063000,21011616,52063000,83074616,0.006,0.015,0.024,Domestic
3578,3578,79,"Nov 12, 1999",Dogma,10000000,30651422,43948865,13297443,20651422,3297443,33948865,0.006,0.001,0.01,Domestic
3579,3579,80,"Aug 10, 2018",Slender Man,10000000,30564825,51723644,21158819,20564825,11158819,41723644,0.006,0.003,0.012,Domestic
3580,3580,81,"Sep 20, 2002",The Banger Sisters,10000000,30306281,38067218,7760937,20306281,-2239063,28067218,0.006,-0.001,0.008,Domestic
3581,3581,82,"Dec 8, 2000",Snatch,10000000,30093107,83593107,53500000,20093107,43500000,73593107,0.006,0.013,0.021,Domestic
3582,3582,83,"May 19, 1989",Road House,10000000,30050028,30050028,0,20050028,-10000000,20050028,0.006,-0.003,0.006,Domestic
3583,3583,84,"Jul 27, 2018",Teen Titans Go! To The Movies,10000000,29790236,51620593,21830357,19790236,11830357,41620593,0.006,0.003,0.012,Domestic
3584,3584,85,"Sep 9, 2016",When the Bough Breaks,10000000,29747603,30768449,1020846,19747603,-8979154,20768449,0.006,-0.003,0.006,Domestic
3585,3585,86,"Jun 24, 1983",Twilight Zone: The Movie,10000000,29500000,29500000,0,19500000,-10000000,19500000,0.006,-0.003,0.006,Domestic
3586,3586,87,"Nov 23, 1994",A Low Down Dirty Shame,10000000,29317886,29317886,0,19317886,-10000000,19317886,0.006,-0.003,0.006,Domestic
3587,3587,88,"Aug 30, 2013",One Direction: This is Us,10000000,28873374,68541786,39668412,18873374,29668412,58541786,0.005,0.009,0.017,Domestic
3588,3588,89,"Sep 6, 2002",Swimfan,10000000,28564995,34084228,5519233,18564995,-4480767,24084228,0.005,-0.001,0.007,Domestic
3589,3589,90,"Oct 6, 2006",Employee of the Month,10000000,28444855,38364855,9920000,18444855,-80000,28364855,0.005,-0.0,0.008,Domestic
3590,3590,91,"Aug 21, 2015",Sinister 2,10000000,27740955,54104225,26363270,17740955,16363270,44104225,0.005,0.005,0.013,Domestic
3591,3591,92,"Jan 8, 2016",The Forest,10000000,26594261,40749230,14154969,16594261,4154969,30749230,0.005,0.001,0.009,Domestic
3592,3592,93,"Nov 6, 2009",The Fourth Kind,10000000,26218170,49486874,23268704,16218170,13268704,39486874,0.005,0.004,0.011,Domestic
3593,3593,94,"Mar 25, 1983",The Outsiders,10000000,25697647,25697647,0,15697647,-10000000,15697647,0.005,-0.003,0.005,Domestic
3594,3594,95,"Jun 12, 1998",Can't Hardly Wait,10000000,25358996,25358996,0,15358996,-10000000,15358996,0.004,-0.003,0.004,Domestic
3595,3595,96,"Aug 17, 2012",Sparkle,10000000,24397469,24660323,262854,14397469,-9737146,14660323,0.004,-0.003,0.004,Domestic
3596,3596,97,"Oct 14, 2016",Kevin Hart: What Now?,10000000,23591043,23591043,0,13591043,-10000000,13591043,0.004,-0.003,0.004,Domestic
3597,3597,98,"Apr 26, 2013",Mud,10000000,21590086,31556959,9966873,11590086,-33127,21556959,0.003,-0.0,0.006,Domestic
3598,3598,99,"Nov 12, 2010",Skyline,10000000,21416355,68264973,46848618,11416355,36848618,58264973,0.003,0.011,0.017,Domestic
3599,3599,100,"Dec 1, 2017",The Disaster Artist,10000000,21120616,28717667,7597051,11120616,-2402949,18717667,0.003,-0.001,0.005,Domestic
3600,3600,1,"Sep 16, 2016",Blair Witch,10000000,20777061,38985577,18208516,10777061,8208516,28985577,0.003,0.002,0.008,Domestic
3601,3601,2,"Oct 21, 1983",The Dead Zone,10000000,20766000,20766000,0,10766000,-10000000,10766000,0.003,-0.003,0.003,Domestic
3602,3602,3,"Feb 2, 2001",Valentine,10000000,20384136,20384136,0,10384136,-10000000,10384136,0.003,-0.003,0.003,Domestic
3603,3603,4,"Jun 9, 2006",A Prairie Home Companion,10000000,20342852,26716191,6373339,10342852,-3626661,16716191,0.003,-0.001,0.005,Domestic
3604,3604,5,"Feb 23, 2007",Reno 911!: Miami,10000000,20342161,21851362,1509201,10342161,-8490799,11851362,0.003,-0.002,0.003,Domestic
3605,3605,6,"Jul 24, 1998",Jane Austen's Mafia,10000000,19843795,30143795,10300000,9843795,300000,20143795,0.003,0.0,0.006,Domestic
3606,3606,7,"Oct 23, 2015",Paranormal Activity: The Ghost Dimension,10000000,18297124,77959374,59662250,8297124,49662250,67959374,0.002,0.014,0.02,Domestic
3607,3607,8,"Feb 25, 1994",Sugar Hill,10000000,18272447,18423914,151467,8272447,-9848533,8423914,0.002,-0.003,0.002,Domestic
3608,3608,9,"Jun 20, 2008",Kit Kittredge: An American Girl,10000000,17657973,17657973,0,7657973,-10000000,7657973,0.002,-0.003,0.002,Domestic
3609,3609,10,"Sep 27, 1985",Invasion U.S.A.,10000000,17536256,17536256,0,7536256,-10000000,7536256,0.002,-0.003,0.002,Domestic
3610,3610,11,"Sep 23, 2005",Roll Bounce,10000000,17380866,17433072,52206,7380866,-9947794,7433072,0.002,-0.003,0.002,Domestic
3611,3611,12,"Dec 11, 1998",Rushmore,10000000,17105219,19080435,1975216,7105219,-8024784,9080435,0.002,-0.002,0.003,Domestic
3612,3612,13,"Jan 19, 1990",Tremors,10000000,16667084,16667084,0,6667084,-10000000,6667084,0.002,-0.003,0.002,Domestic
3613,3613,14,"Jun 17, 2005",The Perfect Man,10000000,16535005,19535005,3000000,6535005,-7000000,9535005,0.002,-0.002,0.003,Domestic
3614,3614,15,"Aug 3, 1990",Mo' Better Blues,10000000,16153000,16153000,0,6153000,-10000000,6153000,0.002,-0.003,0.002,Domestic
3615,3615,16,"Jan 25, 2002",Kung Pow: Enter the Fist,10000000,16033556,17033556,1000000,6033556,-9000000,7033556,0.002,-0.003,0.002,Domestic
3616,3616,17,"Oct 7, 2016",The Birth of a Nation,10000000,15861566,16891011,1029445,5861566,-8970555,6891011,0.002,-0.003,0.002,Domestic
3617,3617,18,"May 30, 2003",Wrong Turn,10000000,15417771,28649556,13231785,5417771,3231785,18649556,0.002,0.001,0.005,Domestic
3618,3618,19,"May 16, 1980",The Long Riders,10000000,15198912,15198912,0,5198912,-10000000,5198912,0.002,-0.003,0.002,Domestic
3619,3619,20,"Mar 12, 1999",The Corruptor,10000000,15164492,15164492,0,5164492,-10000000,5164492,0.001,-0.003,0.001,Domestic
3620,3620,21,"Aug 14, 2009","The Goods: Live Hard, Sell Hard",10000000,15122676,15297318,174642,5122676,-9825358,5297318,0.001,-0.003,0.002,Domestic
3621,3621,22,"Nov 23, 2011",My Week with Marilyn,10000000,14597405,34240572,19643167,4597405,9643167,24240572,0.001,0.003,0.007,Domestic
3622,3622,23,"Dec 25, 2014",Big Eyes,10000000,14482031,27317872,12835841,4482031,2835841,17317872,0.001,0.001,0.005,Domestic
3623,3623,24,"Aug 5, 2005",Broken Flowers,10000000,13744960,40744960,27000000,3744960,17000000,30744960,0.001,0.005,0.009,Domestic
3624,3624,25,"Jun 28, 2002",Hey Arnold! The Movie,10000000,13684949,13684949,0,3684949,-10000000,3684949,0.001,-0.003,0.001,Domestic
3625,3625,26,"Dec 30, 2005",The Matador,10000000,12589255,17300838,4711583,2589255,-5288417,7300838,0.001,-0.002,0.002,Domestic
3626,3626,27,"Mar 14, 1997",Love Jones,10000000,12554569,12554569,0,2554569,-10000000,2554569,0.001,-0.003,0.001,Domestic
3627,3627,28,"Dec 19, 2000",The Gift,10000000,12008642,44567606,32558964,2008642,22558964,34567606,0.001,0.007,0.01,Domestic
3628,3628,29,"Jan 20, 2006",End of the Spear,10000000,11748661,11924041,175380,1748661,-9824620,1924041,0.001,-0.003,0.001,Domestic
3629,3629,30,"Mar 9, 2001",Get Over It,10000000,11560259,19860259,8300000,1560259,-1700000,9860259,0.0,-0.0,0.003,Domestic
3630,3630,31,"Oct 20, 2000",The Legend of Drunken Master,10000000,11546543,11546543,0,1546543,-10000000,1546543,0.0,-0.003,0.0,Domestic
3631,3631,32,"Feb 19, 1999",Office Space,10000000,10827813,12179708,1351895,827813,-8648105,2179708,0.0,-0.002,0.001,Domestic
3632,3632,33,"Jul 23, 1999",Drop Dead Gorgeous,10000000,10571408,10571408,0,571408,-10000000,571408,0.0,-0.003,0.0,Domestic
3633,3633,34,"Apr 5, 2019",The Best of Enemies,10000000,10205616,10205616,0,205616,-10000000,205616,0.0,-0.003,0.0,Domestic
3634,3634,35,"Apr 3, 1998",The Spanish Prisoner,10000000,10162034,13835130,3673096,162034,-6326904,3835130,0.0,-0.002,0.001,Domestic
3635,3635,36,"Jun 11, 1999",Le Violon rouge,10000000,10019109,10019109,0,19109,-10000000,19109,0.0,-0.003,0.0,Domestic
3636,3636,37,"Nov 25, 1998",Very Bad Things,10000000,9949470,21094974,11145504,-50530,1145504,11094974,-0.0,0.0,0.003,Domestic
3637,3637,38,"Jul 9, 2004",Sleepover,10000000,9408183,9408183,0,-591817,-10000000,-591817,-0.0,-0.003,-0.0,Domestic
3638,3638,39,"Jan 25, 2013",Movie 43,10000000,8840453,31164747,22324294,-1159547,12324294,21164747,-0.0,0.004,0.006,Domestic
3639,3639,40,"Oct 19, 2018",Can You Ever Forgive Me?,10000000,8803865,11752387,2948522,-1196135,-7051478,1752387,-0.0,-0.002,0.001,Domestic
3640,3640,41,"Oct 26, 1984",Body Double,10000000,8801940,8801940,0,-1198060,-10000000,-1198060,-0.0,-0.003,-0.0,Domestic
3641,3641,42,"May 21, 2010",MacGruber,10000000,8525600,8629895,104295,-1474400,-9895705,-1370105,-0.0,-0.003,-0.0,Domestic
3642,3642,43,"Jul 18, 2003",Dirty Pretty Things,10000000,8112414,14156753,6044339,-1887586,-3955661,4156753,-0.001,-0.001,0.001,Domestic
3643,3643,44,"Mar 14, 2014",Bad Words,10000000,7779614,7843145,63531,-2220386,-9936469,-2156855,-0.001,-0.003,-0.001,Domestic
3644,3644,45,"Mar 27, 2015",While We're Young,10000000,7582065,17503828,9921763,-2417935,-78237,7503828,-0.001,-0.0,0.002,Domestic
3645,3645,46,"Feb 1, 2008",Over Her Dead Body,10000000,7570127,21596074,14025947,-2429873,4025947,11596074,-0.001,0.001,0.003,Domestic
3646,3646,47,"Oct 24, 2001",Bones,10000000,7316658,8378853,1062195,-2683342,-8937805,-1621147,-0.001,-0.003,-0.0,Domestic
3647,3647,48,"Jun 22, 2012",Seeking a Friend for the End of the World,10000000,7078738,11766959,4688221,-2921262,-5311779,1766959,-0.001,-0.002,0.001,Domestic
3648,3648,49,"Dec 1, 2006",Turistas,10000000,7027762,14321070,7293308,-2972238,-2706692,4321070,-0.001,-0.001,0.001,Domestic
3649,3649,50,"Nov 11, 2016",Shut In,10000000,6900335,11360665,4460330,-3099665,-5539670,1360665,-0.001,-0.002,0.0,Domestic
3650,3650,51,"Feb 11, 2011",Cedar Rapids,10000000,6861102,7862131,1001029,-3138898,-8998971,-2137869,-0.001,-0.003,-0.001,Domestic
3651,3651,52,"Nov 30, 2012",The Collection,10000000,6810754,8890094,2079340,-3189246,-7920660,-1109906,-0.001,-0.002,-0.0,Domestic
3652,3652,53,"Oct 30, 1998",American History X,10000000,6719864,6719864,0,-3280136,-10000000,-3280136,-0.001,-0.003,-0.001,Domestic
3653,3653,54,"Jan 16, 2004",Teacher's Pet: The Movie,10000000,6491969,6491969,0,-3508031,-10000000,-3508031,-0.001,-0.003,-0.001,Domestic
3654,3654,55,"Oct 15, 1999",The Straight Story,10000000,6197866,6197866,0,-3802134,-10000000,-3802134,-0.001,-0.003,-0.001,Domestic
3655,3655,56,"May 3, 2002",Deuces Wild,10000000,6044618,6244618,200000,-3955382,-9800000,-3755382,-0.001,-0.003,-0.001,Domestic
3656,3656,57,"Mar 28, 2008","Run, Fatboy, Run",10000000,6003262,33512260,27508998,-3996738,17508998,23512260,-0.001,0.005,0.007,Domestic
3657,3657,58,"Dec 18, 1981",Heartbeeps,10000000,6000000,6000000,0,-4000000,-10000000,-4000000,-0.001,-0.003,-0.001,Domestic
3658,3658,59,"Mar 20, 2015",Danny Collins,10000000,5637066,8465845,2828779,-4362934,-7171221,-1534155,-0.001,-0.002,-0.0,Domestic
3659,3659,60,"Jul 4, 2007",Rescue Dawn,10000000,5490423,7037886,1547463,-4509577,-8452537,-2962114,-0.001,-0.002,-0.001,Domestic
3660,3660,61,"Apr 5, 2000",Black and White,10000000,5241315,5241315,0,-4758685,-10000000,-4758685,-0.001,-0.003,-0.001,Domestic
3661,3661,62,"Jun 18, 2010",Io sono lâamore,10000000,5005465,15121528,10116063,-4994535,116063,5121528,-0.001,0.0,0.001,Domestic
3662,3662,63,"Oct 26, 2001",On the Line,10000000,4365455,4690802,325347,-5634545,-9674653,-5309198,-0.002,-0.003,-0.002,Domestic
3663,3663,64,"Jun 15, 2018",Gotti,10000000,4286367,6089100,1802733,-5713633,-8197267,-3910900,-0.002,-0.002,-0.001,Domestic
3664,3664,65,"Mar 16, 2012","Jeff, Who Lives at Home",10000000,4269426,4708127,438701,-5730574,-9561299,-5291873,-0.002,-0.003,-0.002,Domestic
3665,3665,66,"Sep 30, 2016",Denial,10000000,4073448,9263940,5190492,-5926552,-4809508,-736060,-0.002,-0.001,-0.0,Domestic
3666,3666,67,"Apr 29, 2016",The Man Who Knew Infinity,10000000,3877922,12382122,8504200,-6122078,-1495800,2382122,-0.002,-0.0,0.001,Domestic
3667,3667,68,"Oct 14, 2016",Max Steel,10000000,3818664,4563080,744416,-6181336,-9255584,-5436920,-0.002,-0.003,-0.002,Domestic
3668,3668,69,"Mar 30, 2016",Everybody Wants Some,10000000,3400278,5437126,2036848,-6599722,-7963152,-4562874,-0.002,-0.002,-0.001,Domestic
3669,3669,70,"Oct 4, 1996",Crash,10000000,3357324,3357324,0,-6642676,-10000000,-6642676,-0.002,-0.003,-0.002,Domestic
3670,3670,71,"Oct 12, 2012",Atlas Shrugged: Part II,10000000,3336053,3336053,0,-6663947,-10000000,-6663947,-0.002,-0.003,-0.002,Domestic
3671,3671,72,"Feb 4, 1994",Romeo Is Bleeding,10000000,3275585,3275585,0,-6724415,-10000000,-6724415,-0.002,-0.003,-0.002,Domestic
3672,3672,73,"Oct 8, 1999",The Limey,10000000,3193102,6030047,2836945,-6806898,-7163055,-3969953,-0.002,-0.002,-0.001,Domestic
3673,3673,74,"Nov 14, 2014",Rosewater,10000000,3128941,3185717,56776,-6871059,-9943224,-6814283,-0.002,-0.003,-0.002,Domestic
3674,3674,75,"Dec 22, 2000",The House of Mirth,10000000,3041803,5149131,2107328,-6958197,-7892672,-4850869,-0.002,-0.002,-0.001,Domestic
3675,3675,76,"May 1, 1987",Malone,10000000,3000000,3000000,0,-7000000,-10000000,-7000000,-0.002,-0.003,-0.002,Domestic
3676,3676,77,"Jun 2, 2006",Peaceful Warrior,10000000,2893666,3260179,366513,-7106334,-9633487,-6739821,-0.002,-0.003,-0.002,Domestic
3677,3677,78,"Sep 9, 2011",Bucky Larson: Born to Be a Star,10000000,2529395,2529395,0,-7470605,-10000000,-7470605,-0.002,-0.003,-0.002,Domestic
3678,3678,79,"Oct 6, 2000",Bamboozled,10000000,2185266,2373937,188671,-7814734,-9811329,-7626063,-0.002,-0.003,-0.002,Domestic
3679,3679,80,"Feb 11, 1981",Sphinx,10000000,2000000,11400000,9400000,-8000000,-600000,1400000,-0.002,-0.0,0.0,Domestic
3680,3680,81,"May 3, 2013",The Iceman,10000000,1930282,3623609,1693327,-8069718,-8306673,-6376391,-0.002,-0.002,-0.002,Domestic
3681,3681,82,"Jun 5, 2015",Testament of Youth,10000000,1822250,6646669,4824419,-8177750,-5175581,-3353331,-0.002,-0.001,-0.001,Domestic
3682,3682,83,"Apr 21, 2017",Free Fire,10000000,1799322,3793739,1994417,-8200678,-8005583,-6206261,-0.002,-0.002,-0.002,Domestic
3683,3683,84,"Jun 24, 2011",A Better Life,10000000,1759252,1884251,124999,-8240748,-9875001,-8115749,-0.002,-0.003,-0.002,Domestic
3684,3684,85,"Feb 28, 2003",Spider,10000000,1641788,1641788,0,-8358212,-10000000,-8358212,-0.002,-0.003,-0.002,Domestic
3685,3685,86,"Feb 4, 2000",Gun Shy,10000000,1638202,1638202,0,-8361798,-10000000,-8361798,-0.002,-0.003,-0.002,Domestic
3686,3686,87,"Dec 27, 2002",Nicholas Nickleby,10000000,1562800,1562800,0,-8437200,-10000000,-8437200,-0.002,-0.003,-0.002,Domestic
3687,3687,88,"Apr 16, 2010",The Joneses,10000000,1475746,3541565,2065819,-8524254,-7934181,-6458435,-0.002,-0.002,-0.002,Domestic
3688,3688,89,"Jun 23, 2006",Krrish,10000000,1430721,32430721,31000000,-8569279,21000000,22430721,-0.002,0.006,0.006,Domestic
3689,3689,90,"Jul 27, 2012",Killer Joe,10000000,1291645,4659110,3367465,-8708355,-6632535,-5340890,-0.003,-0.002,-0.002,Domestic
3690,3690,91,"Jun 2, 2017",Churchill,10000000,1279681,7582196,6302515,-8720319,-3697485,-2417804,-0.003,-0.001,-0.001,Domestic
3691,3691,92,"Aug 11, 2000",Cecil B. Demented,10000000,1276984,1953882,676898,-8723016,-9323102,-8046118,-0.003,-0.003,-0.002,Domestic
3692,3692,93,"Mar 21, 2014",50 to 1,10000000,1069454,1069454,0,-8930546,-10000000,-8930546,-0.003,-0.003,-0.003,Domestic
3693,3693,94,"May 2, 2003",Owning Mahowny,10000000,1011054,1011054,0,-8988946,-10000000,-8988946,-0.003,-0.003,-0.003,Domestic
3694,3694,95,"Oct 19, 2007",The Ten Commandments,10000000,952820,1051907,99087,-9047180,-9900913,-8948093,-0.003,-0.003,-0.003,Domestic
3695,3695,96,"Sep 7, 2007",The Brothers Solomon,10000000,900926,900926,0,-9099074,-10000000,-9099074,-0.003,-0.003,-0.003,Domestic
3696,3696,97,"Apr 4, 2008",My Blueberry Nights,10000000,866778,22198996,21332218,-9133222,11332218,12198996,-0.003,0.003,0.004,Domestic
3697,3697,98,"Aug 6, 1999",Illuminata,10000000,836641,836641,0,-9163359,-10000000,-9163359,-0.003,-0.003,-0.003,Domestic
3698,3698,99,"Jan 20, 2012",Coriolanus,10000000,749641,2179623,1429982,-9250359,-8570018,-7820377,-0.003,-0.002,-0.002,Domestic
3699,3699,100,"Oct 4, 2013",Parkland,10000000,641439,1616353,974914,-9358561,-9025086,-8383647,-0.003,-0.003,-0.002,Domestic
3700,3700,1,"Oct 11, 2002",Swept Away,10000000,598645,598645,0,-9401355,-10000000,-9401355,-0.003,-0.003,-0.003,Domestic
3701,3701,2,"May 23, 2008","War, Inc.",10000000,580862,1299855,718993,-9419138,-9281007,-8700145,-0.003,-0.003,-0.003,Domestic
3702,3702,3,"Apr 2, 2004",Shaolin Soccer,10000000,488872,42776032,42287160,-9511128,32287160,32776032,-0.003,0.009,0.009,Domestic
3703,3703,4,"Aug 27, 2004",The Brown Bunny,10000000,366301,630427,264126,-9633699,-9735874,-9369573,-0.003,-0.003,-0.003,Domestic
3704,3704,5,"Sep 14, 2007",King of California,10000000,268461,1165102,896641,-9731539,-9103359,-8834898,-0.003,-0.003,-0.003,Domestic
3705,3705,6,"Oct 24, 1997",Rien ne va plus,10000000,245359,5045359,4800000,-9754641,-5200000,-4954641,-0.003,-0.002,-0.001,Domestic
3706,3706,7,"Aug 14, 1998",La femme de chambre du Titanic,10000000,244465,244465,0,-9755535,-10000000,-9755535,-0.003,-0.003,-0.003,Domestic
3707,3707,8,"Dec 17, 2004",Imaginary Heroes,10000000,228524,290875,62351,-9771476,-9937649,-9709125,-0.003,-0.003,-0.003,Domestic
3708,3708,9,"Oct 26, 2001",High Heels and Low Lifes,10000000,226792,226792,0,-9773208,-10000000,-9773208,-0.003,-0.003,-0.003,Domestic
3709,3709,10,"Aug 21, 2009",World's Greatest Dad,10000000,221805,295750,73945,-9778195,-9926055,-9704250,-0.003,-0.003,-0.003,Domestic
3710,3710,11,"May 3, 2013","Cinco de Mayo, La Batalla",10000000,173472,173472,0,-9826528,-10000000,-9826528,-0.003,-0.003,-0.003,Domestic
3711,3711,12,"Oct 29, 2010",Welcome to the Rileys,10000000,152857,355919,203062,-9847143,-9796938,-9644081,-0.003,-0.003,-0.003,Domestic
3712,3712,13,"Sep 9, 2016",Kicks,10000000,150191,150191,0,-9849809,-10000000,-9849809,-0.003,-0.003,-0.003,Domestic
3713,3713,14,"Oct 9, 2009",Free Style,10000000,141108,721108,580000,-9858892,-9420000,-9278892,-0.003,-0.003,-0.003,Domestic
3714,3714,15,"Jun 1, 2012",High School,10000000,139034,248133,109099,-9860966,-9890901,-9751867,-0.003,-0.003,-0.003,Domestic
3715,3715,16,"May 18, 2007",Severance,10000000,137221,5950002,5812781,-9862779,-4187219,-4049998,-0.003,-0.001,-0.001,Domestic
3716,3716,17,"Jul 14, 2006",Edmond,10000000,131719,241719,110000,-9868281,-9890000,-9758281,-0.003,-0.003,-0.003,Domestic
3717,3717,18,"Apr 23, 2010",Joheunnom nabbeunnom isanghannom,10000000,128486,42226657,42098171,-9871514,32098171,32226657,-0.003,0.009,0.009,Domestic
3718,3718,19,"Aug 26, 1994",Police Academy 7: Mission to Moscow,10000000,126247,126247,0,-9873753,-10000000,-9873753,-0.003,-0.003,-0.003,Domestic
3719,3719,20,"Feb 19, 2010",Blood Done Sign My Name,10000000,109383,109383,0,-9890617,-10000000,-9890617,-0.003,-0.003,-0.003,Domestic
3720,3720,21,"Feb 19, 2010",The Good Guy,10000000,100688,106460,5772,-9899312,-9994228,-9893540,-0.003,-0.003,-0.003,Domestic
3721,3721,22,"Oct 23, 2009",Motherhood,10000000,93388,723388,630000,-9906612,-9370000,-9276612,-0.003,-0.003,-0.003,Domestic
3722,3722,23,"Oct 15, 2004",Eulogy,10000000,70527,70527,0,-9929473,-10000000,-9929473,-0.003,-0.003,-0.003,Domestic
3723,3723,24,"Nov 7, 2014",Elsa & Fred,10000000,67657,197901,130244,-9932343,-9869756,-9802099,-0.003,-0.003,-0.003,Domestic
3724,3724,25,"Feb 27, 1998",An Alan Smithee Film: Burn Hollywood Burn,10000000,45779,45779,0,-9954221,-10000000,-9954221,-0.003,-0.003,-0.003,Domestic
3725,3725,26,"Aug 28, 2009",The Open Road,10000000,19716,19716,0,-9980284,-10000000,-9980284,-0.003,-0.003,-0.003,Domestic
3726,3726,27,"Jul 10, 2015",Strangerland,10000000,17472,161097,143625,-9982528,-9856375,-9838903,-0.003,-0.003,-0.003,Domestic
3727,3727,28,"Mar 13, 2015",Hross i oss,10000000,11894,11894,0,-9988106,-10000000,-9988106,-0.003,-0.003,-0.003,Domestic
3728,3728,29,"Oct 16, 2009",Janky Promoters,10000000,9069,9069,0,-9990931,-10000000,-9990931,-0.003,-0.003,-0.003,Domestic
3729,3729,30,"Dec 21, 2007",Blonde Ambition,10000000,6422,1537479,1531057,-9993578,-8468943,-8462521,-0.003,-0.002,-0.002,Domestic
3730,3730,31,"Aug 6, 2010",The Oxford Murders,10000000,4803,17704131,17699328,-9995197,7699328,7704131,-0.003,0.002,0.002,Domestic
3731,3731,32,"Dec 26, 2014",Barbecue,10000000,388,247565,247177,-9999612,-9752823,-9752435,-0.003,-0.003,-0.003,Domestic
3747,3747,48,"Sep 22, 2017",Friend Request,9900000,3759078,11310835,7551757,-6140922,-2348243,1410835,-0.002,-0.001,0.0,Domestic
3748,3748,49,"Apr 30, 2010",Gunless,9900000,458054,458054,0,-9441946,-9900000,-9441946,-0.003,-0.003,-0.003,Domestic
3749,3749,50,"Apr 3, 2009",Adventureland,9800000,16044025,17553055,1509030,6244025,-8290970,7753055,0.002,-0.002,0.002,Domestic
3750,3750,51,"Dec 19, 2012",Amour,9700000,6738954,36787044,30048090,-2961046,20348090,27087044,-0.001,0.006,0.008,Domestic
3751,3751,52,"Apr 28, 2006",The Lost City,9600000,2484186,5256839,2772653,-7115814,-6827347,-4343161,-0.002,-0.002,-0.001,Domestic
3752,3752,53,"Jan 12, 2000",Next Friday,9500000,57176582,59675307,2498725,47676582,-7001275,50175307,0.014,-0.002,0.014,Domestic
3753,3753,54,"Jun 13, 1967",You Only Live Twice,9500000,43100000,111600000,68500000,33600000,59000000,102100000,0.01,0.017,0.029,Domestic
3754,3754,55,"Jun 10, 1988",Poltergeist III,9500000,14114000,14114000,0,4614000,-9500000,4614000,0.001,-0.003,0.001,Domestic
3755,3755,56,"Dec 21, 2016",Dangal,9500000,12391761,294654618,282262857,2891761,272762857,285154618,0.001,0.079,0.082,Domestic
3756,3756,57,"Mar 19, 2010",The Runaways,9500000,3573673,5278632,1704959,-5926327,-7795041,-4221368,-0.002,-0.002,-0.001,Domestic
3757,3757,58,"Oct 30, 2009",Gentlemen Broncos,9500000,115155,119955,4800,-9384845,-9495200,-9380045,-0.003,-0.003,-0.003,Domestic
3759,3759,60,"Nov 7, 1963",It's a Mad Mad Mad Mad World,9400000,46300000,60000000,13700000,36900000,4300000,50600000,0.011,0.001,0.015,Domestic
3760,3760,61,"Nov 3, 2006",Volver,9400000,12899867,87226613,74326746,3499867,64926746,77826613,0.001,0.019,0.022,Domestic
3761,3761,62,"Nov 11, 2011",Melancholia,9400000,3030848,21817298,18786450,-6369152,9386450,12417298,-0.002,0.003,0.004,Domestic
3762,3762,63,"Aug 7, 1981",Heavy Metal,9300000,19571091,19571091,0,10271091,-9300000,10271091,0.003,-0.003,0.003,Domestic
3763,3763,64,"Nov 13, 2012",Jab Tak Hai Jaan,9200000,3047539,5806666,2759127,-6152461,-6440873,-3393334,-0.002,-0.002,-0.001,Domestic
3764,3764,65,"Dec 29, 1995",Richard III,9200000,2684904,4199334,1514430,-6515096,-7685570,-5000666,-0.002,-0.002,-0.001,Domestic
3765,3765,66,"May 21, 2010",Kites,9200000,1685269,17155193,15469924,-7514731,6269924,7955193,-0.002,0.002,0.002,Domestic
3768,3768,69,"Oct 17, 2003",The Texas Chainsaw Massacre,9000000,80571655,107967319,27395664,71571655,18395664,98967319,0.021,0.005,0.029,Domestic
3769,3769,70,"Jan 1, 1971",Fiddler on the Roof,9000000,80500000,80500000,0,71500000,-9000000,71500000,0.021,-0.003,0.021,Domestic
3770,3770,71,"Jul 18, 2014",The Purge: Anarchy,9000000,71562550,111534881,39972331,62562550,30972331,102534881,0.018,0.009,0.03,Domestic
3771,3771,72,"Dec 29, 1965",Thunderball,9000000,63600000,141200000,77600000,54600000,68600000,132200000,0.016,0.02,0.038,Domestic
3772,3772,73,"May 30, 2008",The Strangers,9000000,52597610,83051676,30454066,43597610,21454066,74051676,0.013,0.006,0.021,Domestic
3773,3773,74,"Nov 6, 1996",Set It Off,9000000,36049108,36049108,0,27049108,-9000000,27049108,0.008,-0.003,0.008,Domestic
3774,3774,75,"Oct 21, 2016",Ouija: Origin of Evil,9000000,35144505,81831866,46687361,26144505,37687361,72831866,0.008,0.011,0.021,Domestic
3775,3775,76,"Oct 22, 1999",The Best Man,9000000,34102780,34572780,470000,25102780,-8530000,25572780,0.007,-0.002,0.007,Domestic
3776,3776,77,"Nov 9, 1988",Child's Play,9000000,33244684,44196684,10952000,24244684,1952000,35196684,0.007,0.001,0.01,Domestic
3777,3777,78,"Feb 13, 2019",Happy Death Day 2U,9000000,28051045,64179495,36128450,19051045,27128450,55179495,0.006,0.008,0.016,Domestic
3778,3778,79,"Jun 22, 2007",Sicko,9000000,24538513,36535837,11997324,15538513,2997324,27535837,0.004,0.001,0.008,Domestic
3779,3779,80,"Jan 30, 2015",Black or White,9000000,21571189,21971021,399832,12571189,-8600168,12971021,0.004,-0.002,0.004,Domestic
3780,3780,81,"Jan 21, 2000",Down to You,9000000,20035310,20035310,0,11035310,-9000000,11035310,0.003,-0.003,0.003,Domestic
3781,3781,82,"Jul 30, 2004",Harold & Kumar Go to White Castle,9000000,18225165,18225165,0,9225165,-9000000,9225165,0.003,-0.003,0.003,Domestic
3782,3782,83,"Oct 13, 2000",The Contender,9000000,17804273,17804273,0,8804273,-9000000,8804273,0.003,-0.003,0.003,Domestic
3783,3783,84,"Feb 18, 2000",Boiler Room,9000000,16963963,28773637,11809674,7963963,2809674,19773637,0.002,0.001,0.006,Domestic
3784,3784,85,"Dec 5, 2006",Black Christmas,9000000,16235738,16235738,0,7235738,-9000000,7235738,0.002,-0.003,0.002,Domestic
3785,3785,86,"Nov 18, 2016",The Edge of Seventeen,9000000,14431633,19096003,4664370,5431633,-4335630,10096003,0.002,-0.001,0.003,Domestic
3786,3786,87,"Dec 2, 2016",Jackie,9000000,13960394,36588512,22628118,4960394,13628118,27588512,0.001,0.004,0.008,Domestic
3787,3787,88,"Mar 16, 1984",The Ice Pirates,9000000,13075390,13075390,0,4075390,-9000000,4075390,0.001,-0.003,0.001,Domestic
3788,3788,89,"May 14, 2004",Breakin' All the Rules,9000000,12232382,12512317,279935,3232382,-8720065,3512317,0.001,-0.003,0.001,Domestic
3789,3789,90,"Aug 12, 2011",Glee: The 3D Concert Movie,9000000,11862398,17462398,5600000,2862398,-3400000,8462398,0.001,-0.001,0.002,Domestic
3790,3790,91,"Nov 8, 1989",Henry V,9000000,10161099,10176701,15602,1161099,-8984398,1176701,0.0,-0.003,0.0,Domestic
3791,3791,92,"Nov 4, 2016",Loving,9000000,7710234,12898064,5187830,-1289766,-3812170,3898064,-0.0,-0.001,0.001,Domestic
3792,3792,93,"Nov 28, 2007",The Savages,9000000,6623082,10642023,4018941,-2376918,-4981059,1642023,-0.001,-0.001,0.0,Domestic
3793,3793,94,"Apr 16, 2003",Chasing Papi,9000000,6126237,12657377,6531140,-2873763,-2468860,3657377,-0.001,-0.001,0.001,Domestic
3794,3794,95,"Sep 8, 2000",The Way of the Gun,9000000,6047856,13061935,7014079,-2952144,-1985921,4061935,-0.001,-0.001,0.001,Domestic
3795,3795,96,"May 17, 2019",The Sun is Also a Star,9000000,4950029,5434029,484000,-4049971,-8516000,-3565971,-0.001,-0.002,-0.001,Domestic
3796,3796,97,"Aug 22, 2008",Hamlet 2,9000000,4886216,4934104,47888,-4113784,-8952112,-4065896,-0.001,-0.003,-0.001,Domestic
3797,3797,98,"Sep 13, 2002",Igby Goes Down,9000000,4777465,4777465,0,-4222535,-9000000,-4222535,-0.001,-0.003,-0.001,Domestic
3798,3798,99,"Apr 29, 1994",PCU,9000000,4333569,4333569,0,-4666431,-9000000,-4666431,-0.001,-0.003,-0.001,Domestic
3799,3799,100,"Mar 9, 2007",The Ultimate Gift,9000000,3438735,3438735,0,-5561265,-9000000,-5561265,-0.002,-0.003,-0.002,Domestic
3800,3800,1,"Sep 29, 2000",Beautiful,9000000,3134509,3134509,0,-5865491,-9000000,-5865491,-0.002,-0.003,-0.002,Domestic
3801,3801,2,"Jun 1, 2007",Gracie,9000000,2956339,3922043,965704,-6043661,-8034296,-5077957,-0.002,-0.002,-0.001,Domestic
3802,3802,3,"Mar 22, 2013",The Sapphires,9000000,2450867,20395040,17944173,-6549133,8944173,11395040,-0.002,0.003,0.003,Domestic
3803,3803,4,"Aug 26, 2016",Greater,9000000,2000093,2000093,0,-6999907,-9000000,-6999907,-0.002,-0.003,-0.002,Domestic
3804,3804,5,"Dec 25, 2018",Destroyer,9000000,1533324,3681096,2147772,-7466676,-6852228,-5318904,-0.002,-0.002,-0.002,Domestic
3805,3805,6,"Aug 18, 2006",Trust the Man,9000000,1530535,2548378,1017843,-7469465,-7982157,-6451622,-0.002,-0.002,-0.002,Domestic
3806,3806,7,"Aug 26, 2005",Undiscovered,9000000,1069318,1069318,0,-7930682,-9000000,-7930682,-0.002,-0.003,-0.002,Domestic
3807,3807,8,"Nov 6, 1998",Velvet Goldmine,9000000,1053788,4313644,3259856,-7946212,-5740144,-4686356,-0.002,-0.002,-0.001,Domestic
3808,3808,9,"May 14, 2010",Princess Kaiulani,9000000,883887,883887,0,-8116113,-9000000,-8116113,-0.002,-0.003,-0.002,Domestic
3809,3809,10,"Jun 20, 2003",The Legend of Suriyothai,9000000,454255,454255,0,-8545745,-9000000,-8545745,-0.002,-0.003,-0.002,Domestic
3810,3810,11,"Oct 25, 1991",Due occhi diabolici,9000000,349618,349618,0,-8650382,-9000000,-8650382,-0.002,-0.003,-0.002,Domestic
3811,3811,12,"May 6, 2016",Dheepan,9000000,248795,7704357,7455562,-8751205,-1544438,-1295643,-0.003,-0.0,-0.0,Domestic
3812,3812,13,"Jan 22, 2010",La fille du RER,9000000,208163,208163,0,-8791837,-9000000,-8791837,-0.003,-0.003,-0.003,Domestic
3813,3813,14,"Oct 25, 2002",All or Nothing,9000000,184255,184255,0,-8815745,-9000000,-8815745,-0.003,-0.003,-0.003,Domestic
3814,3814,15,"Feb 5, 2010",Red Riding: The Year of Our Lord 1974,9000000,148826,148826,0,-8851174,-9000000,-8851174,-0.003,-0.003,-0.003,Domestic
3815,3815,16,"Jul 31, 2009",Flammen og Citronen,9000000,148089,1635241,1487152,-8851911,-7512848,-7364759,-0.003,-0.002,-0.002,Domestic
3816,3816,17,"Apr 2, 2010",Leaves of Grass,9000000,70066,85527,15461,-8929934,-8984539,-8914473,-0.003,-0.003,-0.003,Domestic
3817,3817,18,"Nov 22, 2006",Opal Dream,9000000,14443,14443,0,-8985557,-9000000,-8985557,-0.003,-0.003,-0.003,Domestic
3818,3818,19,"May 8, 2015",Skin Trade,9000000,1242,1242,0,-8998758,-9000000,-8998758,-0.003,-0.003,-0.003,Domestic
3823,3823,24,"May 18, 2012",Polisse,8900000,176988,22744132,22567144,-8723012,13667144,13844132,-0.003,0.004,0.004,Domestic
3824,3824,25,"Nov 13, 2015",Heist,8900000,50136,3324131,3273995,-8849864,-5626005,-5575869,-0.003,-0.002,-0.002,Domestic
3826,3826,27,"Sep 26, 1986",Crocodile Dundee,8800000,174803506,328203506,153400000,166003506,144600000,319403506,0.048,0.042,0.092,Domestic
3828,3828,29,"Nov 30, 2007",Awake,8600000,14373825,32968648,18594823,5773825,9994823,24368648,0.002,0.003,0.007,Domestic
3829,3829,30,"Nov 18, 2016",Manchester by the Sea,8500000,47695371,77733867,30038496,39195371,21538496,69233867,0.011,0.006,0.02,Domestic
3830,3830,31,"Dec 16, 2009",Crazy Heart,8500000,39471742,47417251,7945509,30971742,-554491,38917251,0.009,-0.0,0.011,Domestic
3831,3831,32,"Aug 15, 2008",Star Wars: The Clone Wars,8500000,35161554,68695443,33533889,26661554,25033889,60195443,0.008,0.007,0.017,Domestic
3832,3832,33,"Feb 20, 2015",The DUFF,8500000,34030343,43528634,9498291,25530343,998291,35028634,0.007,0.0,0.01,Domestic
3833,3833,34,"Oct 31, 2014",Nightcrawler,8500000,32381218,50334418,17953200,23881218,9453200,41834418,0.007,0.003,0.012,Domestic
3834,3834,35,"Jul 31, 1987",The Lost Boys,8500000,32222567,32222567,0,23722567,-8500000,23722567,0.007,-0.002,0.007,Domestic
3835,3835,36,"Jan 16, 2019",Dragon Ball Super: Broly,8500000,30376755,122747755,92371000,21876755,83871000,114247755,0.006,0.024,0.033,Domestic
3836,3836,37,"Nov 7, 1979",The Rose,8500000,29200000,29200000,0,20700000,-8500000,20700000,0.006,-0.002,0.006,Domestic
3837,3837,38,"Sep 27, 2013",Baggage Claim,8500000,21569509,22885836,1316327,13069509,-7183673,14385836,0.004,-0.002,0.004,Domestic
3838,3838,39,"Oct 7, 2016",Middle School: The Worst Years of My Life,8500000,20007149,23311293,3304144,11507149,-5195856,14811293,0.003,-0.002,0.004,Domestic
3839,3839,40,"Mar 1, 1991",Haakon Haakonsen,8500000,15024232,15024232,0,6524232,-8500000,6524232,0.002,-0.002,0.002,Domestic
3840,3840,41,"Apr 23, 1999",Election,8500000,14943582,17202854,2259272,6443582,-6240728,8702854,0.002,-0.002,0.003,Domestic
3841,3841,42,"Mar 9, 2007",The Namesake,8500000,13610521,20288774,6678253,5110521,-1821747,11788774,0.001,-0.001,0.003,Domestic
3842,3842,43,"Oct 18, 2013",All is Lost,8500000,6263670,10386814,4123144,-2236330,-4376856,1886814,-0.001,-0.001,0.001,Domestic
3843,3843,44,"Feb 27, 2004",Club Dread,8500000,5001655,7573551,2571896,-3498345,-5928104,-926449,-0.001,-0.002,-0.0,Domestic
3844,3844,45,"Sep 17, 2009",Bright Star,8500000,4444637,17220091,12775454,-4055363,4275454,8720091,-0.001,0.001,0.003,Domestic
3845,3845,46,"Sep 21, 2001",Glitter,8500000,4273372,4273372,0,-4226628,-8500000,-4226628,-0.001,-0.002,-0.001,Domestic
3846,3846,47,"Jun 13, 2014",The Rover,8500000,1109199,3180252,2071053,-7390801,-6428947,-5319748,-0.002,-0.002,-0.002,Domestic
3847,3847,48,"Apr 23, 2004",Silmido,8500000,298347,30298347,30000000,-8201653,21500000,21798347,-0.002,0.006,0.006,Domestic
3848,3848,49,"Nov 7, 2008",Repo! The Genetic Opera,8500000,140244,198883,58639,-8359756,-8441361,-8301117,-0.002,-0.002,-0.002,Domestic
3851,3851,52,"Feb 12, 2010",My Name is Khan,8470000,4046336,42355526,38309190,-4423664,29839190,33885526,-0.001,0.009,0.01,Domestic
3852,3852,53,"Mar 23, 2007",Namastey London,8400000,1207007,6831069,5624062,-7192993,-2775938,-1568931,-0.002,-0.001,-0.0,Domestic
3853,3853,54,"May 31, 2013",Yeh Jawaani Hai Deewani,8300000,3827466,50827466,47000000,-4472534,38700000,42527466,-0.001,0.011,0.012,Domestic
3854,3854,55,"Jun 4, 1999",Limbo,8300000,2160710,2598224,437514,-6139290,-7862486,-5701776,-0.002,-0.002,-0.002,Domestic
3855,3855,56,"Mar 16, 2007",The Wind That Shakes the Barley,8300000,1829142,25670174,23841032,-6470858,15541032,17370174,-0.002,0.004,0.005,Domestic
3856,3856,57,"Apr 16, 2010",The City of Your Final Destination,8300000,493296,1353296,860000,-7806704,-7440000,-6946704,-0.002,-0.002,-0.002,Domestic
3858,3858,59,"Feb 23, 1951",Quo Vadis?,8250000,30000000,30028513,28513,21750000,-8221487,21778513,0.006,-0.002,0.006,Domestic
3859,3859,60,"Mar 2, 1965",The Sound of Music,8200000,163214286,286214286,123000000,155014286,114800000,278014286,0.045,0.033,0.08,Domestic
3860,3860,61,"Feb 17, 1984",Footloose,8200000,80000000,80000000,0,71800000,-8200000,71800000,0.021,-0.002,0.021,Domestic
3861,3861,62,"Oct 14, 1994",Pulp Fiction,8000000,107928762,212928762,105000000,99928762,97000000,204928762,0.029,0.028,0.059,Domestic
3862,3862,63,"Jun 22, 1984",The Karate Kid,8000000,90815558,90815558,0,82815558,-8000000,82815558,0.024,-0.002,0.024,Domestic
3863,3863,64,"Jun 22, 1979",The Muppet Movie,8000000,76657000,76657000,0,68657000,-8000000,68657000,0.02,-0.002,0.02,Domestic
3864,3864,65,"Mar 9, 1984",Splash,8000000,62599495,62599495,0,54599495,-8000000,54599495,0.016,-0.002,0.016,Domestic
3865,3865,66,"Jul 26, 2006",Little Miss Sunshine,8000000,59891098,100642353,40751255,51891098,32751255,92642353,0.015,0.009,0.027,Domestic
3866,3866,67,"Sep 17, 2010",Easy A,8000000,58401464,76200721,17799257,50401464,9799257,68200721,0.015,0.003,0.02,Domestic
3867,3867,68,"Aug 8, 1986",Stand by Me,8000000,52287414,52287414,0,44287414,-8000000,44287414,0.013,-0.002,0.013,Domestic
3868,3868,69,"Jun 27, 2003",28 Days Laterâ¦,8000000,45064915,82955633,37890718,37064915,29890718,74955633,0.011,0.009,0.022,Domestic
3869,3869,70,"Jun 22, 1979",Escape from Alcatraz,8000000,43000000,43000000,0,35000000,-8000000,35000000,0.01,-0.002,0.01,Domestic
3870,3870,71,"Jan 30, 2004",You Got Served,8000000,40066497,50811858,10745361,32066497,2745361,42811858,0.009,0.001,0.012,Domestic
3871,3871,72,"May 3, 2019",The Intruder,8000000,35095904,36005871,909967,27095904,-7090033,28005871,0.008,-0.002,0.008,Domestic
3872,3872,73,"Sep 30, 2011",50/50,8000000,35016118,41334735,6318617,27016118,-1681383,33334735,0.008,-0.0,0.01,Domestic
3873,3873,74,"Apr 3, 1996",A Thin Line Between Love & Hate,8000000,34873513,34873513,0,26873513,-8000000,26873513,0.008,-0.002,0.008,Domestic
3874,3874,75,"Sep 2, 2015",A Walk in the Woods,8000000,29499394,37119358,7619964,21499394,-380036,29119358,0.006,-0.0,0.008,Domestic
3875,3875,76,"Oct 11, 2002",Brown Sugar,8000000,27362712,28315272,952560,19362712,-7047440,20315272,0.006,-0.002,0.006,Domestic
3876,3876,77,"Mar 13, 1992",Howards End,8000000,26124872,26317943,193071,18124872,-7806929,18317943,0.005,-0.002,0.005,Domestic
3877,3877,78,"Jan 31, 2014",That Awkward Moment,8000000,26068955,53068955,27000000,18068955,19000000,45068955,0.005,0.005,0.013,Domestic
3878,3878,79,"Mar 21, 2008",Shutter,8000000,25928550,47782426,21853876,17928550,13853876,39782426,0.005,0.004,0.011,Domestic
3879,3879,80,"Dec 25, 1981",Modern Problems,8000000,24474312,24474312,0,16474312,-8000000,16474312,0.005,-0.002,0.005,Domestic
3880,3880,81,"Dec 18, 1969",On Her Majesty's Secret Service,8000000,22800000,82000000,59200000,14800000,51200000,74000000,0.004,0.015,0.021,Domestic
3881,3881,82,"May 7, 1993",Much Ado About Nothing,8000000,22549338,22549338,0,14549338,-8000000,14549338,0.004,-0.002,0.004,Domestic
3882,3882,83,"Apr 10, 1992",The Player,8000000,21706101,28876702,7170601,13706101,-829399,20876702,0.004,-0.0,0.006,Domestic
3883,3883,84,"Nov 10, 1982",Creepshow,8000000,20036244,20036244,0,12036244,-8000000,12036244,0.003,-0.002,0.003,Domestic
3884,3884,85,"Apr 28, 2006",Akeelah and the Bee,8000000,18848430,18959424,110994,10848430,-7889006,10959424,0.003,-0.002,0.003,Domestic
3885,3885,86,"Oct 14, 1994",Wes Craven's New Nightmare,8000000,18090181,18090181,0,10090181,-8000000,10090181,0.003,-0.002,0.003,Domestic
3886,3886,87,"Oct 1, 1999",Drive Me Crazy,8000000,17843379,22591451,4748072,9843379,-3251928,14591451,0.003,-0.001,0.004,Domestic
3887,3887,88,"Sep 18, 2013",Enough Said,8000000,17550872,25621449,8070577,9550872,70577,17621449,0.003,0.0,0.005,Domestic
3888,3888,89,"Jan 16, 1998",Half Baked,8000000,17394881,17394881,0,9394881,-8000000,9394881,0.003,-0.002,0.003,Domestic
3889,3889,90,"Jan 30, 2009",New in Town,8000000,16734283,29937909,13203626,8734283,5203626,21937909,0.003,0.002,0.006,Domestic
3890,3890,91,"Jun 27, 2014",Begin Again,8000000,16170632,68838736,52668104,8170632,44668104,60838736,0.002,0.013,0.018,Domestic
3891,3891,92,"Apr 14, 2000",American Psycho,8000000,15070285,34270285,19200000,7070285,11200000,26270285,0.002,0.003,0.008,Domestic
3892,3892,93,"May 19, 2006",See No Evil,8000000,15032800,18828036,3795236,7032800,-4204764,10828036,0.002,-0.001,0.003,Domestic
3893,3893,94,"Aug 7, 2002",The Good Girl,8000000,14018296,16585503,2567207,6018296,-5432793,8585503,0.002,-0.002,0.002,Domestic
3894,3894,95,"Aug 4, 2006","Bon Cop, Bad Cop",8000000,12671300,12740705,69405,4671300,-7930595,4740705,0.001,-0.002,0.001,Domestic
3895,3895,96,"Oct 30, 2009",The Boondock Saints 2: All Saints Day,8000000,10273187,10629320,356133,2273187,-7643867,2629320,0.001,-0.002,0.001,Domestic
3896,3896,97,"Apr 29, 2011",Prom,8000000,10130219,10763183,632964,2130219,-7367036,2763183,0.001,-0.002,0.001,Domestic
3897,3897,98,"Apr 22, 1994",The Inkwell,8000000,8864699,8864699,0,864699,-8000000,864699,0.0,-0.002,0.0,Domestic
3898,3898,99,"Dec 29, 2000",Shadow of the Vampire,8000000,8279017,8279017,0,279017,-8000000,279017,0.0,-0.002,0.0,Domestic
3899,3899,100,"Jun 12, 2015",Me and Earl and the Dying Girl,8000000,6758416,9266180,2507764,-1241584,-5492236,1266180,-0.0,-0.002,0.0,Domestic
3900,3900,1,"Oct 8, 2010",It's Kind of a Funny Story,8000000,6363628,6632950,269322,-1636372,-7730678,-1367050,-0.0,-0.002,-0.0,Domestic
3901,3901,2,"May 3, 1996",The Pallbearer,8000000,5656388,5656388,0,-2343612,-8000000,-2343612,-0.001,-0.002,-0.001,Domestic
3902,3902,3,"Sep 22, 2000",Woman on Top,8000000,5018450,10192613,5174163,-2981550,-2825837,2192613,-0.001,-0.001,0.001,Domestic
3903,3903,4,"May 12, 2000",Held Up,8000000,4714090,4714090,0,-3285910,-8000000,-3285910,-0.001,-0.002,-0.001,Domestic
3904,3904,5,"Sep 2, 2016",Morgan,8000000,3915251,7298786,3383535,-4084749,-4616465,-701214,-0.001,-0.001,-0.0,Domestic
3905,3905,6,"Dec 30, 2015",Anomalisa,8000000,3759286,5706168,1946882,-4240714,-6053118,-2293832,-0.001,-0.002,-0.001,Domestic
3906,3906,7,"Dec 23, 2005",CachÃ©,8000000,3647381,19891331,16243950,-4352619,8243950,11891331,-0.001,0.002,0.003,Domestic
3907,3907,8,"Dec 29, 2010",Another Year,8000000,3205706,20005613,16799907,-4794294,8799907,12005613,-0.001,0.003,0.003,Domestic
3908,3908,9,"Sep 20, 2002",8 femmes,8000000,3076425,42376425,39300000,-4923575,31300000,34376425,-0.001,0.009,0.01,Domestic
3909,3909,10,"Jan 1, 1991",Showdown in Little Tokyo,8000000,2275557,2275557,0,-5724443,-8000000,-5724443,-0.002,-0.002,-0.002,Domestic
3910,3910,11,"Sep 25, 1998",Clay Pigeons,8000000,1793359,2256606,463247,-6206641,-7536753,-5743394,-0.002,-0.002,-0.002,Domestic
3911,3911,12,"Dec 20, 2013",Le passÃ©,8000000,1335672,15752575,14416903,-6664328,6416903,7752575,-0.002,0.002,0.002,Domestic
3912,3912,13,"Apr 6, 2018",Lean on Pete,8000000,1163056,2455027,1291971,-6836944,-6708029,-5544973,-0.002,-0.002,-0.002,Domestic
3913,3913,14,"Nov 19, 2010",Made in Dagenham,8000000,1095369,15644196,14548827,-6904631,6548827,7644196,-0.002,0.002,0.002,Domestic
3914,3914,15,"Jun 6, 2008",And When Did You Last See Your Father?,8000000,1071240,2476491,1405251,-6928760,-6594749,-5523509,-0.002,-0.002,-0.002,Domestic
3915,3915,16,"May 3, 2019",El Chicano,8000000,700261,700261,0,-7299739,-8000000,-7299739,-0.002,-0.002,-0.002,Domestic
3916,3916,17,"Mar 5, 2010",The Secret of Kells,8000000,690290,3582797,2892507,-7309710,-5107493,-4417203,-0.002,-0.001,-0.001,Domestic
3917,3917,18,"Jan 24, 1997",Prefontaine,8000000,590817,590817,0,-7409183,-8000000,-7409183,-0.002,-0.002,-0.002,Domestic
3918,3918,19,"Oct 28, 1983",The Wicked Lady,8000000,589308,589308,0,-7410692,-8000000,-7410692,-0.002,-0.002,-0.002,Domestic
3919,3919,20,"May 5, 2006",Down in the Valley,8000000,568932,973443,404511,-7431068,-7595489,-7026557,-0.002,-0.002,-0.002,Domestic
3920,3920,21,"May 11, 2007",Brooklyn Rules,8000000,458232,458232,0,-7541768,-8000000,-7541768,-0.002,-0.002,-0.002,Domestic
3921,3921,22,"Oct 24, 2003",The Singing Detective,8000000,336456,524747,188291,-7663544,-7811709,-7475253,-0.002,-0.002,-0.002,Domestic
3922,3922,23,"Jun 15, 2007",Fido,8000000,298110,456814,158704,-7701890,-7841296,-7543186,-0.002,-0.002,-0.002,Domestic
3923,3923,24,"Oct 26, 2018",London Fields,8000000,252676,433732,181056,-7747324,-7818944,-7566268,-0.002,-0.002,-0.002,Domestic
3924,3924,25,"Sep 16, 2011",Restless,8000000,163753,2772511,2608758,-7836247,-5391242,-5227489,-0.002,-0.002,-0.002,Domestic
3925,3925,26,"Jun 12, 1998",The Land Girls,8000000,146083,146083,0,-7853917,-8000000,-7853917,-0.002,-0.002,-0.002,Domestic
3926,3926,27,"May 18, 2007",The Wendell Baker Story,8000000,127188,127188,0,-7872812,-8000000,-7872812,-0.002,-0.002,-0.002,Domestic
3927,3927,28,"Oct 29, 2010",Wild Target,8000000,109338,5314194,5204856,-7890662,-2795144,-2685806,-0.002,-0.001,-0.001,Domestic
3928,3928,29,"Apr 18, 2008",Pathology,8000000,109045,3270974,3161929,-7890955,-4838071,-4729026,-0.002,-0.001,-0.001,Domestic
3929,3929,30,"Oct 5, 2012",Wuthering Heights,8000000,100915,2721534,2620619,-7899085,-5379381,-5278466,-0.002,-0.002,-0.002,Domestic
3930,3930,31,"Nov 18, 2016",A Street Cat Named Bob,8000000,82703,17382693,17299990,-7917297,9299990,9382693,-0.002,0.003,0.003,Domestic
3931,3931,32,"Aug 18, 2006",10th & Wolf,8000000,54702,143782,89080,-7945298,-7910920,-7856218,-0.002,-0.002,-0.002,Domestic
3932,3932,33,"May 22, 2015",Aloft,8000000,53086,237688,184602,-7946914,-7815398,-7762312,-0.002,-0.002,-0.002,Domestic
3933,3933,34,"Oct 14, 2011",Fireflies in the Garden,8000000,36884,3587191,3550307,-7963116,-4449693,-4412809,-0.002,-0.001,-0.001,Domestic
3934,3934,35,"Sep 23, 2005",Dear Wendy,8000000,23106,446438,423332,-7976894,-7576668,-7553562,-0.002,-0.002,-0.002,Domestic
3935,3935,36,"Apr 27, 2001",Akira,8000000,19585,19585,0,-7980415,-8000000,-7980415,-0.002,-0.002,-0.002,Domestic
3948,3948,49,"Jan 27, 2006",Imagine Me & You,7900000,672243,3129471,2457228,-7227757,-5442772,-4770529,-0.002,-0.002,-0.001,Domestic
3949,3949,50,"Jul 4, 2003",Swimming Pool,7800000,10130108,24021282,13891174,2330108,6091174,16221282,0.001,0.002,0.005,Domestic
3950,3950,51,"Feb 23, 1990",The Blood of Heroes,7700000,882290,882290,0,-6817710,-7700000,-6817710,-0.002,-0.002,-0.002,Domestic
3951,3951,52,"Apr 14, 2015",Loin des hommes,7700000,5336,1080428,1075092,-7694664,-6624908,-6619572,-0.002,-0.002,-0.002,Domestic
3952,3952,53,"Dec 13, 1989",Driving Miss Daisy,7500000,106593296,106593296,0,99093296,-7500000,99093296,0.029,-0.002,0.029,Domestic
3953,3953,54,"Sep 26, 1997",Soul Food,7500000,43492389,43492389,0,35992389,-7500000,35992389,0.01,-0.002,0.01,Domestic
3954,3954,55,"Jul 17, 2009",(500) Days of Summer,7500000,32425665,34439060,2013395,24925665,-5486605,26939060,0.007,-0.002,0.008,Domestic
3955,3955,56,"Feb 23, 1996",Rumble in the Bronx,7500000,32281907,36238752,3956845,24781907,-3543155,28738752,0.007,-0.001,0.008,Domestic
3956,3956,57,"Mar 17, 2006",Thank You For Smoking,7500000,24793509,40016662,15223153,17293509,7723153,32516662,0.005,0.002,0.009,Domestic
3957,3957,58,"Jun 8, 2007",Hostel: Part II,7500000,17544812,33606409,16061597,10044812,8561597,26106409,0.003,0.002,0.008,Domestic
3958,3958,59,"Oct 9, 2009",An Education,7500000,12574914,29652736,17077822,5074914,9577822,22152736,0.001,0.003,0.006,Domestic
3959,3959,60,"Sep 4, 2009",Extract,7500000,10823158,10849158,26000,3323158,-7474000,3349158,0.001,-0.002,0.001,Domestic
3960,3960,61,"Dec 20, 2002",Narc,7500000,10465659,11843260,1377601,2965659,-6122399,4343260,0.001,-0.002,0.001,Domestic
3961,3961,62,"Oct 21, 2005",Shopgirl,7500000,10284523,11758418,1473895,2784523,-6026105,4258418,0.001,-0.002,0.001,Domestic
3962,3962,63,"Mar 9, 1984",The Hotel New Hampshire,7500000,5142858,5142858,0,-2357142,-7500000,-2357142,-0.001,-0.002,-0.001,Domestic
3963,3963,64,"Mar 8, 2002",Men with Brooms,7500000,4239767,4239767,0,-3260233,-7500000,-3260233,-0.001,-0.002,-0.001,Domestic
3964,3964,65,"Feb 22, 2008",Witless Protection,7500000,4151836,4151836,0,-3348164,-7500000,-3348164,-0.001,-0.002,-0.001,Domestic
3965,3965,66,"Nov 24, 2004",The Work and the Glory,7500000,3347647,3347647,0,-4152353,-7500000,-4152353,-0.001,-0.002,-0.001,Domestic
3966,3966,67,"Dec 21, 2011",Albert Nobbs,7500000,3014696,8539003,5524307,-4485304,-1975693,1039003,-0.001,-0.001,0.0,Domestic
3967,3967,68,"Jun 24, 2016",The Neon Demon,7500000,1333124,3559803,2226679,-6166876,-5273321,-3940197,-0.002,-0.002,-0.001,Domestic
3968,3968,69,"Jul 24, 2003",Masked and Anonymous,7500000,533344,555335,21991,-6966656,-7478009,-6944665,-0.002,-0.002,-0.002,Domestic
3969,3969,70,"Apr 13, 2018",Borg vs McEnroe,7500000,231346,3257922,3026576,-7268654,-4473424,-4242078,-0.002,-0.001,-0.001,Domestic
3970,3970,71,"Sep 13, 2002",Betty Fisher et autres histoires,7500000,206400,206400,0,-7293600,-7500000,-7293600,-0.002,-0.002,-0.002,Domestic
3971,3971,72,"Aug 6, 2004",Code 46,7500000,197148,1788324,1591176,-7302852,-5908824,-5711676,-0.002,-0.002,-0.002,Domestic
3976,3976,77,"Jan 13, 2017",The Bye Bye Man,7400000,22395806,31187727,8791921,14995806,1391921,23787727,0.004,0.0,0.007,Domestic
3977,3977,78,"Apr 27, 2007",Ta Ra Rum Pum,7400000,872643,9443864,8571221,-6527357,1171221,2043864,-0.002,0.0,0.001,Domestic
3978,3978,79,"May 6, 2005",Crash,7303082,55334418,101173038,45838620,48031336,38535538,93869956,0.014,0.011,0.027,Domestic
3979,3979,80,"Dec 25, 2007",Persepolis,7300000,4443403,25397187,20953784,-2856597,13653784,18097187,-0.001,0.004,0.005,Domestic
3980,3980,81,"Apr 30, 2010",Harry Brown,7300000,1818681,12023606,10204925,-5481319,2904925,4723606,-0.002,0.001,0.001,Domestic
3982,3982,83,"Dec 17, 1971",Diamonds Are Forever,7200000,43800000,116000000,72200000,36600000,65000000,108800000,0.011,0.019,0.031,Domestic
3983,3983,84,"Oct 15, 1999",The Omega Code,7200000,12610552,12678312,67760,5410552,-7132240,5478312,0.002,-0.002,0.002,Domestic
3984,3984,85,"Sep 16, 2011",3,7200000,59774,295492,235718,-7140226,-6964282,-6904508,-0.002,-0.002,-0.002,Domestic
3985,3985,86,"Dec 5, 2007",Juno,7000000,143495265,231450102,87954837,136495265,80954837,224450102,0.039,0.023,0.065,Domestic
3986,3986,87,"Mar 15, 1972",The Godfather,7000000,134966411,268500000,133533589,127966411,126533589,261500000,0.037,0.037,0.076,Domestic
3987,3987,88,"Jun 29, 2012",Magic Mike,7000000,113721571,170549753,56828182,106721571,49828182,163549753,0.031,0.014,0.047,Domestic
3988,3988,89,"Apr 15, 1983",Flashdance,7000000,90463574,201463574,111000000,83463574,104000000,194463574,0.024,0.03,0.056,Domestic
3989,3989,90,"Mar 16, 2018",I Can Only Imagine,7000000,83482352,85604221,2121869,76482352,-4878131,78604221,0.022,-0.001,0.023,Domestic
3990,3990,91,"Mar 15, 2019",Five Feet Apart,7000000,45729221,80504421,34775200,38729221,27775200,73504421,0.011,0.008,0.021,Domestic
3991,3991,92,"Nov 12, 1993",The Piano,7000000,40157856,40168957,11101,33157856,-6988899,33168957,0.01,-0.002,0.01,Domestic
3992,3992,93,"May 6, 2011",Jumping the Broom,7000000,37295394,38158601,863207,30295394,-6136793,31158601,0.009,-0.002,0.009,Domestic
3993,3993,94,"Jun 27, 1973",Live and Let Die,7000000,35400000,161800000,126400000,28400000,119400000,154800000,0.008,0.034,0.045,Domestic
3994,3994,95,"Jan 12, 2000",My Dog Skip,7000000,34099640,35795319,1695679,27099640,-5304321,28795319,0.008,-0.002,0.008,Domestic
3995,3995,96,"Jan 24, 2003",Darkness Falls,7000000,32539681,47289758,14750077,25539681,7750077,40289758,0.007,0.002,0.012,Domestic
3996,3996,97,"Feb 14, 2008","Definitely, Maybe",7000000,32241649,55617866,23376217,25241649,16376217,48617866,0.007,0.005,0.014,Domestic
3997,3997,98,"Oct 7, 2005","Good Night, and Good Luck",7000000,31501218,56586901,25085683,24501218,18085683,49586901,0.007,0.005,0.014,Domestic
3998,3998,99,"Sep 30, 2005",Capote,7000000,28750530,49924079,21173549,21750530,14173549,42924079,0.006,0.004,0.012,Domestic
3999,3999,100,"Mar 29, 1974",The Great Gatsby,7000000,26533200,26533200,0,19533200,-7000000,19533200,0.006,-0.002,0.006,Domestic
4000,4000,1,"Aug 4, 2006",The Descent,7000000,26024456,57051053,31026597,19024456,24026597,50051053,0.005,0.007,0.014,Domestic
4001,4001,2,"Aug 25, 1995",Desperado,7000000,25532388,25532388,0,18532388,-7000000,18532388,0.005,-0.002,0.005,Domestic
4002,4002,3,"Jan 1, 1976",Logan's Run,7000000,25000000,25000000,0,18000000,-7000000,18000000,0.005,-0.002,0.005,Domestic
4003,4003,4,"Apr 7, 2017",Gifted,7000000,24801212,36964656,12163444,17801212,5163444,29964656,0.005,0.001,0.009,Domestic
4004,4004,5,"Mar 8, 1996",Fargo,7000000,24567751,51204567,26636816,17567751,19636816,44204567,0.005,0.006,0.013,Domestic
4005,4005,6,"Apr 11, 2001",Kingdom Come,7000000,23247539,23393939,146400,16247539,-6853600,16393939,0.005,-0.002,0.005,Domestic
4006,4006,7,"Dec 20, 1974",The Man with the Golden Gun,7000000,21000000,97600000,76600000,14000000,69600000,90600000,0.004,0.02,0.026,Domestic
4007,4007,8,"Feb 12, 1988",Action Jackson,7000000,20257000,20257000,0,13257000,-7000000,13257000,0.004,-0.002,0.004,Domestic
4008,4008,9,"May 13, 1983",Breathless,7000000,19910002,19910002,0,12910002,-7000000,12910002,0.004,-0.002,0.004,Domestic
4009,4009,10,"May 5, 2000",Michael Jordan to the MAX,7000000,18642318,18642318,0,11642318,-7000000,11642318,0.003,-0.002,0.003,Domestic
4010,4010,11,"Jun 19, 2015",Dope,7000000,17506470,18190831,684361,10506470,-6315639,11190831,0.003,-0.002,0.003,Domestic
4011,4011,12,"Jul 22, 2005",The Devil's Rejects,7000000,17044981,20940428,3895447,10044981,-3104553,13940428,0.003,-0.001,0.004,Domestic
4012,4012,13,"May 24, 2019",BrightBurn,7000000,16794432,27989498,11195066,9794432,4195066,20989498,0.003,0.001,0.006,Domestic
4013,4013,14,"Jan 17, 2014",Devil's Due,7000000,15821461,36146087,20324626,8821461,13324626,29146087,0.003,0.004,0.008,Domestic
4014,4014,15,"Mar 22, 1996",Flirting with Disaster,7000000,14853474,16149180,1295706,7853474,-5704294,9149180,0.002,-0.002,0.003,Domestic
4015,4015,16,"Nov 14, 2014",Beyond the Lights,7000000,14618727,14618727,0,7618727,-7000000,7618727,0.002,-0.002,0.002,Domestic
4016,4016,17,"Jul 31, 1992",Buffy the Vampire Slayer,7000000,14231669,14231669,0,7231669,-7000000,7231669,0.002,-0.002,0.002,Domestic
4017,4017,18,"Aug 25, 1999",In Too Deep,7000000,14026509,15471229,1444720,7026509,-5555280,8471229,0.002,-0.002,0.002,Domestic
4018,4018,19,"Apr 11, 2003","House of 1,000 Corpses",7000000,12634962,17005466,4370504,5634962,-2629496,10005466,0.002,-0.001,0.003,Domestic
4019,4019,20,"Oct 11, 1985",Silver Bullet,7000000,10803211,10803211,0,3803211,-7000000,3803211,0.001,-0.002,0.001,Domestic
4020,4020,21,"Oct 10, 2003",House of the Dead,7000000,10199354,13860078,3660724,3199354,-3339276,6860078,0.001,-0.001,0.002,Domestic
4021,4021,22,"Oct 2, 2009",A Serious Man,7000000,9228788,30360570,21131782,2228788,14131782,23360570,0.001,0.004,0.007,Domestic
4022,4022,23,"Jul 30, 2010",Get Low,7000000,9176933,10828305,1651372,2176933,-5348628,3828305,0.001,-0.002,0.001,Domestic
4023,4023,24,"Dec 11, 2009",A Single Man,7000000,9176000,28142379,18966379,2176000,11966379,21142379,0.001,0.003,0.006,Domestic
4024,4024,25,"Jan 10, 1991",Warlock,7000000,8824553,8824553,0,1824553,-7000000,1824553,0.001,-0.002,0.001,Domestic
4025,4025,26,"Aug 12, 1988",The Last Temptation of Christ,7000000,8373585,8373585,0,1373585,-7000000,1373585,0.0,-0.002,0.0,Domestic
4026,4026,27,"Jun 18, 2010",Cyrus,7000000,7468936,10062896,2593960,468936,-4406040,3062896,0.0,-0.001,0.001,Domestic
4027,4027,28,"Sep 1, 1999",Outside Providence,7000000,7309628,7824358,514730,309628,-6485270,824358,0.0,-0.002,0.0,Domestic
4028,4028,29,"Feb 11, 2005",Bride & Prejudice,7000000,6601079,25269040,18667961,-398921,11667961,18269040,-0.0,0.003,0.005,Domestic
4029,4029,30,"Nov 29, 2002",Rabbit-Proof Fence,7000000,6199600,16866928,10667328,-800400,3667328,9866928,-0.0,0.001,0.003,Domestic
4030,4030,31,"Jul 27, 2007",Who's Your Caddy?,7000000,5694308,5694308,0,-1305692,-7000000,-1305692,-0.0,-0.002,-0.0,Domestic
4031,4031,32,"May 1, 1992",Split Second,7000000,5430822,5430822,0,-1569178,-7000000,-1569178,-0.0,-0.002,-0.0,Domestic
4032,4032,33,"Mar 8, 1991",Nikita,7000000,5017971,5017971,0,-1982029,-7000000,-1982029,-0.001,-0.002,-0.001,Domestic
4033,4033,34,"Dec 14, 2001",The Other Side of Heaven,7000000,4720371,4720371,0,-2279629,-7000000,-2279629,-0.001,-0.002,-0.001,Domestic
4034,4034,35,"Sep 28, 1990",Dark Angel,7000000,4372561,4372561,0,-2627439,-7000000,-2627439,-0.001,-0.002,-0.001,Domestic
4035,4035,36,"Jun 27, 1986",American Anthem,7000000,3571624,3571624,0,-3428376,-7000000,-3428376,-0.001,-0.002,-0.001,Domestic
4036,4036,37,"Nov 12, 2004",Veer-Zaara,7000000,2938532,7017859,4079327,-4061468,-2920673,17859,-0.001,-0.001,0.0,Domestic
4037,4037,38,"May 2, 2008",Redbelt,7000000,2344847,2667084,322237,-4655153,-6677763,-4332916,-0.001,-0.002,-0.001,Domestic
4038,4038,39,"Aug 27, 1999",A Dog of Flanders,7000000,2165637,2165637,0,-4834363,-7000000,-4834363,-0.001,-0.002,-0.001,Domestic
4039,4039,40,"Oct 18, 2002",Auto Focus,7000000,2062066,2703821,641755,-4937934,-6358245,-4296179,-0.001,-0.002,-0.001,Domestic
4040,4040,41,"Oct 21, 2011",The Mighty Macs,7000000,1891936,1891936,0,-5108064,-7000000,-5108064,-0.001,-0.002,-0.001,Domestic
4041,4041,42,"Dec 22, 2010",Somewhere,7000000,1785645,17023121,15237476,-5214355,8237476,10023121,-0.002,0.002,0.003,Domestic
4042,4042,43,"Jan 13, 2012",We Need to Talk About Kevin,7000000,1738692,10765283,9026591,-5261308,2026591,3765283,-0.002,0.001,0.001,Domestic
4043,4043,44,"Feb 2, 2007",Factory Girl,7000000,1661464,1661464,0,-5338536,-7000000,-5338536,-0.002,-0.002,-0.002,Domestic
4044,4044,45,"Nov 15, 2013",The Christmas Candle,7000000,1632000,1933829,301829,-5368000,-6698171,-5066171,-0.002,-0.002,-0.001,Domestic
4045,4045,46,"Sep 25, 2009",I Hope They Serve Beer in Hell,7000000,1429299,1429453,154,-5570701,-6999846,-5570547,-0.002,-0.002,-0.002,Domestic
4046,4046,47,"Apr 8, 1983",Losin' It,7000000,1246141,1246141,0,-5753859,-7000000,-5753859,-0.002,-0.002,-0.002,Domestic
4047,4047,48,"May 7, 2010",Mother and Child,7000000,1110509,6537179,5426670,-5889491,-1573330,-462821,-0.002,-0.0,-0.0,Domestic
4048,4048,49,"Aug 5, 1977",March or Die,7000000,1000000,1000000,0,-6000000,-7000000,-6000000,-0.002,-0.002,-0.002,Domestic
4049,4049,50,"Jul 12, 1996",Les Visiteurs,7000000,659000,98754000,98095000,-6341000,91095000,91754000,-0.002,0.026,0.026,Domestic
4050,4050,51,"Oct 2, 2015",Freeheld,7000000,546201,1732228,1186027,-6453799,-5813973,-5267772,-0.002,-0.002,-0.002,Domestic
4051,4051,52,"Apr 2, 2014",Dom Hemingway,7000000,523511,1857458,1333947,-6476489,-5666053,-5142542,-0.002,-0.002,-0.001,Domestic
4052,4052,53,"Jul 30, 2010",The Extra Man,7000000,453377,492108,38731,-6546623,-6961269,-6507892,-0.002,-0.002,-0.002,Domestic
4053,4053,54,"May 13, 2011",Hesher,7000000,382946,382946,0,-6617054,-7000000,-6617054,-0.002,-0.002,-0.002,Domestic
4054,4054,55,"Mar 13, 1998",Chairman of the Board,7000000,306715,306715,0,-6693285,-7000000,-6693285,-0.002,-0.002,-0.002,Domestic
4055,4055,56,"Feb 14, 2003",Gerry,7000000,254683,719699,465016,-6745317,-6534984,-6280301,-0.002,-0.002,-0.002,Domestic
4056,4056,57,"May 12, 2006",Wah-Wah,7000000,234750,463039,228289,-6765250,-6771711,-6536961,-0.002,-0.002,-0.002,Domestic
4057,4057,58,"Jun 13, 2003",The Heart of Me,7000000,196067,196067,0,-6803933,-7000000,-6803933,-0.002,-0.002,-0.002,Domestic
4058,4058,59,"Mar 26, 2010",Ca$h,7000000,46488,46488,0,-6953512,-7000000,-6953512,-0.002,-0.002,-0.002,Domestic
4059,4059,60,"Jan 30, 2015",Trudno byt bogom,7000000,31443,41038,9595,-6968557,-6990405,-6958962,-0.002,-0.002,-0.002,Domestic
4060,4060,61,"Jan 21, 2000",The Boondock Saints,7000000,30471,411874,381403,-6969529,-6618597,-6588126,-0.002,-0.002,-0.002,Domestic
4071,4071,72,"Jun 28, 1985",Pale Rider,6900000,41410568,41410568,0,34510568,-6900000,34510568,0.01,-0.002,0.01,Domestic
4072,4072,73,"Sep 21, 2012",House at the End of the Street,6900000,31611916,44103982,12492066,24711916,5592066,37203982,0.007,0.002,0.011,Domestic
4073,4073,74,"Sep 24, 1993",Dazed and Confused,6900000,7950889,7950889,0,1050889,-6900000,1050889,0.0,-0.002,0.0,Domestic
4075,4075,76,"Sep 17, 2010",Incendies,6800000,6857096,16038343,9181247,57096,2381247,9238343,0.0,0.001,0.003,Domestic
4076,4076,77,"Aug 11, 2000",AimÃ©e & Jaguar,6800000,927107,927107,0,-5872893,-6800000,-5872893,-0.002,-0.002,-0.002,Domestic
4077,4077,78,"Aug 5, 2005",The Chumscrubber,6800000,49526,49526,0,-6750474,-6800000,-6750474,-0.002,-0.002,-0.002,Domestic
4078,4078,79,"Apr 9, 2004",Shade,6800000,25032,9533964,9508932,-6774968,2708932,2733964,-0.002,0.001,0.001,Domestic
4079,4079,80,"Sep 10, 2010",Bran Nue Dae,6750000,113568,6812530,6698962,-6636432,-51038,62530,-0.002,-0.0,0.0,Domestic
4080,4080,81,"Sep 3, 2004","Remember Me, My Love",6700000,223878,223878,0,-6476122,-6700000,-6476122,-0.002,-0.002,-0.002,Domestic
4081,4081,82,"May 21, 2010",Perrierâs Bounty,6600000,828,828,0,-6599172,-6600000,-6599172,-0.002,-0.002,-0.002,Domestic
4082,4082,83,"Sep 19, 2008",Tropa de Elite,6537890,8744,14319195,14310451,-6529146,7772561,7781305,-0.002,0.002,0.002,Domestic
4083,4083,84,"Oct 3, 2014",Annabelle,6500000,84273813,256862920,172589107,77773813,166089107,250362920,0.022,0.048,0.072,Domestic
4084,4084,85,"Feb 1, 2008",Hannah Montana/Miley Cyrus: Best of Both Worlds Concert Tour,6500000,65281781,70712099,5430318,58781781,-1069682,64212099,0.017,-0.0,0.019,Domestic
4085,4085,86,"Jul 12, 1991",Boyz n the Hood,6500000,56190094,56215095,25001,49690094,-6474999,49715095,0.014,-0.002,0.014,Domestic
4086,4086,87,"Jul 24, 1987",La Bamba,6500000,54215416,54215416,0,47715416,-6500000,47715416,0.014,-0.002,0.014,Domestic
4087,4087,88,"May 22, 1981",The Four Seasons,6500000,42488161,42488161,0,35988161,-6500000,35988161,0.01,-0.002,0.01,Domestic
4088,4088,89,"Jan 1, 1980",Dressed to Kill,6500000,31899000,31899000,0,25399000,-6500000,25399000,0.007,-0.002,0.007,Domestic
4089,4089,90,"Apr 2, 1993",The Adventures of Huck Finn,6500000,24103594,24103594,0,17603594,-6500000,17603594,0.005,-0.002,0.005,Domestic
4090,4090,91,"Apr 9, 1999",Go!,6500000,16875273,28383441,11508168,10375273,5008168,21883441,0.003,0.001,0.006,Domestic
4091,4091,92,"Apr 7, 2006",Friends with Money,6500000,13368437,18110152,4741715,6868437,-1758285,11610152,0.002,-0.001,0.003,Domestic
4092,4092,93,"Jan 1, 1971",The Andromeda Strain,6500000,12376563,12376563,0,5876563,-6500000,5876563,0.002,-0.002,0.002,Domestic
4093,4093,94,"Oct 22, 1999",Bats,6500000,10155691,10155691,0,3655691,-6500000,3655691,0.001,-0.002,0.001,Domestic
4094,4094,95,"Oct 20, 2017",Same Kind of Different as Me,6500000,6423605,6423605,0,-76395,-6500000,-76395,-0.0,-0.002,-0.0,Domestic
4095,4095,96,"Mar 7, 2003",Nowhere in Africa,6500000,6173485,6173485,0,-326515,-6500000,-326515,-0.0,-0.002,-0.0,Domestic
4096,4096,97,"Dec 2, 2011",Shame,6500000,4002293,20412841,16410548,-2497707,9910548,13912841,-0.001,0.003,0.004,Domestic
4097,4097,98,"May 13, 2005",Layer Cake,6500000,2339957,11745931,9405974,-4160043,2905974,5245931,-0.001,0.001,0.002,Domestic
4098,4098,99,"May 31, 2013",The East,6500000,2274649,3027956,753307,-4225351,-5746693,-3472044,-0.001,-0.002,-0.001,Domestic
4099,4099,100,"Oct 21, 2005",The Work and the Glory: American Zion,6500000,2025032,2025032,0,-4474968,-6500000,-4474968,-0.001,-0.002,-0.001,Domestic
4100,4100,1,"Nov 13, 2009",The Messenger,6500000,1109660,1744952,635292,-5390340,-5864708,-4755048,-0.002,-0.002,-0.001,Domestic
4101,4101,2,"Jul 23, 2004",A Home at the End of the World,6500000,1029017,1033810,4793,-5470983,-6495207,-5466190,-0.002,-0.002,-0.002,Domestic
4102,4102,3,"Aug 17, 2001",Aberdeen,6500000,64148,64148,0,-6435852,-6500000,-6435852,-0.002,-0.002,-0.002,Domestic
4104,4104,5,"Oct 26, 1984",The Terminator,6400000,38019031,78019031,40000000,31619031,33600000,71619031,0.009,0.01,0.021,Domestic
4105,4105,6,"Feb 27, 2004","Good Bye, Lenin!",6400000,4063859,79384539,75320680,-2336141,68920680,72984539,-0.001,0.02,0.021,Domestic
4106,4106,7,"Oct 10, 2007",Control,6400000,871577,8902141,8030564,-5528423,1630564,2502141,-0.002,0.0,0.001,Domestic
4107,4107,8,"Oct 9, 2009",The Damned United,6400000,449865,4199874,3750009,-5950135,-2649991,-2200126,-0.002,-0.001,-0.001,Domestic
4108,4108,9,"Feb 22, 2008",Die FÃ¤lscher,6250000,5488570,20199663,14711093,-761430,8461093,13949663,-0.0,0.002,0.004,Domestic
4109,4109,10,"Jan 15, 1988",Return of the Living Dead Part II,6200000,9205924,9205924,0,3005924,-6200000,3005924,0.001,-0.002,0.001,Domestic
4110,4110,11,"Feb 13, 2009",Gomorra,6200000,1579146,37339594,35760448,-4620854,29560448,31139594,-0.001,0.009,0.009,Domestic
4111,4111,12,"Oct 20, 1995",Mallrats,6100000,2108367,2108367,0,-3991633,-6100000,-3991633,-0.001,-0.002,-0.001,Domestic
4112,4112,13,"Jun 16, 1978",Grease,6000000,181813770,387510179,205696409,175813770,199696409,381510179,0.051,0.058,0.11,Domestic
4113,4113,14,"Dec 19, 1986",Platoon,6000000,137963328,137978395,15067,131963328,-5984933,131978395,0.038,-0.002,0.038,Domestic
4114,4114,15,"Jun 23, 2004",Fahrenheit 9/11,6000000,119114517,221148959,102034442,113114517,96034442,215148959,0.033,0.028,0.062,Domestic
4115,4115,16,"Oct 24, 1969",Butch Cassidy and the Sundance Kid,6000000,102308900,102310653,1753,96308900,-5998247,96310653,0.028,-0.002,0.028,Domestic
4116,4116,17,"Aug 26, 1964",Mary Poppins,6000000,102272145,102272145,0,96272145,-6000000,96272145,0.028,-0.002,0.028,Domestic
4117,4117,18,"Sep 19, 1980",Ordinary People,6000000,52302978,52302978,0,46302978,-6000000,46302978,0.013,-0.002,0.013,Domestic
4118,4118,19,"May 11, 2018",Breaking In,6000000,46840590,51411620,4571030,40840590,-1428970,45411620,0.012,-0.0,0.013,Domestic
4119,4119,20,"Oct 18, 1961",West Side Story,6000000,43700000,43700000,0,37700000,-6000000,37700000,0.011,-0.002,0.011,Domestic
4120,4120,21,"Oct 17, 1956",Around the World in 80 Days,6000000,42000000,42000000,0,36000000,-6000000,36000000,0.01,-0.002,0.01,Domestic
4121,4121,22,"Jul 25, 1980",Caddyshack,6000000,39846344,39846344,0,33846344,-6000000,33846344,0.01,-0.002,0.01,Domestic
4122,4122,23,"Mar 23, 2001",The Brothers,6000000,27457409,27958191,500782,21457409,-5499218,21958191,0.006,-0.002,0.006,Domestic
4123,4123,24,"Dec 17, 2008",The Wrestler,6000000,26238243,46634275,20396032,20238243,14396032,40634275,0.006,0.004,0.012,Domestic
4124,4124,25,"Jun 30, 1989",Do the Right Thing,6000000,26004026,26004026,0,20004026,-6000000,20004026,0.006,-0.002,0.006,Domestic
4125,4125,26,"Jul 10, 1981",Escape from New York,6000000,25244700,25245925,1225,19244700,-5998775,19245925,0.006,-0.002,0.006,Domestic
4126,4126,27,"Jul 16, 1999",The Wood,6000000,25059640,25059640,0,19059640,-6000000,19059640,0.006,-0.002,0.006,Domestic
4127,4127,28,"Aug 16, 1995",The Usual Suspects,6000000,23341568,34449356,11107788,17341568,5107788,28449356,0.005,0.001,0.008,Domestic
4128,4128,29,"Aug 11, 1989",A Nightmare On Elm Street: The Dream Child,6000000,22168359,22168359,0,16168359,-6000000,16168359,0.005,-0.002,0.005,Domestic
4129,4129,30,"Apr 5, 2002",National Lampoonâs Van Wilder,6000000,21305259,39241323,17936064,15305259,11936064,33241323,0.004,0.003,0.01,Domestic
4130,4130,31,"Dec 31, 1946",Duel in the Sun,6000000,20400000,20400000,0,14400000,-6000000,14400000,0.004,-0.002,0.004,Domestic
4131,4131,32,"Sep 27, 2000",Best in Show,6000000,18621249,20695413,2074164,12621249,-3925836,14695413,0.004,-0.001,0.004,Domestic
4132,4132,33,"Mar 29, 2019",Unplanned,6000000,18107621,18107621,0,12107621,-6000000,12107621,0.003,-0.002,0.003,Domestic
4133,4133,34,"Sep 27, 2006",The Last King of Scotland,6000000,17606684,49155371,31548687,11606684,25548687,43155371,0.003,0.007,0.012,Domestic
4134,4134,35,"Apr 16, 2003",A Mighty Wind,6000000,17583468,18504539,921071,11583468,-5078929,12504539,0.003,-0.001,0.004,Domestic
4135,4135,36,"Feb 8, 2019",The Prodigy,6000000,14856291,19789712,4933421,8856291,-1066579,13789712,0.003,-0.0,0.004,Domestic
4136,4136,37,"Nov 30, 2018",The Possession of Hannah Grace,6000000,14836174,42785387,27949213,8836174,21949213,36785387,0.003,0.006,0.011,Domestic
4137,4137,38,"Feb 12, 1988",School Daze,6000000,14545844,14545844,0,8545844,-6000000,8545844,0.002,-0.002,0.002,Domestic
4138,4138,39,"Aug 8, 2007",Daddy Day Camp,6000000,13235267,18209872,4974605,7235267,-1025395,12209872,0.002,-0.0,0.004,Domestic
4139,4139,40,"Oct 21, 1988",Mystic Pizza,6000000,12793213,12793213,0,6793213,-6000000,6793213,0.002,-0.002,0.002,Domestic
4140,4140,41,"Mar 20, 1998",Mr. Nice Guy,6000000,12716953,31716953,19000000,6716953,13000000,25716953,0.002,0.004,0.007,Domestic
4141,4141,42,"Aug 21, 1956",War and Peace,6000000,12500000,12524028,24028,6500000,-5975972,6524028,0.002,-0.002,0.002,Domestic
4142,4142,43,"Apr 24, 1998",Sliding Doors,6000000,11911200,58809149,46897949,5911200,40897949,52809149,0.002,0.012,0.015,Domestic
4143,4143,44,"May 24, 1995",Tales from the Hood,6000000,11784569,11784569,0,5784569,-6000000,5784569,0.002,-0.002,0.002,Domestic
4144,4144,45,"Oct 13, 1989",Halloween 5: The Revenge of Michael Myers,6000000,11642254,11642254,0,5642254,-6000000,5642254,0.002,-0.002,0.002,Domestic
4145,4145,46,"Sep 7, 2012",The Words,6000000,11494838,16369708,4874870,5494838,-1125130,10369708,0.002,-0.0,0.003,Domestic
4146,4146,47,"Jan 15, 2016",The Lady in the Van,6000000,10021175,42320503,32299328,4021175,26299328,36320503,0.001,0.008,0.01,Domestic
4147,4147,48,"Apr 27, 2012",Bernie,6000000,9204489,10106975,902486,3204489,-5097514,4106975,0.001,-0.001,0.001,Domestic
4148,4148,49,"Dec 15, 2000",Pollock,6000000,8596914,10557291,1960377,2596914,-4039623,4557291,0.001,-0.001,0.001,Domestic
4149,4149,50,"Feb 15, 2008",Dolphins and Whales Tribes of the Ocean 3D,6000000,7714996,17252287,9537291,1714996,3537291,11252287,0.0,0.001,0.003,Domestic
4150,4150,51,"Feb 26, 1999",200 Cigarettes,6000000,6852450,6852450,0,852450,-6000000,852450,0.0,-0.002,0.0,Domestic
4151,4151,52,"Mar 19, 2010",City Island,6000000,6671283,8173486,1502203,671283,-4497797,2173486,0.0,-0.001,0.001,Domestic
4152,4152,53,"Mar 16, 2012",Casa de mi Padre,6000000,5909483,8446952,2537469,-90517,-3462531,2446952,-0.0,-0.001,0.001,Domestic
4153,4153,54,"Jul 29, 2011",The Guard,6000000,5359774,21197454,15837680,-640226,9837680,15197454,-0.0,0.003,0.004,Domestic
4154,4154,55,"Apr 21, 2000",The Virgin Suicides,6000000,4859475,10619770,5760295,-1140525,-239705,4619770,-0.0,-0.0,0.001,Domestic
4155,4155,56,"Aug 29, 2008",College,6000000,4694491,6176114,1481623,-1305509,-4518377,176114,-0.0,-0.001,0.0,Domestic
4156,4156,57,"Sep 22, 2006",La science des rÃªves,6000000,4670644,15137932,10467288,-1329356,4467288,9137932,-0.0,0.001,0.003,Domestic
4157,4157,58,"Dec 4, 1998",Little Voice,6000000,4595000,21787233,17192233,-1405000,11192233,15787233,-0.0,0.003,0.005,Domestic
4158,4158,59,"Mar 13, 2009",Miss March,6000000,4543320,4713059,169739,-1456680,-5830261,-1286941,-0.0,-0.002,-0.0,Domestic
4159,4159,60,"Feb 5, 1999",Simply Irresistible,6000000,4398989,4398989,0,-1601011,-6000000,-1601011,-0.0,-0.002,-0.0,Domestic
4160,4160,61,"Jul 18, 2014",Wish I Was Here,6000000,3591299,6591365,3000066,-2408701,-2999934,591365,-0.001,-0.001,0.0,Domestic
4161,4161,62,"Dec 21, 2006",Venus,6000000,3347411,7818479,4471068,-2652589,-1528932,1818479,-0.001,-0.0,0.001,Domestic
4162,4162,63,"Mar 14, 2014",Veronica Mars,6000000,3322127,3485383,163256,-2677873,-5836744,-2514617,-0.001,-0.002,-0.001,Domestic
4163,4163,64,"Aug 27, 1993",Only the Strong,6000000,3273588,3273588,0,-2726412,-6000000,-2726412,-0.001,-0.002,-0.001,Domestic
4164,4164,65,"Jul 20, 2001",Hedwig and the Angry Inch,6000000,3067312,3740030,672718,-2932688,-5327282,-2259970,-0.001,-0.002,-0.001,Domestic
4165,4165,66,"Oct 31, 2003",Shattered Glass,6000000,2207975,3456602,1248627,-3792025,-4751373,-2543398,-0.001,-0.001,-0.001,Domestic
4166,4166,67,"Jul 3, 2008",The Wackness,6000000,2077046,3330012,1252966,-3922954,-4747034,-2669988,-0.001,-0.001,-0.001,Domestic
4167,4167,68,"Nov 16, 2001",Novocaine,6000000,2025238,2522928,497690,-3974762,-5502310,-3477072,-0.001,-0.002,-0.001,Domestic
4168,4168,69,"Feb 6, 2009",Polytechnique,6000000,1418304,1418304,0,-4581696,-6000000,-4581696,-0.001,-0.002,-0.001,Domestic
4169,4169,70,"Jul 15, 2011",Snow Flower and the Secret Fan,6000000,1348205,11348205,10000000,-4651795,4000000,5348205,-0.001,0.001,0.002,Domestic
4170,4170,71,"Sep 14, 2018",Mandy,6000000,1214525,1427656,213131,-4785475,-5786869,-4572344,-0.001,-0.002,-0.001,Domestic
4171,4171,72,"Dec 7, 2001",The Business of Strangers,6000000,1030920,1290920,260000,-4969080,-5740000,-4709080,-0.001,-0.002,-0.001,Domestic
4172,4172,73,"Apr 29, 2011",JÃ»san-nin no shikaku,6000000,802778,18727440,17924662,-5197222,11924662,12727440,-0.002,0.003,0.004,Domestic
4173,4173,74,"Aug 30, 1991",Beastmaster 2: Through the Portal of Time,6000000,773490,773490,0,-5226510,-6000000,-5226510,-0.002,-0.002,-0.002,Domestic
4174,4174,75,"Jun 18, 1969",The Wild Bunch,6000000,509424,509424,0,-5490576,-6000000,-5490576,-0.002,-0.002,-0.002,Domestic
4175,4175,76,"Mar 25, 2011",The 5th Quarter,6000000,408159,408159,0,-5591841,-6000000,-5591841,-0.002,-0.002,-0.002,Domestic
4176,4176,77,"Feb 2, 1979",The First Great Train Robbery,6000000,391942,391942,0,-5608058,-6000000,-5608058,-0.002,-0.002,-0.002,Domestic
4177,4177,78,"Dec 20, 2002",Morvern Callar,6000000,267194,267194,0,-5732806,-6000000,-5732806,-0.002,-0.002,-0.002,Domestic
4178,4178,79,"Oct 10, 2003",The Flower of Evil,6000000,181798,181798,0,-5818202,-6000000,-5818202,-0.002,-0.002,-0.002,Domestic
4179,4179,80,"Mar 4, 2011",Akmareul Boatda,6000000,129210,13168809,13039599,-5870790,7039599,7168809,-0.002,0.002,0.002,Domestic
4180,4180,81,"Nov 10, 2006",Come Early Morning,6000000,119452,119452,0,-5880548,-6000000,-5880548,-0.002,-0.002,-0.002,Domestic
4181,4181,82,"Apr 2, 2010",The Greatest,6000000,115862,117796,1934,-5884138,-5998066,-5882204,-0.002,-0.002,-0.002,Domestic
4182,4182,83,"Dec 7, 2012",Deadfall,6000000,66351,1673635,1607284,-5933649,-4392716,-4326365,-0.002,-0.001,-0.001,Domestic
4183,4183,84,"May 8, 2009",Julia,6000000,65108,1365108,1300000,-5934892,-4700000,-4634892,-0.002,-0.001,-0.001,Domestic
4184,4184,85,"Apr 5, 2002",Lucky Break,6000000,54606,4316497,4261891,-5945394,-1738109,-1683503,-0.002,-0.001,-0.0,Domestic
4185,4185,86,"Sep 5, 2008","Surfer, Dude",6000000,36497,36497,0,-5963503,-6000000,-5963503,-0.002,-0.002,-0.002,Domestic
4186,4186,87,"Jan 23, 2015",Song One,6000000,32251,437089,404838,-5967749,-5595162,-5562911,-0.002,-0.002,-0.002,Domestic
4187,4187,88,"Oct 3, 2007",Lake of Fire,6000000,25317,26007,690,-5974683,-5999310,-5973993,-0.002,-0.002,-0.002,Domestic
4188,4188,89,"Apr 2, 2010",Don McKay,6000000,13722,13722,0,-5986278,-6000000,-5986278,-0.002,-0.002,-0.002,Domestic
4195,4195,96,"Feb 4, 1983",Videodrome,5952000,2120439,2120439,0,-3831561,-5952000,-3831561,-0.001,-0.002,-0.001,Domestic
4196,4196,97,"Aug 2, 1996",Emma,5900000,22231658,37831658,15600000,16331658,9700000,31931658,0.005,0.003,0.009,Domestic
4197,4197,98,"Mar 21, 2003",L\'auberge espagnole,5900000,3895664,3895664,0,-2004336,-5900000,-2004336,-0.001,-0.002,-0.001,Domestic
4198,4198,99,"Feb 8, 1968",Planet of the Apes,5800000,33395426,33395426,0,27595426,-5800000,27595426,0.008,-0.002,0.008,Domestic
4199,4199,100,"Mar 7, 1965",The Train,5800000,6800000,6800000,0,1000000,-5800000,1000000,0.0,-0.002,0.0,Domestic
4200,4200,1,"Mar 18, 2011",Winter in Wartime,5800000,542860,9662214,9119354,-5257140,3319354,3862214,-0.002,0.001,0.001,Domestic
4201,4201,2,"Oct 3, 2003",Foolproof,5800000,230312,421021,190709,-5569688,-5609291,-5378979,-0.002,-0.002,-0.002,Domestic
4202,4202,3,"Oct 5, 2012",Trade of Innocents,5800000,15091,15091,0,-5784909,-5800000,-5784909,-0.002,-0.002,-0.002,Domestic
4203,4203,4,"Sep 8, 2006",Tom yum goong,5700000,12044087,43044087,31000000,6344087,25300000,37344087,0.002,0.007,0.011,Domestic
4204,4204,5,"Aug 27, 1999",Stiff Upper Lips,5700000,69582,69582,0,-5630418,-5700000,-5630418,-0.002,-0.002,-0.002,Domestic
4205,4205,6,"Sep 7, 2012",The Inbetweeners,5700000,35955,86051320,86015365,-5664045,80315365,80351320,-0.002,0.023,0.023,Domestic
4206,4206,7,"Jul 16, 2010",Valhalla Rising,5700000,30638,731613,700975,-5669362,-4999025,-4968387,-0.002,-0.001,-0.001,Domestic
4207,4207,8,"Mar 12, 2003",Bend it Like Beckham,5600000,32543449,74566042,42022593,26943449,36422593,68966042,0.008,0.011,0.02,Domestic
4208,4208,9,"Sep 1, 2006",Crossover,5600000,7009668,7009668,0,1409668,-5600000,1409668,0.0,-0.002,0.0,Domestic
4209,4209,10,"Jun 21, 2002",Sunshine State,5600000,3064356,3281898,217542,-2535644,-5382458,-2318102,-0.001,-0.002,-0.001,Domestic
4210,4210,11,"Jul 16, 2010",Standing Ovation,5600000,531806,531806,0,-5068194,-5600000,-5068194,-0.001,-0.002,-0.001,Domestic
4211,4211,12,"Dec 7, 2012",Khiladi 786,5600000,385422,14683763,14298341,-5214578,8698341,9083763,-0.002,0.003,0.003,Domestic
4212,4212,13,"Jul 9, 2010",[Rec] 2,5600000,27766,18527766,18500000,-5572234,12900000,12927766,-0.002,0.004,0.004,Domestic
4213,4213,14,"Dec 25, 1973",The Sting,5500000,159616327,159616327,0,154116327,-5500000,154116327,0.044,-0.002,0.044,Domestic
4214,4214,15,"Sep 25, 1981",Chariots of Fire,5500000,61558162,61865947,307785,56058162,-5192215,56365947,0.016,-0.001,0.016,Domestic
4215,4215,16,"Feb 25, 2005",Diary of a Mad Black Woman,5500000,50406346,50458356,52010,44906346,-5447990,44958356,0.013,-0.002,0.013,Domestic
4216,4216,17,"Nov 22, 1996",Shine,5500000,35811509,36672493,860984,30311509,-4639016,31172493,0.009,-0.001,0.009,Domestic
4217,4217,18,"Sep 27, 2013",Don Jon,5500000,24477704,41268579,16790875,18977704,11290875,35768579,0.005,0.003,0.01,Domestic
4218,4218,19,"Aug 22, 1973",High Plains Drifter,5500000,15700000,15700000,0,10200000,-5500000,10200000,0.003,-0.002,0.003,Domestic
4219,4219,20,"Sep 28, 2018",Hell Fest,5500000,11107431,18119231,7011800,5607431,1511800,12619231,0.002,0.0,0.004,Domestic
4220,4220,21,"Jun 6, 2003",Mambo Italiano,5500000,9282750,12399772,3117022,3782750,-2382978,6899772,0.001,-0.001,0.002,Domestic
4221,4221,22,"Jul 20, 2001",Ghost World,5500000,6217849,8761608,2543759,717849,-2956241,3261608,0.0,-0.001,0.001,Domestic
4222,4222,23,"Dec 14, 2001",Iris,5500000,5580479,5580479,0,80479,-5500000,80479,0.0,-0.002,0.0,Domestic
4223,4223,24,"Jun 6, 1980",Galaxina,5500000,4865000,4865000,0,-635000,-5500000,-635000,-0.0,-0.002,-0.0,Domestic
4224,4224,25,"Nov 26, 2004",Les Choristes,5500000,3629758,83529758,79900000,-1870242,74400000,78029758,-0.001,0.021,0.023,Domestic
4225,4225,26,"Oct 3, 2003",Wonderland,5500000,1060512,1060512,0,-4439488,-5500000,-4439488,-0.001,-0.002,-0.001,Domestic
4226,4226,27,"Jul 1, 2005",De battre mon coeur s'est arrÃªtÃ©,5500000,1023424,8589831,7566407,-4476576,2066407,3089831,-0.001,0.001,0.001,Domestic
4227,4227,28,"Apr 1, 2011",Haevnen,5500000,1008098,15867314,14859216,-4491902,9359216,10367314,-0.001,0.003,0.003,Domestic
4228,4228,29,"Oct 21, 2011",Le Havre,5500000,611709,13480196,12868487,-4888291,7368487,7980196,-0.001,0.002,0.002,Domestic
4229,4229,30,"May 17, 2002",Harvard Man,5500000,56653,56653,0,-5443347,-5500000,-5443347,-0.002,-0.002,-0.002,Domestic
4230,4230,31,"Jul 15, 2011",Salvation Boulevard,5500000,28468,28468,0,-5471532,-5500000,-5471532,-0.002,-0.002,-0.002,Domestic
4231,4231,32,"Jan 23, 2015",R100,5500000,24956,24956,0,-5475044,-5500000,-5475044,-0.002,-0.002,-0.002,Domestic
4234,4234,35,"Mar 7, 2003",Irreversible,5400000,792200,8133256,7341056,-4607800,1941056,2733256,-0.001,0.001,0.001,Domestic
4236,4236,37,"Jan 27, 2006",Rang De Basanti,5300000,2197694,29197694,27000000,-3102306,21700000,23897694,-0.001,0.006,0.007,Domestic
4238,4238,39,"Oct 11, 2013",La Vie d'AdÃ¨le â Chapitres 1 & 2,5250000,2450504,22914479,20463975,-2799496,15213975,17664479,-0.001,0.004,0.005,Domestic
4239,4239,40,"Apr 27, 2012",Hodejegerne,5250000,1200010,20188740,18988730,-4049990,13738730,14938740,-0.001,0.004,0.004,Domestic
4240,4240,41,"Aug 3, 2007",The Ten,5250000,769726,786677,16951,-4480274,-5233049,-4463323,-0.001,-0.002,-0.001,Domestic
4241,4241,42,"Oct 27, 2000",A Room for Romeo Brass,5250000,20097,20097,0,-5229903,-5250000,-5229903,-0.002,-0.002,-0.002,Domestic
4243,4243,44,"Aug 1, 1944",Wilson,5200000,2000000,2000000,0,-3200000,-5200000,-3200000,-0.001,-0.002,-0.001,Domestic
4244,4244,45,"Aug 5, 2005",Saint Ralph,5200000,795126,1695126,900000,-4404874,-4300000,-3504874,-0.001,-0.001,-0.001,Domestic
4245,4245,46,"Apr 22, 2011",Dum Maaro Dum,5200000,564489,11633427,11068938,-4635511,5868938,6433427,-0.001,0.002,0.002,Domestic
4246,4246,47,"Oct 3, 1980",Somewhere in Time,5100000,9709597,9709597,0,4609597,-5100000,4609597,0.001,-0.001,0.001,Domestic
4247,4247,48,"Apr 19, 2002",My Big Fat Greek Wedding,5000000,241438208,374890034,133451826,236438208,128451826,369890034,0.068,0.037,0.107,Domestic
4248,4248,49,"Feb 24, 2017",Get Out,5000000,176040665,255367951,79327286,171040665,74327286,250367951,0.049,0.021,0.072,Domestic
4249,4249,50,"Jan 20, 2017",Split,5000000,138141585,278964806,140823221,133141585,135823221,273964806,0.038,0.039,0.079,Domestic
4250,4250,51,"Oct 21, 2011",Paranormal Activity 3,5000000,104028807,207039844,103011037,99028807,98011037,202039844,0.029,0.028,0.058,Domestic
4251,4251,52,"Oct 28, 2005",Saw II,5000000,87025093,152925093,65900000,82025093,60900000,147925093,0.024,0.018,0.043,Domestic
4252,4252,53,"Sep 13, 2013",Insidious Chapter 2,5000000,83586447,161921515,78335068,78586447,73335068,156921515,0.023,0.021,0.045,Domestic
4253,4253,54,"Mar 11, 2016",10 Cloverfield Lane,5000000,72082999,108286422,36203423,67082999,31203423,103286422,0.019,0.009,0.03,Domestic
4254,4254,55,"Jul 22, 2016",Lights Out,5000000,67268835,148806510,81537675,62268835,76537675,143806510,0.018,0.022,0.042,Domestic
4255,4255,56,"Sep 11, 2015",The Visit,5000000,65206105,98677816,33471711,60206105,28471711,93677816,0.017,0.008,0.027,Domestic
4256,4256,57,"Oct 25, 2002",Jackass: The Movie,5000000,64282312,79282312,15000000,59282312,10000000,74282312,0.017,0.003,0.021,Domestic
4257,4257,58,"Oct 13, 2017",Happy Death Day,5000000,55683845,125010260,69326415,50683845,64326415,120010260,0.015,0.019,0.035,Domestic
4258,4258,59,"Oct 19, 2012",Paranormal Activity 4,5000000,53900335,142817992,88917657,48900335,83917657,137817992,0.014,0.024,0.04,Domestic
4259,4259,60,"Oct 24, 2014",Ouija,5000000,50856010,103300632,52444622,45856010,47444622,98300632,0.013,0.014,0.028,Domestic
4260,4260,61,"Feb 27, 1987",A Nightmare On Elm Street 3: Dream Warriors,5000000,44793222,44793222,0,39793222,-5000000,39793222,0.011,-0.001,0.011,Domestic
4261,4261,62,"Aug 30, 2013",No se Aceptan Devoluciones,5000000,44467206,100486616,56019410,39467206,51019410,95486616,0.011,0.015,0.028,Domestic
4262,4262,63,"Aug 7, 2015",The Gift,5000000,43787265,58978477,15191212,38787265,10191212,53978477,0.011,0.003,0.016,Domestic
4263,4263,64,"Jun 23, 2017",The Big Sick,5000000,42872467,53972860,11100393,37872467,6100393,48972860,0.011,0.002,0.014,Domestic
4264,4264,65,"May 16, 1975",The Return of the Pink Panther,5000000,41833347,41833347,0,36833347,-5000000,36833347,0.011,-0.001,0.011,Domestic
4265,4265,66,"May 31, 2019",MA,5000000,36049540,44300625,8251085,31049540,3251085,39300625,0.009,0.001,0.011,Domestic
4266,4266,67,"Sep 16, 1953",The Robe,5000000,36000000,36008303,8303,31000000,-4991697,31008303,0.009,-0.001,0.009,Domestic
4267,4267,68,"Sep 13, 1991",Freddyâs Dead: The Final Nightmare,5000000,34872033,34872033,0,29872033,-5000000,29872033,0.009,-0.001,0.009,Domestic
4268,4268,69,"Dec 24, 2003",Monster,5000000,34469210,64240813,29771603,29469210,24771603,59240813,0.009,0.007,0.017,Domestic
4269,4269,70,"Jan 3, 2014",Paranormal Activity: The Marked Ones,5000000,32462372,90904854,58442482,27462372,53442482,85904854,0.008,0.015,0.025,Domestic
4270,4270,71,"Dec 23, 1954","20,000 Leagues Under the Sea",5000000,28200000,28200000,0,23200000,-5000000,23200000,0.007,-0.001,0.007,Domestic
4271,4271,72,"Apr 11, 2014",Oculus,5000000,27695246,44115496,16420250,22695246,11420250,39115496,0.007,0.003,0.011,Domestic
4272,4272,73,"Nov 1, 2013",Dallas Buyers Club,5000000,27298285,60611845,33313560,22298285,28313560,55611845,0.006,0.008,0.016,Domestic
4273,4273,74,"Aug 26, 2015",No Escape,5000000,27288872,42844516,15555644,22288872,10555644,37844516,0.006,0.003,0.011,Domestic
4274,4274,75,"Oct 3, 1980",The Elephant Man,5000000,26010864,26010864,0,21010864,-5000000,21010864,0.006,-0.001,0.006,Domestic
4275,4275,76,"Feb 27, 2015",The Lazarus Effect,5000000,25801570,38359310,12557740,20801570,7557740,33359310,0.006,0.002,0.01,Domestic
4276,4276,77,"Mar 16, 2001",Memento,5000000,25544867,39723096,14178229,20544867,9178229,34723096,0.006,0.003,0.01,Domestic
4277,4277,78,"Aug 26, 2011",Our Idiot Brother,5000000,24814830,25861249,1046419,19814830,-3953581,20861249,0.006,-0.001,0.006,Domestic
4278,4278,79,"Mar 9, 2018",The Strangers: Prey at Night,5000000,24431472,29960051,5528579,19431472,528579,24960051,0.006,0.0,0.007,Domestic
4279,4279,80,"Jul 21, 2006",Clerks II,5000000,24148068,27342246,3194178,19148068,-1805822,22342246,0.006,-0.001,0.006,Domestic
4280,4280,81,"Apr 8, 1998",The Players Club,5000000,23047939,23047939,0,18047939,-5000000,18047939,0.005,-0.001,0.005,Domestic
4281,4281,82,"Oct 13, 2000",Billy Elliot,5000000,21995263,109253745,87258482,16995263,82258482,104253745,0.005,0.024,0.03,Domestic
4282,4282,83,"Jul 5, 2013",The Way Way Back,5000000,21502690,26853810,5351120,16502690,351120,21853810,0.005,0.0,0.006,Domestic
4283,4283,84,"Aug 29, 2014","As Above, So Below",5000000,21222315,41824066,20601751,16222315,15601751,36824066,0.005,0.005,0.011,Domestic
4284,4284,85,"Apr 1, 2016",Godâs Not Dead 2,5000000,20773069,23551286,2778217,15773069,-2221783,18551286,0.005,-0.001,0.005,Domestic
4285,4285,86,"Dec 17, 1997",The Apostle,5000000,20733485,21277770,544285,15733485,-4455715,16277770,0.005,-0.001,0.005,Domestic
4286,4286,87,"Nov 3, 1982",The Man From Snowy River,5000000,20659423,20659423,0,15659423,-5000000,15659423,0.005,-0.001,0.005,Domestic
4287,4287,88,"Oct 23, 1991",House Party 2,5000000,19438638,19438638,0,14438638,-5000000,14438638,0.004,-0.001,0.004,Domestic
4288,4288,89,"Mar 26, 1999",Doug's 1st Movie,5000000,19421271,19421271,0,14421271,-5000000,14421271,0.004,-0.001,0.004,Domestic
4289,4289,90,"Feb 19, 2016",Race,5000000,19115191,23745772,4630581,14115191,-369419,18745772,0.004,-0.0,0.005,Domestic
4290,4290,91,"Sep 18, 1981",Mommie Dearest,5000000,19032000,25032000,6000000,14032000,1000000,20032000,0.004,0.0,0.006,Domestic
4291,4291,92,"Jan 16, 2015",Still Alice,5000000,18656400,41699612,23043212,13656400,18043212,36699612,0.004,0.005,0.011,Domestic
4292,4292,93,"Oct 1, 1988",Halloween 4: The Return of Michael Myers,5000000,17768757,17768757,0,12768757,-5000000,12768757,0.004,-0.001,0.004,Domestic
4293,4293,94,"Sep 2, 2011",Apollo 18,5000000,17686929,26517819,8830890,12686929,3830890,21517819,0.004,0.001,0.006,Domestic
4294,4294,95,"Mar 23, 2018","Paul, Apostle of Christ",5000000,17547999,25529498,7981499,12547999,2981499,20529498,0.004,0.001,0.006,Domestic
4295,4295,96,"Oct 10, 2014",Addicted,5000000,17390770,17499242,108472,12390770,-4891528,12499242,0.004,-0.001,0.004,Domestic
4296,4296,97,"Aug 31, 2001",O (Othello),5000000,16017403,16017403,0,11017403,-5000000,11017403,0.003,-0.001,0.003,Domestic
4297,4297,98,"Sep 29, 1995",Halloween: The Curse of Michael Myers,5000000,15126948,15126948,0,10126948,-5000000,10126948,0.003,-0.001,0.003,Domestic
4298,4298,99,"Aug 24, 1954",The Egyptian,5000000,15000000,15000000,0,10000000,-5000000,10000000,0.003,-0.001,0.003,Domestic
4299,4299,100,"Nov 7, 1997",Eve's Bayou,5000000,14843425,14843425,0,9843425,-5000000,9843425,0.003,-0.001,0.003,Domestic
4300,4300,1,"Apr 10, 1981",Nighthawks,5000000,14600000,19600000,5000000,9600000,0,14600000,0.003,0.0,0.004,Domestic
4301,4301,2,"Jul 28, 1989",Friday the 13th Part VIII: Jason Takes Manhattan,5000000,14343976,14343976,0,9343976,-5000000,9343976,0.003,-0.001,0.003,Domestic
4302,4302,3,"Mar 15, 2013",Spring Breakers,5000000,14124286,31149251,17024965,9124286,12024965,26149251,0.003,0.003,0.008,Domestic
4303,4303,4,"Jun 9, 2017",It Comes at Night,5000000,13985117,19720203,5735086,8985117,735086,14720203,0.003,0.0,0.004,Domestic
4304,4304,5,"Mar 15, 2002",Y Tu MamÃ¡ TambiÃ©n,5000000,13649881,33649881,20000000,8649881,15000000,28649881,0.002,0.004,0.008,Domestic
4305,4305,6,"Sep 24, 2004",Shaun of the Dead,5000000,13542874,30332385,16789511,8542874,11789511,25332385,0.002,0.003,0.007,Domestic
4306,4306,7,"Oct 31, 2008",The Haunting of Molly Hartley,5000000,13442412,15318257,1875845,8442412,-3124155,10318257,0.002,-0.001,0.003,Domestic
4307,4307,8,"Jul 15, 2016",Hillaryâs America: The Secret History of the Democratic Party,5000000,13099931,13099931,0,8099931,-5000000,8099931,0.002,-0.001,0.002,Domestic
4308,4308,9,"Jun 21, 1996",Lone Star,5000000,12961389,12961389,0,7961389,-5000000,7961389,0.002,-0.001,0.002,Domestic
4309,4309,10,"Mar 27, 1986",April Fool's Day,5000000,12947763,12947763,0,7947763,-5000000,7947763,0.002,-0.001,0.002,Domestic
4310,4310,11,"Apr 2, 1982",Diner,5000000,12592907,12592907,0,7592907,-5000000,7592907,0.002,-0.001,0.002,Domestic
4311,4311,12,"Mar 3, 2017",Before I Fall,5000000,12241072,18945682,6704610,7241072,1704610,13945682,0.002,0.0,0.004,Domestic
4312,4312,13,"Apr 15, 1983",Lone Wolf McQuade,5000000,12232628,12232628,0,7232628,-5000000,7232628,0.002,-0.001,0.002,Domestic
4313,4313,14,"Mar 13, 2009",Sunshine Cleaning,5000000,12062558,17329337,5266779,7062558,266779,12329337,0.002,0.0,0.004,Domestic
4314,4314,15,"Jan 29, 2016",Fifty Shades of Black,5000000,11686940,22113075,10426135,6686940,5426135,17113075,0.002,0.002,0.005,Domestic
4315,4315,16,"Dec 14, 1957",A Farewell To Arms,5000000,11000000,11017403,17403,6000000,-4982597,6017403,0.002,-0.001,0.002,Domestic
4316,4316,17,"Jan 1, 1959",Solomon and Sheba,5000000,11000000,11014961,14961,6000000,-4985039,6014961,0.002,-0.001,0.002,Domestic
4317,4317,18,"Aug 20, 1982",The Beastmaster,5000000,10751126,10751126,0,5751126,-5000000,5751126,0.002,-0.001,0.002,Domestic
4318,4318,19,"Jan 9, 2009",Not Easily Broken,5000000,10572742,10732909,160167,5572742,-4839833,5732909,0.002,-0.001,0.002,Domestic
4319,4319,20,"May 9, 2014",Momsâ Night Out,5000000,10429707,10537341,107634,5429707,-4892366,5537341,0.002,-0.001,0.002,Domestic
4320,4320,21,"Mar 17, 2017",The Belko Experiment,5000000,10166820,11792942,1626122,5166820,-3373878,6792942,0.001,-0.001,0.002,Domestic
4321,4321,22,"Mar 11, 2016",The Perfect Match,5000000,9669521,10182050,512529,4669521,-4487471,5182050,0.001,-0.001,0.001,Domestic
4322,4322,23,"Oct 6, 2000",Digimon: The Movie,5000000,9628751,16628751,7000000,4628751,2000000,11628751,0.001,0.001,0.003,Domestic
4323,4323,24,"May 28, 2004",Saved!,5000000,8886160,10206551,1320391,3886160,-3679609,5206551,0.001,-0.001,0.002,Domestic
4324,4324,25,"May 9, 2003",Les invasions barbares,5000000,8460000,25913869,17453869,3460000,12453869,20913869,0.001,0.004,0.006,Domestic
4325,4325,26,"Mar 11, 1976",Robin and Marian,5000000,8000000,8000000,0,3000000,-5000000,3000000,0.001,-0.001,0.001,Domestic
4326,4326,27,"Dec 22, 1978",Force 10 from Navarone,5000000,7100000,7100000,0,2100000,-5000000,2100000,0.001,-0.001,0.001,Domestic
4327,4327,28,"Apr 27, 2001",The Forsaken,5000000,6755271,6755271,0,1755271,-5000000,1755271,0.001,-0.001,0.001,Domestic
4328,4328,29,"Sep 21, 2018",Fahrenheit 11/9,5000000,6352306,6653715,301409,1352306,-4698591,1653715,0.0,-0.001,0.0,Domestic
4329,4329,30,"Jul 21, 1989",UHF,5000000,6157157,6157157,0,1157157,-5000000,1157157,0.0,-0.001,0.0,Domestic
4330,4330,31,"May 28, 2010",Sea Rex 3D: Journey to a Prehistoric World,5000000,6096582,16515203,10418621,1096582,5418621,11515203,0.0,0.002,0.003,Domestic
4331,4331,32,"Jan 6, 2006",Grandmaâs Boy,5000000,6090172,6590172,500000,1090172,-4500000,1590172,0.0,-0.001,0.0,Domestic
4332,4332,33,"Aug 14, 1998",Slums of Beverly Hills,5000000,5502773,5502773,0,502773,-5000000,502773,0.0,-0.001,0.0,Domestic
4333,4333,34,"May 28, 1969",Once Upon a Time in the West,5000000,5321508,5378425,56917,321508,-4943083,378425,0.0,-0.001,0.0,Domestic
4334,4334,35,"Jul 13, 2001",Made,5000000,5308707,5476060,167353,308707,-4832647,476060,0.0,-0.001,0.0,Domestic
4335,4335,36,"Nov 19, 2004",La mala educaciÃ³n,5000000,5211842,40311842,35100000,211842,30100000,35311842,0.0,0.009,0.01,Domestic
4336,4336,37,"Jun 12, 2009",Moon,5000000,5010163,10676073,5665910,10163,665910,5676073,0.0,0.0,0.002,Domestic
4337,4337,38,"Sep 11, 2015",90 Minutes in Heaven,5000000,4816142,4816142,0,-183858,-5000000,-183858,-0.0,-0.001,-0.0,Domestic
4338,4338,39,"Dec 2, 2016",Incarnate,5000000,4799774,9371036,4571262,-200226,-428738,4371036,-0.0,-0.0,0.001,Domestic
4339,4339,40,"May 12, 2006",Keeping Up with the Steins,5000000,4339241,4414753,75512,-660759,-4924488,-585247,-0.0,-0.001,-0.0,Domestic
4340,4340,41,"Oct 10, 1997",The Sweet Hereafter,5000000,4306697,7951247,3644550,-693303,-1355450,2951247,-0.0,-0.0,0.001,Domestic
4341,4341,42,"Aug 6, 2008",Bottle Shock,5000000,4078607,4815890,737283,-921393,-4262717,-184110,-0.0,-0.001,-0.0,Domestic
4342,4342,43,"Feb 25, 2011",Des Hommes et Des Dieux,5000000,3954651,46263525,42308874,-1045349,37308874,41263525,-0.0,0.011,0.012,Domestic
4343,4343,44,"Aug 27, 1982",Jekyll and Hyde... Together Again,5000000,3707583,3707583,0,-1292417,-5000000,-1292417,-0.0,-0.001,-0.0,Domestic
4344,4344,45,"Mar 3, 2017",Table 19,5000000,3614896,4620399,1005503,-1385104,-3994497,-379601,-0.0,-0.001,-0.0,Domestic
4345,4345,46,"Apr 15, 2016",Green Room,5000000,3220371,3807503,587132,-1779629,-4412868,-1192497,-0.001,-0.001,-0.0,Domestic
4346,4346,47,"Mar 9, 2018",Thoroughbreds,5000000,3072605,3187302,114697,-1927395,-4885303,-1812698,-0.001,-0.001,-0.001,Domestic
4347,4347,48,"Nov 16, 1994",Heavenly Creatures,5000000,3046086,5438120,2392034,-1953914,-2607966,438120,-0.001,-0.001,0.0,Domestic
4348,4348,49,"Mar 4, 2016",The Other Side of the Door,5000000,3000342,12905107,9904765,-1999658,4904765,7905107,-0.001,0.001,0.002,Domestic
4349,4349,50,"May 13, 2011",Everything Must Go,5000000,2712131,2821010,108879,-2287869,-4891121,-2178990,-0.001,-0.001,-0.001,Domestic
4350,4350,51,"Oct 10, 2014",Kill the Messenger,5000000,2450846,6656705,4205859,-2549154,-794141,1656705,-0.001,-0.0,0.0,Domestic
4351,4351,52,"Dec 17, 2010",Rabbit Hole,5000000,2229058,6205034,3975976,-2770942,-1024024,1205034,-0.001,-0.0,0.0,Domestic
4352,4352,53,"Oct 23, 2015",Jem and the Holograms,5000000,2184640,2368937,184297,-2815360,-4815703,-2631063,-0.001,-0.001,-0.001,Domestic
4353,4353,54,"Dec 28, 2016",Paterson,5000000,2141423,10727536,8586113,-2858577,3586113,5727536,-0.001,0.001,0.002,Domestic
4354,4354,55,"Jan 30, 1998",Zero Effect,5000000,2080693,2080693,0,-2919307,-5000000,-2919307,-0.001,-0.001,-0.001,Domestic
4355,4355,56,"Apr 24, 1992",A Midnight Clear,5000000,1526697,1526697,0,-3473303,-5000000,-3473303,-0.001,-0.001,-0.001,Domestic
4356,4356,57,"Oct 22, 2004",The Machinist,5000000,1082044,8655397,7573353,-3917956,2573353,3655397,-0.001,0.001,0.001,Domestic
4357,4357,58,"Sep 21, 1992",Light Sleeper,5000000,1050861,1050861,0,-3949139,-5000000,-3949139,-0.001,-0.001,-0.001,Domestic
4358,4358,59,"Jul 25, 2008",American Teen,5000000,942441,989319,46878,-4057559,-4953122,-4010681,-0.001,-0.001,-0.001,Domestic
4359,4359,60,"Sep 12, 2014",Atlas Shrugged: Who Is John Galt?,5000000,851690,851690,0,-4148310,-5000000,-4148310,-0.001,-0.001,-0.001,Domestic
4360,4360,61,"Aug 29, 2003",Party Monster,5000000,742898,894030,151132,-4257102,-4848868,-4105970,-0.001,-0.001,-0.001,Domestic
4361,4361,62,"Jul 14, 2006",The Oh in Ohio,5000000,418689,648183,229494,-4581311,-4770506,-4351817,-0.001,-0.001,-0.001,Domestic
4362,4362,63,"Feb 21, 1996",Bottle Rocket,5000000,407488,407488,0,-4592512,-5000000,-4592512,-0.001,-0.001,-0.001,Domestic
4363,4363,64,"Aug 16, 2013",Ain't Them Bodies Saints,5000000,391611,1075009,683398,-4608389,-4316602,-3924991,-0.001,-0.001,-0.001,Domestic
4364,4364,65,"Jan 17, 1997",Albino Alligator,5000000,353480,353480,0,-4646520,-5000000,-4646520,-0.001,-0.001,-0.001,Domestic
4365,4365,66,"Sep 26, 2014",Jimi: All is By My Side,5000000,340911,927074,586163,-4659089,-4413837,-4072926,-0.001,-0.001,-0.001,Domestic
4366,4366,67,"Aug 3, 2007","Gandhi, My Father",5000000,240425,2015004,1774579,-4759575,-3225421,-2984996,-0.001,-0.001,-0.001,Domestic
4367,4367,68,"Apr 25, 2008",Standard Operating Procedure,5000000,228830,332120,103290,-4771170,-4896710,-4667880,-0.001,-0.001,-0.001,Domestic
4368,4368,69,"Sep 30, 2011",Tucker & Dale vs. Evil,5000000,223838,5476793,5252955,-4776162,252955,476793,-0.001,0.0,0.0,Domestic
4369,4369,70,"Mar 27, 1998",No Looking Back,5000000,143273,143273,0,-4856727,-5000000,-4856727,-0.001,-0.001,-0.001,Domestic
4370,4370,71,"Aug 7, 2015",Cop Car,5000000,134552,143658,9106,-4865448,-4990894,-4856342,-0.001,-0.001,-0.001,Domestic
4371,4371,72,"Sep 10, 2010","Lovely, Still",5000000,127564,282687,155123,-4872436,-4844877,-4717313,-0.001,-0.001,-0.001,Domestic
4372,4372,73,"Jun 13, 2003",Tycoon,5000000,121016,121016,0,-4878984,-5000000,-4878984,-0.001,-0.001,-0.001,Domestic
4373,4373,74,"Jun 4, 1999",Desert Blue,5000000,99147,99147,0,-4900853,-5000000,-4900853,-0.001,-0.001,-0.001,Domestic
4374,4374,75,"Feb 27, 2004",Decoys,5000000,84733,96760,12027,-4915267,-4987973,-4903240,-0.001,-0.001,-0.001,Domestic
4375,4375,76,"May 30, 2008",Stuck,5000000,67505,67505,0,-4932495,-5000000,-4932495,-0.001,-0.001,-0.001,Domestic
4376,4376,77,"Nov 16, 2007",Redacted,5000000,65388,861325,795937,-4934612,-4204063,-4138675,-0.001,-0.001,-0.001,Domestic
4377,4377,78,"Oct 17, 2014",Rudderless,5000000,56001,567219,511218,-4943999,-4488782,-4432781,-0.001,-0.001,-0.001,Domestic
4378,4378,79,"Jan 28, 2005",Fascination,5000000,16670,83356,66686,-4983330,-4933314,-4916644,-0.001,-0.001,-0.001,Domestic
4379,4379,80,"Aug 14, 2009",Grace,5000000,8297,8297,0,-4991703,-5000000,-4991703,-0.001,-0.001,-0.001,Domestic
4380,4380,81,"May 15, 2015",Area 51,5000000,7556,7556,0,-4992444,-5000000,-4992444,-0.001,-0.001,-0.001,Domestic
4400,4400,1,"Jan 23, 2015",Mommy,4900000,3498695,17536004,14037309,-1401305,9137309,12636004,-0.0,0.003,0.004,Domestic
4401,4401,2,"Aug 29, 2008",Obsluhoval jsem anglickÃ©ho krÃ¡le,4900000,617228,7174984,6557756,-4282772,1657756,2274984,-0.001,0.0,0.001,Domestic
4402,4402,3,"Aug 20, 2010",Soul Kitchen,4900000,276901,23347461,23070560,-4623099,18170560,18447461,-0.001,0.005,0.005,Domestic
4403,4403,4,"Aug 17, 2012",The Awakening,4900000,95933,6924321,6828388,-4804067,1928388,2024321,-0.001,0.001,0.001,Domestic
4404,4404,5,"Jan 18, 2008",All Hat,4900000,15198,15198,0,-4884802,-4900000,-4884802,-0.001,-0.001,-0.001,Domestic
4405,4405,6,"Nov 20, 1996",Sling Blade,4833610,24475416,34175000,9699584,19641806,4865974,29341390,0.006,0.001,0.008,Domestic
4406,4406,7,"Jan 6, 2006",Hostel,4800000,47326473,82241110,34914637,42526473,30114637,77441110,0.012,0.009,0.022,Domestic
4407,4407,8,"Jul 19, 2013",Only God Forgives,4800000,775849,4494560,3718711,-4024151,-1081289,-305440,-0.001,-0.0,-0.0,Domestic
4408,4408,9,"Sep 30, 2011",Take Shelter,4750000,1728953,4972016,3243063,-3021047,-1506937,222016,-0.001,-0.0,0.0,Domestic
4409,4409,10,"Jan 27, 2006",Tristram Shandy: A Cock and Bull Story,4750000,1253413,3061763,1808350,-3496587,-2941650,-1688237,-0.001,-0.001,-0.0,Domestic
4410,4410,11,"Aug 22, 1986",The Texas Chainsaw Massacre 2,4700000,8025872,8025872,0,3325872,-4700000,3325872,0.001,-0.001,0.001,Domestic
4411,4411,12,"Apr 22, 1988",Lady in White,4700000,1705139,1705139,0,-2994861,-4700000,-2994861,-0.001,-0.001,-0.001,Domestic
4412,4412,13,"Oct 13, 2006",Driving Lessons,4700000,239962,239962,0,-4460038,-4700000,-4460038,-0.001,-0.001,-0.001,Domestic
4415,4415,16,"May 23, 1973",Pat Garrett and Billy the Kid,4638783,8000000,11000000,3000000,3361217,-1638783,6361217,0.001,-0.0,0.002,Domestic
4416,4416,17,"Jul 16, 2004",Camping Sauvage,4600000,3479302,3479302,0,-1120698,-4600000,-1120698,-0.0,-0.001,-0.0,Domestic
4417,4417,18,"Sep 14, 2012",Barfi,4600000,2804874,36751984,33947110,-1795126,29347110,32151984,-0.001,0.008,0.009,Domestic
4418,4418,19,"Mar 4, 2005",Dear Frankie,4600000,1340891,3099369,1758478,-3259109,-2841522,-1500631,-0.001,-0.001,-0.0,Domestic
4419,4419,20,"Dec 29, 2004",The Assassination of Richard Nixon,4600000,708776,4880143,4171367,-3891224,-428633,280143,-0.001,-0.0,0.0,Domestic
4420,4420,21,"Jun 24, 2011",Le nom des gens,4600000,514237,9261711,8747474,-4085763,4147474,4661711,-0.001,0.001,0.001,Domestic
4421,4421,22,"May 28, 2008",Savage Grace,4600000,434417,968805,534388,-4165583,-4065612,-3631195,-0.001,-0.001,-0.001,Domestic
4422,4422,23,"Oct 19, 2007",Out of the Blue,4600000,728,731767,731039,-4599272,-3868961,-3868233,-0.001,-0.001,-0.001,Domestic
4423,4423,24,"Mar 23, 1984",Police Academy,4500000,81198894,81198894,0,76698894,-4500000,76698894,0.022,-0.001,0.022,Domestic
4424,4424,25,"Mar 9, 1994",Four Weddings and a Funeral,4500000,52700832,242895809,190194977,48200832,185694977,238395809,0.014,0.054,0.069,Domestic
4425,4425,26,"Jun 20, 1980",The Blue Lagoon,4500000,47923795,47923795,0,43423795,-4500000,43423795,0.013,-0.001,0.013,Domestic
4426,4426,27,"Aug 13, 1982",Fast Times at Ridgemont High,4500000,27092880,27092880,0,22592880,-4500000,22592880,0.007,-0.001,0.007,Domestic
4427,4427,28,"Sep 28, 1996",Secrets & Lies,4500000,13417292,13417292,0,8917292,-4500000,8917292,0.003,-0.001,0.003,Domestic
4428,4428,29,"Dec 19, 2002",25th Hour,4500000,13084595,25344490,12259895,8584595,7759895,20844490,0.002,0.002,0.006,Domestic
4429,4429,30,"Sep 13, 1985",After Hours,4500000,10609321,10609321,0,6109321,-4500000,6109321,0.002,-0.001,0.002,Domestic
4430,4430,31,"Jun 27, 1956",Moby Dick,4500000,10400000,10400000,0,5900000,-4500000,5900000,0.002,-0.001,0.002,Domestic
4431,4431,32,"Mar 25, 2016",The Lobster,4500000,9196278,18019834,8823556,4696278,4323556,13519834,0.001,0.001,0.004,Domestic
4432,4432,33,"Oct 4, 1996",Bound,4500000,3802260,7011317,3209057,-697740,-1290943,2511317,-0.0,-0.0,0.001,Domestic
4433,4433,34,"Oct 6, 2000",Requiem for a Dream,4500000,3635482,7389233,3753751,-864518,-746249,2889233,-0.0,-0.0,0.001,Domestic
4434,4434,35,"Mar 9, 1962",State Fair,4500000,3500000,3500000,0,-1000000,-4500000,-1000000,-0.0,-0.001,-0.0,Domestic
4435,4435,36,"Oct 24, 2008",LÃ¥t den rÃ¤tte komma in,4500000,2122085,12247682,10125597,-2377915,5625597,7747682,-0.001,0.002,0.002,Domestic
4436,4436,37,"Feb 12, 1999",Tango,4500000,1687311,5428387,3741076,-2812689,-758924,928387,-0.001,-0.0,0.0,Domestic
4437,4437,38,"Apr 23, 1986",Salvador,4500000,1500000,1500000,0,-3000000,-4500000,-3000000,-0.001,-0.001,-0.001,Domestic
4438,4438,39,"Oct 26, 2001",Donnie Darko,4500000,1480006,7510877,6030871,-3019994,1530871,3010877,-0.001,0.0,0.001,Domestic
4439,4439,40,"Sep 2, 2011",Salvando al Soldado Perez,4500000,1400726,9330465,7929739,-3099274,3429739,4830465,-0.001,0.001,0.001,Domestic
4440,4440,41,"Mar 27, 1998",Karakter,4500000,713413,713413,0,-3786587,-4500000,-3786587,-0.001,-0.001,-0.001,Domestic
4441,4441,42,"Aug 19, 2011",Nannerl la soeur de Mozart,4500000,707885,2404639,1696754,-3792115,-2803246,-2095361,-0.001,-0.001,-0.001,Domestic
4442,4442,43,"Mar 14, 2003",Spun,4500000,410241,1022649,612408,-4089759,-3887592,-3477351,-0.001,-0.001,-0.001,Domestic
4443,4443,44,"Jul 23, 2010",Life During Wartime,4500000,281447,281447,0,-4218553,-4500000,-4218553,-0.001,-0.001,-0.001,Domestic
4444,4444,45,"May 4, 2006",Chinjeolhan geumjassi,4500000,211667,23471871,23260204,-4288333,18760204,18971871,-0.001,0.005,0.005,Domestic
4445,4445,46,"Oct 7, 2011",Blackthorn,4500000,200558,1217307,1016749,-4299442,-3483251,-3282693,-0.001,-0.001,-0.001,Domestic
4446,4446,47,"May 8, 2015",Maggie,4500000,187112,1027760,840648,-4312888,-3659352,-3472240,-0.001,-0.001,-0.001,Domestic
4447,4447,48,"Apr 18, 2003",Lilja 4-ever,4500000,181655,4556982,4375327,-4318345,-124673,56982,-0.001,-0.0,0.0,Domestic
4448,4448,49,"Apr 9, 2010",After.Life,4500000,108596,2481925,2373329,-4391404,-2126671,-2018075,-0.001,-0.001,-0.001,Domestic
4449,4449,50,"Feb 22, 2002",Mean Machine,4500000,92723,92723,0,-4407277,-4500000,-4407277,-0.001,-0.001,-0.001,Domestic
4450,4450,51,"Aug 31, 2007",Fong juk,4500000,51957,51957,0,-4448043,-4500000,-4448043,-0.001,-0.001,-0.001,Domestic
4451,4451,52,"Jul 23, 2010",Spoken Word,4500000,32961,32961,0,-4467039,-4500000,-4467039,-0.001,-0.001,-0.001,Domestic
4452,4452,53,"Mar 1, 2013",The Sweeney,4500000,26345,8000366,7974021,-4473655,3474021,3500366,-0.001,0.001,0.001,Domestic
4453,4453,54,"Sep 4, 2014",Falcon Rising,4500000,11774,11774,0,-4488226,-4500000,-4488226,-0.001,-0.001,-0.001,Domestic
4459,4459,60,"Nov 19, 1975",One Flew Over the Cuckoo's Nest,4400000,108981275,108997629,16354,104581275,-4383646,104597629,0.03,-0.001,0.03,Domestic
4460,4460,61,"Jun 25, 1976",Silent Movie,4400000,36145695,36145695,0,31745695,-4400000,31745695,0.009,-0.001,0.009,Domestic
4464,4464,65,"Jun 6, 2003",Whale Rider,4300000,20779666,39374600,18594934,16479666,14294934,35074600,0.005,0.004,0.01,Domestic
4465,4465,66,"Jun 13, 2001",Sexy Beast,4300000,6946056,10158355,3212299,2646056,-1087701,5858355,0.001,-0.0,0.002,Domestic
4466,4466,67,"Dec 4, 2009",Paa,4300000,199228,9791282,9592054,-4100772,5292054,5491282,-0.001,0.002,0.002,Domestic
4467,4467,68,"Jul 11, 2012",Snabba Cash,4300000,188870,10212403,10023533,-4111130,5723533,5912403,-0.001,0.002,0.002,Domestic
4468,4468,69,"Oct 19, 1990",Night of the Living Dead,4200000,5835247,5835247,0,1635247,-4200000,1635247,0.0,-0.001,0.0,Domestic
4469,4469,70,"Feb 17, 2006",Nochnoy dozor,4200000,1502188,33913542,32411354,-2697812,28211354,29713542,-0.001,0.008,0.009,Domestic
4470,4470,71,"Aug 13, 2010",Animal Kingdom,4200000,1044039,8078683,7034644,-3155961,2834644,3878683,-0.001,0.001,0.001,Domestic
4471,4471,72,"May 28, 2010",George A. Romero's Survival of the Dead,4200000,101740,101740,0,-4098260,-4200000,-4098260,-0.001,-0.001,-0.001,Domestic
4474,4474,75,"Mar 6, 1998",Love and Death on Long Island,4030000,2542264,2542264,0,-1487736,-4030000,-1487736,-0.0,-0.001,-0.0,Domestic
4475,4475,76,"Mar 19, 1982",Porky's,4000000,109492484,109492484,0,105492484,-4000000,105492484,0.03,-0.001,0.03,Domestic
4476,4476,77,"Feb 5, 1953",Peter Pan,4000000,87400000,87400000,0,83400000,-4000000,83400000,0.024,-0.001,0.024,Domestic
4477,4477,78,"Nov 25, 1992",The Crying Game,4000000,62546695,62546695,0,58546695,-4000000,58546695,0.017,-0.001,0.017,Domestic
4478,4478,79,"Sep 12, 2003",Lost in Translation,4000000,44585453,117085297,72499844,40585453,68499844,113085297,0.012,0.02,0.033,Domestic
4479,4479,80,"Apr 20, 1977",Annie Hall,4000000,38251425,38251425,0,34251425,-4000000,34251425,0.01,-0.001,0.01,Domestic
4480,4480,81,"Jan 23, 2015",The Boy Next Door,4000000,36006065,53401938,17395873,32006065,13395873,49401938,0.009,0.004,0.014,Domestic
4481,4481,82,"Jan 10, 1952",The Greatest Show on Earth,4000000,36000000,36000000,0,32000000,-4000000,32000000,0.009,-0.001,0.009,Domestic
4482,4482,83,"Oct 27, 1995",Leaving Las Vegas,4000000,31983777,49800000,17816223,27983777,13816223,45800000,0.008,0.004,0.013,Domestic
4483,4483,84,"Dec 26, 2001",Monster's Ball,4000000,31273922,43766463,12492541,27273922,8492541,39766463,0.008,0.002,0.011,Domestic
4484,4484,85,"Jul 11, 2014",Boyhood,4000000,25379975,57273049,31893074,21379975,27893074,53273049,0.006,0.008,0.015,Domestic
4485,4485,86,"Dec 15, 1960",Exodus,4000000,21750000,21750000,0,17750000,-4000000,17750000,0.005,-0.001,0.005,Domestic
4486,4486,87,"Jul 9, 2010",The Kids Are All Right,4000000,20811365,36275469,15464104,16811365,11464104,32275469,0.005,0.003,0.009,Domestic
4487,4487,88,"Aug 17, 1979",Life of Brian,4000000,20182359,20468305,285946,16182359,-3714054,16468305,0.005,-0.001,0.005,Domestic
4488,4488,89,"Apr 18, 2014",A Haunted House 2,4000000,17329487,21206861,3877374,13329487,-122626,17206861,0.004,-0.0,0.005,Domestic
4489,4489,90,"Mar 1, 2013",The Last Exorcism Part II,4000000,15179303,25448707,10269404,11179303,6269404,21448707,0.003,0.002,0.006,Domestic
4490,4490,91,"Dec 17, 1974",The Front Page,4000000,15000000,15000000,0,11000000,-4000000,11000000,0.003,-0.001,0.003,Domestic
4491,4491,92,"May 30, 1956",Trapeze,4000000,14400000,14400000,0,10400000,-4000000,10400000,0.003,-0.001,0.003,Domestic
4492,4492,93,"Aug 16, 1985",The Return of the Living Dead,4000000,14237880,14237880,0,10237880,-4000000,10237880,0.003,-0.001,0.003,Domestic
4493,4493,94,"Nov 4, 1988",They Live,4000000,13000000,13000774,774,9000000,-3999226,9000774,0.003,-0.001,0.003,Domestic
4494,4494,95,"Aug 4, 2000",Saving Grace,4000000,12178602,27786849,15608247,8178602,11608247,23786849,0.002,0.003,0.007,Domestic
4495,4495,96,"Aug 8, 1963",The Great Escape,4000000,11744471,11972561,228090,7744471,-3771910,7972561,0.002,-0.001,0.002,Domestic
4496,4496,97,"Feb 6, 2004",What the #$'! Do We Know,4000000,10941801,10941801,0,6941801,-4000000,6941801,0.002,-0.001,0.002,Domestic
4497,4497,98,"May 13, 2016",The Darkness,4000000,10753574,10898293,144719,6753574,-3855281,6898293,0.002,-0.001,0.002,Domestic
4498,4498,99,"Jul 28, 2006",Scoop,4000000,10525717,40103262,29577545,6525717,25577545,36103262,0.002,0.007,0.01,Domestic
4499,4499,100,"Nov 14, 2001",The Wash,4000000,10097096,10097096,0,6097096,-4000000,6097096,0.002,-0.001,0.002,Domestic
4500,4500,1,"Mar 1, 2000",3 Strikes,4000000,9821335,9821335,0,5821335,-4000000,5821335,0.002,-0.001,0.002,Domestic
4501,4501,2,"Apr 11, 2008",The Visitor,4000000,9427026,19174817,9747791,5427026,5747791,15174817,0.002,0.002,0.004,Domestic
4502,4502,3,"Nov 26, 2003",The Cooler,4000000,8291572,11131455,2839883,4291572,-1160117,7131455,0.001,-0.0,0.002,Domestic
4503,4503,4,"Feb 1, 1961",The Misfits,4000000,8200000,8200000,0,4200000,-4000000,4200000,0.001,-0.001,0.001,Domestic
4504,4504,5,"Aug 4, 2006",The Night Listener,4000000,7836393,10770993,2934600,3836393,-1065400,6770993,0.001,-0.0,0.002,Domestic
4505,4505,6,"Feb 3, 1995",The Jerky Boys,4000000,7555256,7555256,0,3555256,-4000000,3555256,0.001,-0.001,0.001,Domestic
4506,4506,7,"Dec 28, 2007",El orfanato,4000000,7159147,79250193,72091046,3159147,68091046,75250193,0.001,0.02,0.022,Domestic
4507,4507,8,"May 25, 2007",Bug,4000000,7006708,8302995,1296287,3006708,-2703713,4302995,0.001,-0.001,0.001,Domestic
4508,4508,9,"Oct 11, 2002",The Rules of Attraction,4000000,6525762,11799060,5273298,2525762,1273298,7799060,0.001,0.0,0.002,Domestic
4509,4509,10,"Dec 19, 1969",Topaz,4000000,6000000,6000000,0,2000000,-4000000,2000000,0.001,-0.001,0.001,Domestic
4510,4510,11,"Nov 17, 2006",Let's Go to Prison,4000000,4630045,4630045,0,630045,-4000000,630045,0.0,-0.001,0.0,Domestic
4511,4511,12,"Dec 25, 1995",Four Rooms,4000000,4301000,4301000,0,301000,-4000000,301000,0.0,-0.001,0.0,Domestic
4512,4512,13,"Sep 20, 2002",Secretary,4000000,4046737,9413956,5367219,46737,1367219,5413956,0.0,0.0,0.002,Domestic
4513,4513,14,"Apr 25, 2003",The Real Cancun,4000000,3816594,3816594,0,-183406,-4000000,-183406,-0.0,-0.001,-0.0,Domestic
4514,4514,15,"Dec 1, 1988",Talk Radio,4000000,3468572,3468572,0,-531428,-4000000,-531428,-0.0,-0.001,-0.0,Domestic
4515,4515,16,"Jan 31, 1997",Waiting for Guffman,4000000,2922988,2922988,0,-1077012,-4000000,-1077012,-0.0,-0.001,-0.0,Domestic
4516,4516,17,"Sep 10, 1999",Love Stinks,4000000,2793776,2793776,0,-1206224,-4000000,-1206224,-0.0,-0.001,-0.0,Domestic
4517,4517,18,"Aug 24, 2012",Samsara,4000000,2672413,5966671,3294258,-1327587,-705742,1966671,-0.0,-0.0,0.001,Domestic
4518,4518,19,"Jun 22, 2007",You Kill Me,4000000,2426851,3858964,1432113,-1573149,-2567887,-141036,-0.0,-0.001,-0.0,Domestic
4519,4519,20,"Jun 17, 2011",The Art of Getting By,4000000,1430241,1989035,558794,-2569759,-3441206,-2010965,-0.001,-0.001,-0.001,Domestic
4520,4520,21,"Sep 16, 2005",Thumbsucker,4000000,1328679,1919197,590518,-2671321,-3409482,-2080803,-0.001,-0.001,-0.001,Domestic
4521,4521,22,"Sep 23, 2011",Red State,4000000,1065429,1983596,918167,-2934571,-3081833,-2016404,-0.001,-0.001,-0.001,Domestic
4522,4522,23,"Sep 30, 2005",MirrorMask,4000000,864959,973613,108654,-3135041,-3891346,-3026387,-0.001,-0.001,-0.001,Domestic
4523,4523,24,"Mar 31, 1987",The Barbarians,4000000,800000,800000,0,-3200000,-4000000,-3200000,-0.001,-0.001,-0.001,Domestic
4524,4524,25,"Oct 17, 2012",Holy Motors,4000000,641054,4230426,3589372,-3358946,-410628,230426,-0.001,-0.0,0.0,Domestic
4525,4525,26,"Jun 13, 2014",The Signal,4000000,600896,2665322,2064426,-3399104,-1935574,-1334678,-0.001,-0.001,-0.0,Domestic
4526,4526,27,"Feb 28, 2003",Poolhall Junkies,4000000,563711,563711,0,-3436289,-4000000,-3436289,-0.001,-0.001,-0.001,Domestic
4527,4527,28,"May 28, 1999",The Loss of Sexual Innocence,4000000,399793,399793,0,-3600207,-4000000,-3600207,-0.001,-0.001,-0.001,Domestic
4528,4528,29,"Mar 7, 2014",The Face of Love,4000000,385069,1158877,773808,-3614931,-3226192,-2841123,-0.001,-0.001,-0.001,Domestic
4529,4529,30,"Apr 11, 2014",Joe,4000000,373375,373375,0,-3626625,-4000000,-3626625,-0.001,-0.001,-0.001,Domestic
4530,4530,31,"Mar 4, 1988",Prison,4000000,354704,354704,0,-3645296,-4000000,-3645296,-0.001,-0.001,-0.001,Domestic
4531,4531,32,"May 1, 1998",Shooting Fish,4000000,302204,302204,0,-3697796,-4000000,-3697796,-0.001,-0.001,-0.001,Domestic
4532,4532,33,"May 8, 2009",Adoration,4000000,294244,384244,90000,-3705756,-3910000,-3615756,-0.001,-0.001,-0.001,Domestic
4533,4533,34,"Aug 4, 2000",Psycho Beach Party,4000000,267972,267972,0,-3732028,-4000000,-3732028,-0.001,-0.001,-0.001,Domestic
4534,4534,35,"Jun 7, 2019",Late Night,4000000,246305,246305,0,-3753695,-4000000,-3753695,-0.001,-0.001,-0.001,Domestic
4535,4535,36,"Jan 28, 2000",The Big Tease,4000000,185577,185577,0,-3814423,-4000000,-3814423,-0.001,-0.001,-0.001,Domestic
4536,4536,37,"Aug 25, 2017",Polina danser sa vie,4000000,165203,953314,788111,-3834797,-3211889,-3046686,-0.001,-0.001,-0.001,Domestic
4537,4537,38,"Apr 10, 2015",Desert Dancer,4000000,155271,596335,441064,-3844729,-3558936,-3403665,-0.001,-0.001,-0.001,Domestic
4538,4538,39,"Jan 30, 2015","Guten Tag, Ramon",4000000,154356,4854356,4700000,-3845644,700000,854356,-0.001,0.0,0.0,Domestic
4539,4539,40,"Jul 25, 2003",Mondays in the Sun,4000000,146402,146402,0,-3853598,-4000000,-3853598,-0.001,-0.001,-0.001,Domestic
4540,4540,41,"Jun 19, 2015",Manglehorn,4000000,132270,797439,665169,-3867730,-3334831,-3202561,-0.001,-0.001,-0.001,Domestic
4541,4541,42,"Apr 2, 2010",Tau ming chong,4000000,129078,38899792,38770714,-3870922,34770714,34899792,-0.001,0.01,0.01,Domestic
4542,4542,43,"Apr 1, 2011",Trust,4000000,120016,120016,0,-3879984,-4000000,-3879984,-0.001,-0.001,-0.001,Domestic
4543,4543,44,"Dec 22, 2000",An Everlasting Piece,4000000,75078,75078,0,-3924922,-4000000,-3924922,-0.001,-0.001,-0.001,Domestic
4544,4544,45,"Mar 26, 1999",Among Giants,4000000,64359,64359,0,-3935641,-4000000,-3935641,-0.001,-0.001,-0.001,Domestic
4545,4545,46,"Jul 16, 1999",The Velocity of Gary,4000000,34145,34145,0,-3965855,-4000000,-3965855,-0.001,-0.001,-0.001,Domestic
4546,4546,47,"Apr 22, 2011",Stake Land,4000000,33245,679482,646237,-3966755,-3353763,-3320518,-0.001,-0.001,-0.001,Domestic
4547,4547,48,"Feb 27, 2015",Praia do Futuro,4000000,20620,760678,740058,-3979380,-3259942,-3239322,-0.001,-0.001,-0.001,Domestic
4548,4548,49,"Dec 27, 2002",Sonny,4000000,17639,17639,0,-3982361,-4000000,-3982361,-0.001,-0.001,-0.001,Domestic
4549,4549,50,"Jun 20, 1997",The Last Time I Committed Suicide,4000000,12836,12836,0,-3987164,-4000000,-3987164,-0.001,-0.001,-0.001,Domestic
4550,4550,51,"Apr 18, 2014",13 Sins,4000000,9134,47552,38418,-3990866,-3961582,-3952448,-0.001,-0.001,-0.001,Domestic
4551,4551,52,"Nov 18, 2011",Another Happy Day,4000000,9120,978527,969407,-3990880,-3030593,-3021473,-0.001,-0.001,-0.001,Domestic
4552,4552,53,"Feb 22, 2013",Inescapable,4000000,4327,4327,0,-3995673,-4000000,-3995673,-0.001,-0.001,-0.001,Domestic
4567,4567,68,"Dec 15, 1939",Gone with the Wind,3900000,198680470,390525192,191844722,194780470,187944722,386625192,0.056,0.054,0.112,Domestic
4568,4568,69,"Dec 12, 1966",A Man for All Seasons,3900000,28350000,28350000,0,24450000,-3900000,24450000,0.007,-0.001,0.007,Domestic
4569,4569,70,"Dec 30, 1925",Ben-Hur: A Tale of the Christ,3900000,9000000,9000000,0,5100000,-3900000,5100000,0.001,-0.001,0.001,Domestic
4570,4570,71,"Jan 1, 1976",Network,3800000,23689877,23689877,0,19889877,-3800000,19889877,0.006,-0.001,0.006,Domestic
4571,4571,72,"Jan 14, 2011",Down for Life,3800000,41914,41914,0,-3758086,-3800000,-3758086,-0.001,-0.001,-0.001,Domestic
4572,4572,73,"Apr 30, 2010",The Good Heart,3800000,20930,340930,320000,-3779070,-3480000,-3459070,-0.001,-0.001,-0.001,Domestic
4573,4573,74,"Apr 7, 1965",Major Dundee,3800000,14873,14873,0,-3785127,-3800000,-3785127,-0.001,-0.001,-0.001,Domestic
4574,4574,75,"Oct 5, 2018",Hevi reissu,3800000,10153,10153,0,-3789847,-3800000,-3789847,-0.001,-0.001,-0.001,Domestic
4576,4576,77,"May 17, 1950",Annie Get Your Gun,3768785,8000000,8000000,0,4231215,-3768785,4231215,0.001,-0.001,0.001,Domestic
4577,4577,78,"Aug 11, 2006",Casa de Areia,3750000,539285,1178175,638890,-3210715,-3111110,-2571825,-0.001,-0.001,-0.001,Domestic
4578,4578,79,"Nov 5, 2010",Four Lions,3750000,310007,2436111,2126104,-3439993,-1623896,-1313889,-0.001,-0.0,-0.0,Domestic
4579,4579,80,"Feb 19, 2010",Defendor,3750000,44462,44462,0,-3705538,-3750000,-3705538,-0.001,-0.001,-0.001,Domestic
4580,4580,81,"May 13, 1970",The Ballad of Cable Hogue,3716946,3500000,5000000,1500000,-216946,-2216946,1283054,-0.0,-0.001,0.0,Domestic
4581,4581,82,"May 20, 1948",The Pirate,3700000,2956000,2956000,0,-744000,-3700000,-744000,-0.0,-0.001,-0.0,Domestic
4582,4582,83,"Nov 21, 2006",The History Boys,3700000,2730296,13447998,10717702,-969704,7017702,9747998,-0.0,0.002,0.003,Domestic
4583,4583,84,"Nov 3, 2006",Unknown,3700000,26403,3355048,3328645,-3673597,-371355,-344952,-0.001,-0.0,-0.0,Domestic
4584,4584,85,"May 25, 1969",Midnight Cowboy,3600000,44785053,44785053,0,41185053,-3600000,41185053,0.012,-0.001,0.012,Domestic
4585,4585,86,"Oct 10, 2008",Billy: The Early Years of Billy Graham,3600000,320896,320896,0,-3279104,-3600000,-3279104,-0.001,-0.001,-0.001,Domestic
4587,4587,88,"Jul 4, 1980",Airplane!,3500000,83453539,83453539,0,79953539,-3500000,79953539,0.023,-0.001,0.023,Domestic
4588,4588,89,"Jan 1, 1970",M*A*S*H,3500000,81600000,81600000,0,78100000,-3500000,78100000,0.023,-0.001,0.023,Domestic
4589,4589,90,"Aug 13, 1997",The Full Monty,3500000,45950122,261249383,215299261,42450122,211799261,257749383,0.012,0.061,0.074,Domestic
4590,4590,91,"Apr 13, 2018",Truth or Dare,3500000,41411015,95127344,53716329,37911015,50216329,91627344,0.011,0.014,0.026,Domestic
4591,4591,92,"May 26, 1993",Menace II Society,3500000,27731527,27731527,0,24231527,-3500000,24231527,0.007,-0.001,0.007,Domestic
4592,4592,93,"Apr 26, 1995",Friday,3500000,27467564,27936778,469214,23967564,-3030786,24436778,0.007,-0.001,0.007,Domestic
4593,4593,94,"Feb 19, 2016",The Witch,3500000,25138705,40454520,15315815,21638705,11815815,36954520,0.006,0.003,0.011,Domestic
4594,4594,95,"Feb 2, 2018",Winchester,3500000,25091816,44378040,19286224,21591816,15786224,40878040,0.006,0.005,0.012,Domestic
4595,4595,96,"Dec 6, 2002",Empire,3500000,17504595,18495444,990849,14004595,-2509151,14995444,0.004,-0.001,0.004,Domestic
4596,4596,97,"Feb 22, 2013",Dark Skies,3500000,17418667,27704111,10285444,13918667,6785444,24204111,0.004,0.002,0.007,Domestic
4597,4597,98,"Jan 19, 2018",Forever My Girl,3500000,16376066,16376066,0,12876066,-3500000,12876066,0.004,-0.001,0.004,Domestic
4598,4598,99,"May 1, 1987",Creepshow 2,3500000,14000000,14000000,0,10500000,-3500000,10500000,0.003,-0.001,0.003,Domestic
4599,4599,100,"Dec 14, 1967",In Cold Blood,3500000,13000000,13007551,7551,9500000,-3492449,9507551,0.003,-0.001,0.003,Domestic
4600,4600,1,"Jul 18, 1959",The Nun's Story,3500000,12800000,12800000,0,9300000,-3500000,9300000,0.003,-0.001,0.003,Domestic
4601,4601,2,"Jun 21, 1972",Frenzy,3500000,12600000,12600000,0,9100000,-3500000,9100000,0.003,-0.001,0.003,Domestic
4602,4602,3,"Feb 23, 1966",Harper,3500000,12000000,12000000,0,8500000,-3500000,8500000,0.002,-0.001,0.002,Domestic
4603,4603,4,"May 27, 1998",I Got the Hook-Up!,3500000,10317779,10317779,0,6817779,-3500000,6817779,0.002,-0.001,0.002,Domestic
4604,4604,5,"Aug 23, 1996",She's the One,3500000,9482579,13795053,4312474,5982579,812474,10295053,0.002,0.0,0.003,Domestic
4605,4605,6,"Jan 1, 1980",Terror Train,3500000,8000000,8000000,0,4500000,-3500000,4500000,0.001,-0.001,0.001,Domestic
4606,4606,7,"Nov 6, 1998",Gods and Monsters,3500000,6451628,6451628,0,2951628,-3500000,2951628,0.001,-0.001,0.001,Domestic
4607,4607,8,"Apr 16, 2010",El secreto de sus ojos,3500000,6391436,40527719,34136283,2891436,30636283,37027719,0.001,0.009,0.011,Domestic
4608,4608,9,"Mar 13, 1987",Evil Dead II,3500000,5923044,5926177,3133,2423044,-3496867,2426177,0.001,-0.001,0.001,Domestic
4609,4609,10,"Jun 30, 1985",Day of the Dead,3500000,5804262,34004262,28200000,2304262,24700000,30504262,0.001,0.007,0.009,Domestic
4610,4610,11,"May 18, 2018",First Reformed,3500000,3448256,3874772,426516,-51744,-3073484,374772,-0.0,-0.001,0.0,Domestic
4611,4611,12,"Jun 29, 2001",Pootie Tang,3500000,3293258,3293258,0,-206742,-3500000,-206742,-0.0,-0.001,-0.0,Domestic
4612,4612,13,"Dec 2, 2016",Believe,3500000,890303,890303,0,-2609697,-3500000,-2609697,-0.001,-0.001,-0.001,Domestic
4613,4613,14,"Apr 19, 2000",La otra conquista,3500000,886410,886410,0,-2613590,-3500000,-2613590,-0.001,-0.001,-0.001,Domestic
4614,4614,15,"Sep 30, 2016",American Honey,3500000,663247,2611750,1948503,-2836753,-1551497,-888250,-0.001,-0.0,-0.0,Domestic
4615,4615,16,"Mar 18, 2016",The Bronze,3500000,615816,615816,0,-2884184,-3500000,-2884184,-0.001,-0.001,-0.001,Domestic
4616,4616,17,"Jun 10, 2011",Trolljegeren,3500000,253444,5706638,5453194,-3246556,1953194,2206638,-0.001,0.001,0.001,Domestic
4617,4617,18,"Sep 14, 2007",Ira and Abby,3500000,221096,221096,0,-3278904,-3500000,-3278904,-0.001,-0.001,-0.001,Domestic
4618,4618,19,"Jan 8, 2016",The Masked Saint,3500000,182695,182695,0,-3317305,-3500000,-3317305,-0.001,-0.001,-0.001,Domestic
4619,4619,20,"Feb 17, 2006",Winter Passing,3500000,107492,113783,6291,-3392508,-3493709,-3386217,-0.001,-0.001,-0.001,Domestic
4620,4620,21,"Mar 25, 2005",D.E.B.S.,3500000,96793,96793,0,-3403207,-3500000,-3403207,-0.001,-0.001,-0.001,Domestic
4621,4621,22,"Jun 3, 2016",Time to Choose,3500000,29233,29233,0,-3470767,-3500000,-3470767,-0.001,-0.001,-0.001,Domestic
4622,4622,23,"Jun 26, 2009",Surveillance,3500000,27349,1396395,1369046,-3472651,-2130954,-2103605,-0.001,-0.001,-0.001,Domestic
4623,4623,24,"Sep 17, 1999",Taxman,3500000,9871,9871,0,-3490129,-3500000,-3490129,-0.001,-0.001,-0.001,Domestic
4632,4632,33,"May 17, 2013",Jagten,3450000,687185,18309793,17622608,-2762815,14172608,14859793,-0.001,0.004,0.004,Domestic
4634,4634,35,"Jun 24, 2005",La marche de l'empereur,3400000,77437223,133276359,55839136,74037223,52439136,129876359,0.021,0.015,0.037,Domestic
4635,4635,36,"Dec 23, 1977",High Anxiety,3400000,31063038,31063038,0,27663038,-3400000,27663038,0.008,-0.001,0.008,Domestic
4636,4636,37,"Oct 21, 2011",Margin Call,3400000,5353586,20433227,15079641,1953586,11679641,17033227,0.001,0.003,0.005,Domestic
4637,4637,38,"Sep 26, 2008",Choke,3400000,2926565,4124277,1197712,-473435,-2202288,724277,-0.0,-0.001,0.0,Domestic
4638,4638,39,"Apr 23, 2004",L\'incomparable mademoiselle C.,3400000,493905,493905,0,-2906095,-3400000,-2906095,-0.001,-0.001,-0.001,Domestic
4639,4639,40,"Jul 11, 2008",August,3400000,12636,12636,0,-3387364,-3400000,-3387364,-0.001,-0.001,-0.001,Domestic
4642,4642,43,"Oct 10, 2014",Whiplash,3300000,13092006,38969037,25877031,9792006,22577031,35669037,0.003,0.007,0.01,Domestic
4643,4643,44,"Oct 26, 2007",Bella,3300000,8093373,12405473,4312100,4793373,1012100,9105473,0.001,0.0,0.003,Domestic
4644,4644,45,"Jan 17, 2003",Cidade de Deus,3300000,7563397,32059295,24495898,4263397,21195898,28759295,0.001,0.006,0.008,Domestic
4645,4645,46,"May 5, 2000",Human Traffic,3300000,104257,5422740,5318483,-3195743,2018483,2122740,-0.001,0.001,0.001,Domestic
4646,4646,47,"Dec 29, 2006",The Dead Girl,3300000,19875,19875,0,-3280125,-3300000,-3280125,-0.001,-0.001,-0.001,Domestic
4648,4648,49,"Nov 18, 1983",A Christmas Story,3250000,20605209,20605209,0,17355209,-3250000,17355209,0.005,-0.001,0.005,Domestic
4649,4649,50,"Aug 20, 1982",Class of 1984,3250000,6965361,6965361,0,3715361,-3250000,3715361,0.001,-0.001,0.001,Domestic
4650,4650,51,"Jan 30, 2009",Entre les murs,3250000,3766810,34114067,30347257,516810,27097257,30864067,0.0,0.008,0.009,Domestic
4651,4651,52,"Oct 29, 1999",Dreaming of Joseph Lees,3250000,7680,7680,0,-3242320,-3250000,-3242320,-0.001,-0.001,-0.001,Domestic
4652,4652,53,"Jun 12, 1968",Rosemary's Baby,3200000,33395426,33395426,0,30195426,-3200000,30195426,0.009,-0.001,0.009,Domestic
4653,4653,54,"Jul 6, 2018",Sorry to Bother You,3200000,17493096,18285560,792464,14293096,-2407536,15085560,0.004,-0.001,0.004,Domestic
4654,4654,55,"Apr 22, 1962",The Man Who Shot Liberty Valance,3200000,8000000,8000000,0,4800000,-3200000,4800000,0.001,-0.001,0.001,Domestic
4655,4655,56,"Jul 16, 2004",Maria Full of Grace,3200000,6529624,14441158,7911534,3329624,4711534,11241158,0.001,0.001,0.003,Domestic
4656,4656,57,"Jun 3, 2011",Beginners,3200000,5790894,14314407,8523513,2590894,5323513,11114407,0.001,0.002,0.003,Domestic
4657,4657,58,"Apr 22, 2016",The Meddler,3200000,4267219,5526942,1259723,1067219,-1940277,2326942,0.0,-0.001,0.001,Domestic
4658,4658,59,"Jul 29, 2009",Adam,3200000,2283291,2834485,551194,-916709,-2648806,-365515,-0.0,-0.001,-0.0,Domestic
4659,4659,60,"Sep 22, 2006",Feast,3200000,56131,690872,634741,-3143869,-2565259,-2509128,-0.001,-0.001,-0.001,Domestic
4660,4660,61,"Dec 20, 1946",Itâs a Wonderful Life,3180000,6600000,10768908,4168908,3420000,988908,7588908,0.001,0.0,0.002,Domestic
4661,4661,62,"Jul 19, 1996",Trainspotting,3100000,16501785,71558971,55057186,13401785,51957186,68458971,0.004,0.015,0.02,Domestic
4663,4663,64,"Jul 28, 1978",National Lampoon's Animal House,3000000,141600000,141600000,0,138600000,-3000000,138600000,0.04,-0.001,0.04,Domestic
4664,4664,65,"Oct 20, 2010",Paranormal Activity 2,3000000,84752907,177512032,92759125,81752907,89759125,174512032,0.024,0.026,0.05,Domestic
4665,4665,66,"Aug 28, 2015",War Room,3000000,67790117,73975239,6185122,64790117,3185122,70975239,0.019,0.001,0.02,Domestic
4666,4666,67,"Jun 7, 2013",The Purge,3000000,64473115,91266581,26793466,61473115,23793466,88266581,0.018,0.007,0.025,Domestic
4667,4667,68,"Dec 22, 1964",Goldfinger,3000000,51100000,124900000,73800000,48100000,70800000,121900000,0.014,0.02,0.035,Domestic
4668,4668,69,"Oct 12, 2012",Sinister,3000000,48086903,87727807,39640904,45086903,36640904,84727807,0.013,0.011,0.024,Domestic
4669,4669,70,"Aug 18, 2000",The Original Kings of Comedy,3000000,38168022,38236338,68316,35168022,-2931684,35236338,0.01,-0.001,0.01,Domestic
4670,4670,71,"Dec 18, 1957",The Bridge on the River Kwai,3000000,33300000,33300000,0,30300000,-3000000,30300000,0.009,-0.001,0.009,Domestic
4671,4671,72,"Jan 1, 1978",Coming Home,3000000,32653000,32653000,0,29653000,-3000000,29653000,0.009,-0.001,0.009,Domestic
4672,4672,73,"Nov 20, 1998",Waking Ned Devine,3000000,24793251,55193251,30400000,21793251,27400000,52193251,0.006,0.008,0.015,Domestic
4673,4673,74,"Aug 1, 1997",Air Bud,3000000,24646936,27788649,3141713,21646936,141713,24788649,0.006,0.0,0.007,Domestic
4674,4674,75,"Oct 11, 2002",Bowling for Columbine,3000000,21576018,58240487,36664469,18576018,33664469,55240487,0.005,0.01,0.016,Domestic
4675,4675,76,"Nov 1, 1985",A Nightmare on Elm Street Part 2: Freddy's Revenge,3000000,21163999,21163999,0,18163999,-3000000,18163999,0.005,-0.001,0.005,Domestic
4676,4676,77,"Mar 7, 1986",A Room with a View,3000000,20966644,20966644,0,17966644,-3000000,17966644,0.005,-0.001,0.005,Domestic
4677,4677,78,"Jun 10, 1975",Love and Death,3000000,20123742,20123742,0,17123742,-3000000,17123742,0.005,-0.001,0.005,Domestic
4678,4678,79,"Aug 1, 1986",Friday the 13th Part VI: Jason Lives,3000000,19472057,19472057,0,16472057,-3000000,16472057,0.005,-0.001,0.005,Domestic
4679,4679,80,"Aug 2, 2002",Martin Lawrence Live: RunTelDat,3000000,19184820,19184820,0,16184820,-3000000,16184820,0.005,-0.001,0.005,Domestic
4680,4680,81,"Jun 15, 1960",The Apartment,3000000,18600000,24600000,6000000,15600000,3000000,21600000,0.005,0.001,0.006,Domestic
4681,4681,82,"Sep 20, 1958",Cat on a Hot Tin Roof,3000000,17570324,17570324,0,14570324,-3000000,14570324,0.004,-0.001,0.004,Domestic
4682,4682,83,"May 26, 1970",Beneath the Planet of the Apes,3000000,17489009,17489009,0,14489009,-3000000,14489009,0.004,-0.001,0.004,Domestic
4683,4683,84,"Apr 6, 2001",Pokemon 3: The Movie,3000000,17052128,68452128,51400000,14052128,48400000,65452128,0.004,0.014,0.019,Domestic
4684,4684,85,"Aug 13, 1993",Jason Goes to Hell: The Final Friday,3000000,15935068,15935068,0,12935068,-3000000,12935068,0.004,-0.001,0.004,Domestic
4685,4685,86,"Apr 27, 1990",Spaced Invaders,3000000,15000000,15000000,0,12000000,-3000000,12000000,0.003,-0.001,0.003,Domestic
4686,4686,87,"Apr 9, 1976",Family Plot,3000000,13200000,13200000,0,10200000,-3000000,10200000,0.003,-0.001,0.003,Domestic
4687,4687,88,"Jul 16, 1966",Torn Curtain,3000000,13000000,13000000,0,10000000,-3000000,10000000,0.003,-0.001,0.003,Domestic
4688,4688,89,"Jun 1, 2018",Upgrade,3000000,11977130,16553285,4576155,8977130,1576155,13553285,0.003,0.0,0.004,Domestic
4689,4689,90,"Mar 3, 2006",Dave Chappelle's Block Party,3000000,11718595,12051924,333329,8718595,-2666671,9051924,0.003,-0.001,0.003,Domestic
4690,4690,91,"Oct 25, 1985",Krush Groove,3000000,11052713,11052713,0,8052713,-3000000,8052713,0.002,-0.001,0.002,Domestic
4691,4691,92,"Jul 7, 1960",Elmer Gantry,3000000,10400000,10400000,0,7400000,-3000000,7400000,0.002,-0.001,0.002,Domestic
4692,4692,93,"May 8, 2009",Next Day Air,3000000,10027047,10172519,145472,7027047,-2854528,7172519,0.002,-0.001,0.002,Domestic
4693,4693,94,"Dec 19, 1961",Judgment at Nuremberg,3000000,10000000,10000000,0,7000000,-3000000,7000000,0.002,-0.001,0.002,Domestic
4694,4694,95,"Nov 4, 1998",Belly,3000000,9639390,9639390,0,6639390,-3000000,6639390,0.002,-0.001,0.002,Domestic
4695,4695,96,"May 12, 1999",Trippinâ,3000000,9017070,9017070,0,6017070,-3000000,6017070,0.002,-0.001,0.002,Domestic
4696,4696,97,"Aug 26, 1948",Red River,3000000,9012000,9012000,0,6012000,-3000000,6012000,0.002,-0.001,0.002,Domestic
4697,4697,98,"Aug 8, 2001",The Deep End,3000000,8823109,9981635,1158526,5823109,-1841474,6981635,0.002,-0.001,0.002,Domestic
4698,4698,99,"May 24, 2013",Before Midnight,3000000,8110621,23251930,15141309,5110621,12141309,20251930,0.001,0.004,0.006,Domestic
4699,4699,100,"Nov 20, 1987",Teen Wolf Too,3000000,7888000,7888000,0,4888000,-3000000,4888000,0.001,-0.001,0.001,Domestic
4700,4700,1,"Jul 31, 2009",The Collector,3000000,7712114,10473836,2761722,4712114,-238278,7473836,0.001,-0.0,0.002,Domestic
4701,4701,2,"Jul 8, 1988",Phantasm II,3000000,7282851,7282851,0,4282851,-3000000,4282851,0.001,-0.001,0.001,Domestic
4702,4702,3,"Oct 27, 2017",Let There Be Light,3000000,7233471,7241309,7838,4233471,-2992162,4241309,0.001,-0.001,0.001,Domestic
4703,4703,4,"Apr 7, 2006",Phat Girlz,3000000,7061128,7301115,239987,4061128,-2760013,4301115,0.001,-0.001,0.001,Domestic
4704,4704,5,"Oct 1, 2004",Woman Thou Art Loosed,3000000,6879730,6879730,0,3879730,-3000000,3879730,0.001,-0.001,0.001,Domestic
4705,4705,6,"Oct 18, 2002",Real Women Have Curves,3000000,5853194,7777790,1924596,2853194,-1075404,4777790,0.001,-0.0,0.001,Domestic
4706,4706,7,"Aug 28, 1981",Gallipoli,3000000,5732587,5732587,0,2732587,-3000000,2732587,0.001,-0.001,0.001,Domestic
4707,4707,8,"Apr 28, 2006",Water,3000000,5529144,11322573,5793429,2529144,2793429,8322573,0.001,0.001,0.002,Domestic
4708,4708,9,"Jul 22, 2016",Donât Think Twice,3000000,4417983,4417983,0,1417983,-3000000,1417983,0.0,-0.001,0.0,Domestic
4709,4709,10,"Jun 24, 2016",Swiss Army Man,3000000,4210454,5837111,1626657,1210454,-1373343,2837111,0.0,-0.0,0.001,Domestic
4710,4710,11,"Apr 14, 2000",East is East,3000000,4170647,30438635,26267988,1170647,23267988,27438635,0.0,0.007,0.008,Domestic
4711,4711,12,"Sep 1, 2000",Whipped,3000000,4142507,4142507,0,1142507,-3000000,1142507,0.0,-0.001,0.0,Domestic
4712,4712,13,"Feb 28, 1997",Kama Sutra,3000000,4109095,4109095,0,1109095,-3000000,1109095,0.0,-0.001,0.0,Domestic
4713,4713,14,"May 17, 2013",Frances Ha,3000000,4067398,11262769,7195371,1067398,4195371,8262769,0.0,0.001,0.002,Domestic
4714,4714,15,"Apr 30, 2010",Please Give,3000000,4033574,4570178,536604,1033574,-2463396,1570178,0.0,-0.001,0.0,Domestic
4715,4715,16,"Jun 30, 1971",Willy Wonka & the Chocolate Factory,3000000,4000000,4000000,0,1000000,-3000000,1000000,0.0,-0.001,0.0,Domestic
4716,4716,17,"Sep 24, 1993",Warlock: The Armageddon,3000000,3902679,3902679,0,902679,-3000000,902679,0.0,-0.001,0.0,Domestic
4717,4717,18,"Apr 18, 1997",8 Heads in a Duffel Bag,3000000,3602884,4002884,400000,602884,-2600000,1002884,0.0,-0.001,0.0,Domestic
4718,4718,19,"Sep 13, 1978",Days of Heaven,3000000,3446749,3660880,214131,446749,-2785869,660880,0.0,-0.001,0.0,Domestic
4719,4719,20,"May 24, 2002",Thirteen Conversations About One Thing,3000000,3287435,3705923,418488,287435,-2581512,705923,0.0,-0.001,0.0,Domestic
4720,4720,21,"Apr 22, 2016",Compadres,3000000,3127773,7445044,4317271,127773,1317271,4445044,0.0,0.0,0.001,Domestic
4721,4721,22,"Feb 19, 1999",Jawbreaker,3000000,3076820,3076820,0,76820,-3000000,76820,0.0,-0.001,0.0,Domestic
4722,4722,23,"Aug 9, 1996",Basquiat,3000000,2962051,2962051,0,-37949,-3000000,-37949,-0.0,-0.001,-0.0,Domestic
4723,4723,24,"Feb 24, 2006",Tsotsi,3000000,2912606,11537539,8624933,-87394,5624933,8537539,-0.0,0.002,0.002,Domestic
4724,4724,25,"Apr 9, 2010",Letters to God,3000000,2848587,3237452,388865,-151413,-2611135,237452,-0.0,-0.001,0.0,Domestic
4725,4725,26,"Oct 16, 1998",Happiness,3000000,2746453,5746453,3000000,-253547,0,2746453,-0.0,0.0,0.001,Domestic
4726,4726,27,"Apr 4, 2003",DysFunkTional Family,3000000,2255000,2255000,0,-745000,-3000000,-745000,-0.0,-0.001,-0.0,Domestic
4727,4727,28,"Sep 19, 2014",Tusk,3000000,1821983,1887554,65571,-1178017,-2934429,-1112446,-0.0,-0.001,-0.0,Domestic
4728,4728,29,"May 12, 2017",The Wall,3000000,1803064,4495262,2692198,-1196936,-307802,1495262,-0.0,-0.0,0.0,Domestic
4729,4729,30,"Oct 24, 2003",Elephant,3000000,1266955,10051516,8784561,-1733045,5784561,7051516,-0.001,0.002,0.002,Domestic
4730,4730,31,"Apr 6, 2012",Damsels in Distress,3000000,1007535,1324299,316764,-1992465,-2683236,-1675701,-0.001,-0.001,-0.0,Domestic
4731,4731,32,"Mar 25, 2005",Oldboy,3000000,707391,6239723,5532332,-2292609,2532332,3239723,-0.001,0.001,0.001,Domestic
4732,4732,33,"May 6, 2011",Hobo with a Shotgun,3000000,703372,834953,131581,-2296628,-2868419,-2165047,-0.001,-0.001,-0.001,Domestic
4733,4733,34,"May 8, 2015",The D Train,3000000,669688,772366,102678,-2330312,-2897322,-2227634,-0.001,-0.001,-0.001,Domestic
4734,4734,35,"Sep 7, 2012",Bachelorette,3000000,446770,12577401,12130631,-2553230,9130631,9577401,-0.001,0.003,0.003,Domestic
4735,4735,36,"Jan 15, 2010",Fish Tank,3000000,374675,5922292,5547617,-2625325,2547617,2922292,-0.001,0.001,0.001,Domestic
4736,4736,37,"Sep 5, 2008",Everybody Wants to Be Italian,3000000,351416,351416,0,-2648584,-3000000,-2648584,-0.001,-0.001,-0.001,Domestic
4737,4737,38,"Sep 9, 2011",Creature,3000000,331000,331000,0,-2669000,-3000000,-2669000,-0.001,-0.001,-0.001,Domestic
4738,4738,39,"Dec 9, 2016",The Bounce Back,3000000,321910,421404,99494,-2678090,-2900506,-2578596,-0.001,-0.001,-0.001,Domestic
4739,4739,40,"Aug 23, 1996",Freeway,3000000,295493,295493,0,-2704507,-3000000,-2704507,-0.001,-0.001,-0.001,Domestic
4740,4740,41,"Oct 6, 2006",Love's Abiding Joy,3000000,252726,252726,0,-2747274,-3000000,-2747274,-0.001,-0.001,-0.001,Domestic
4741,4741,42,"Feb 12, 1993",Dead Alive,3000000,242623,242623,0,-2757377,-3000000,-2757377,-0.001,-0.001,-0.001,Domestic
4742,4742,43,"Oct 1, 2010",Chain Letter,3000000,205842,1022453,816611,-2794158,-2183389,-1977547,-0.001,-0.001,-0.001,Domestic
4743,4743,44,"Mar 2, 2012",Tim and Eric's Billion Dollar Movie,3000000,201436,223652,22216,-2798564,-2977784,-2776348,-0.001,-0.001,-0.001,Domestic
4744,4744,45,"Nov 9, 2007",Holly,3000000,163069,163069,0,-2836931,-3000000,-2836931,-0.001,-0.001,-0.001,Domestic
4745,4745,46,"Mar 26, 2010",The Eclipse,3000000,133411,133411,0,-2866589,-3000000,-2866589,-0.001,-0.001,-0.001,Domestic
4746,4746,47,"Mar 21, 2008",The Grand,3000000,115879,115879,0,-2884121,-3000000,-2884121,-0.001,-0.001,-0.001,Domestic
4747,4747,48,"Mar 17, 2006",Sommersturm,3000000,95204,95204,0,-2904796,-3000000,-2904796,-0.001,-0.001,-0.001,Domestic
4748,4748,49,"Aug 15, 2014",Fort McCoy,3000000,78948,78948,0,-2921052,-3000000,-2921052,-0.001,-0.001,-0.001,Domestic
4749,4749,50,"Aug 4, 1999",The Gambler,3000000,51773,101773,50000,-2948227,-2950000,-2898227,-0.001,-0.001,-0.001,Domestic
4750,4750,51,"Oct 13, 2000",Just Looking,3000000,39852,39852,0,-2960148,-3000000,-2960148,-0.001,-0.001,-0.001,Domestic
4751,4751,52,"Sep 4, 2015",Before We Go,3000000,37151,483938,446787,-2962849,-2553213,-2516062,-0.001,-0.001,-0.001,Domestic
4752,4752,53,"Jan 13, 2012",The Divide,3000000,18000,156362,138362,-2982000,-2861638,-2843638,-0.001,-0.001,-0.001,Domestic
4753,4753,54,"Sep 9, 2011",Tanner Hall,3000000,5073,5073,0,-2994927,-3000000,-2994927,-0.001,-0.001,-0.001,Domestic
4754,4754,55,"Sep 30, 2005",My Big Fat Independent Movie,3000000,4655,4655,0,-2995345,-3000000,-2995345,-0.001,-0.001,-0.001,Domestic
4774,4774,75,"Jan 18, 1946",The Harvey Girls,2931000,4100000,4100000,0,1169000,-2931000,1169000,0.0,-0.001,0.0,Domestic
4775,4775,76,"Feb 15, 1950",Cinderella,2900000,85000000,263591415,178591415,82100000,175691415,260691415,0.024,0.051,0.075,Domestic
4776,4776,77,"Nov 20, 1998",Central do Brasil,2900000,5969553,17006158,11036605,3069553,8136605,14106158,0.001,0.002,0.004,Domestic
4777,4777,78,"Dec 19, 1961",Pocketful of Miracles,2900000,5000000,5000000,0,2100000,-2900000,2100000,0.001,-0.001,0.001,Domestic
4778,4778,79,"Mar 24, 2006",Boynton Beach Club,2900000,3127472,3127472,0,227472,-2900000,227472,0.0,-0.001,0.0,Domestic
4779,4779,80,"Oct 1, 2010",Freakonomics,2900000,101270,172867,71597,-2798730,-2828403,-2727133,-0.001,-0.001,-0.001,Domestic
4780,4780,81,"Aug 19, 2011",Griff the Invisible,2900000,20778,25935,5157,-2879222,-2894843,-2874065,-0.001,-0.001,-0.001,Domestic
4781,4781,82,"Mar 29, 1959",Some Like it Hot,2883848,25000000,25019542,19542,22116152,-2864306,22135694,0.006,-0.001,0.006,Domestic
4782,4782,83,"Jun 10, 2005",High Tension,2850000,3681066,6435262,2754196,831066,-95804,3585262,0.0,-0.0,0.001,Domestic
4783,4783,84,"Dec 15, 1974",Young Frankenstein,2800000,86300000,86300000,0,83500000,-2800000,83500000,0.024,-0.001,0.024,Domestic
4784,4784,85,"Jun 25, 1976",The Omen,2800000,48570885,48570885,0,45770885,-2800000,45770885,0.013,-0.001,0.013,Domestic
4785,4785,86,"Jul 22, 2005",Hustle & Flow,2800000,22202809,23591783,1388974,19402809,-1411026,20791783,0.006,-0.0,0.006,Domestic
4786,4786,87,"May 13, 1988",Friday the 13th Part VII: The New Blood,2800000,19170001,19170001,0,16370001,-2800000,16370001,0.005,-0.001,0.005,Domestic
4787,4787,88,"Sep 15, 2006",Artie Lange's Beer League,2800000,475000,475000,0,-2325000,-2800000,-2325000,-0.001,-0.001,-0.001,Domestic
4788,4788,89,"Aug 25, 1939",The Wizard of Oz,2777000,34063405,34305476,242071,31286405,-2534929,31528476,0.009,-0.001,0.009,Domestic
4789,4789,90,"Feb 15, 2008",Diary of the Dead,2750000,952620,5394447,4441827,-1797380,1691827,2644447,-0.001,0.0,0.001,Domestic
4790,4790,91,"Oct 17, 1979",The Black Stallion,2700000,37799643,37799643,0,35099643,-2700000,35099643,0.01,-0.001,0.01,Domestic
4791,4791,92,"Jun 13, 1997",Ulee's Gold,2700000,9054736,15600000,6545264,6354736,3845264,12900000,0.002,0.001,0.004,Domestic
4792,4792,93,"Oct 26, 2018",Indivisible,2700000,3511417,3588305,76888,811417,-2623112,888305,0.0,-0.001,0.0,Domestic
4793,4793,94,"Sep 1, 2006",Lage Raho Munna Bhai,2700000,2217561,31517561,29300000,-482439,26600000,28817561,-0.0,0.008,0.008,Domestic
4796,4796,97,"Jun 12, 1963",Donovan's Reef,2686000,6600000,6600000,0,3914000,-2686000,3914000,0.001,-0.001,0.001,Domestic
4798,4798,99,"Jan 16, 1998",The Dress,2650000,16556,16556,0,-2633444,-2650000,-2633444,-0.001,-0.001,-0.001,Domestic
4799,4799,100,"Dec 24, 1943",A Guy Named Joe,2627000,5363000,5363000,0,2736000,-2627000,2736000,0.001,-0.001,0.001,Domestic
4800,4800,1,"Feb 7, 1974",Blazing Saddles,2600000,119500000,119500000,0,116900000,-2600000,116900000,0.034,-0.001,0.034,Domestic
4801,4801,2,"Apr 13, 1984",Friday the 13th Part IV: The Final Chapter,2600000,32980880,32980880,0,30380880,-2600000,30380880,0.009,-0.001,0.009,Domestic
4802,4802,3,"May 2, 2014",Ida,2600000,3827060,15298355,11471295,1227060,8871295,12698355,0.0,0.003,0.004,Domestic
4803,4803,4,"Jan 1, 1987",Maurice,2600000,3147950,3198308,50358,547950,-2549642,598308,0.0,-0.001,0.0,Domestic
4804,4804,5,"Jul 9, 2004",Riding Giants,2600000,2276368,3292333,1015965,-323632,-1584035,692333,-0.0,-0.0,0.0,Domestic
4805,4805,6,"Dec 12, 2008",Los CronocrÃ­menes,2600000,39127,564474,525347,-2560873,-2074653,-2035526,-0.001,-0.001,-0.001,Domestic
4810,4810,11,"Apr 10, 1952",Singin' in the Rain,2540000,7200000,7200000,0,4660000,-2540000,4660000,0.001,-0.001,0.001,Domestic
4811,4811,12,"Jan 11, 2013",A Haunted House,2500000,40041683,59922558,19880875,37541683,17380875,57422558,0.011,0.005,0.017,Domestic
4812,4812,13,"Jul 13, 2012",2016: Obamaâs America,2500000,33349941,33349941,0,30849941,-2500000,30849941,0.009,-0.001,0.009,Domestic
4813,4813,14,"Jul 3, 2013",Kevin Hart: Let Me Explain,2500000,32244051,32327255,83204,29744051,-2416796,29827255,0.009,-0.001,0.009,Domestic
4814,4814,15,"Jul 28, 2004",Garden State,2500000,26782316,36028802,9246486,24282316,6746486,33528802,0.007,0.002,0.01,Domestic
4815,4815,16,"Oct 4, 1996",That Thing You Do!,2500000,25857416,34557416,8700000,23357416,6200000,32057416,0.007,0.002,0.009,Domestic
4816,4816,17,"Oct 30, 1981",Halloween II,2500000,25533818,25533818,0,23033818,-2500000,23033818,0.007,-0.001,0.007,Domestic
4817,4817,18,"Oct 22, 1982",Halloween 3: Season of the Witch,2500000,14400000,14400000,0,11900000,-2500000,11900000,0.003,-0.001,0.003,Domestic
4818,4818,19,"Oct 1, 2008",Religulous,2500000,13011160,13881317,870157,10511160,-1629843,11381317,0.003,-0.0,0.003,Domestic
4819,4819,20,"Jan 1, 1971",Escape from the Planet of the Apes,2500000,12300000,12300000,0,9800000,-2500000,9800000,0.003,-0.001,0.003,Domestic
4820,4820,21,"May 29, 1963",Hud,2500000,10000000,10000000,0,7500000,-2500000,7500000,0.002,-0.001,0.002,Domestic
4821,4821,22,"Aug 2, 2013",The Spectacular Now,2500000,6852971,6916951,63980,4352971,-2436020,4416951,0.001,-0.001,0.001,Domestic
4822,4822,23,"Sep 29, 1991",My Own Private Idaho,2500000,6401336,6401336,0,3901336,-2500000,3901336,0.001,-0.001,0.001,Domestic
4823,4823,24,"Jan 27, 1995",Before Sunrise,2500000,5274005,5690220,416215,2774005,-2083785,3190220,0.001,-0.001,0.001,Domestic
4824,4824,25,"Jun 24, 2016",Hunt for the Wilderpeople,2500000,5205471,23845533,18640062,2705471,16140062,21345533,0.001,0.005,0.006,Domestic
4825,4825,26,"Aug 17, 2012",Robot & Frank,2500000,3317468,4934356,1616888,817468,-883112,2434356,0.0,-0.0,0.001,Domestic
4826,4826,27,"Oct 3, 2003",Sur Le Seuil,2500000,2013052,2013052,0,-486948,-2500000,-486948,-0.0,-0.001,-0.0,Domestic
4827,4827,28,"Jun 16, 2000",Jesus' Son,2500000,1282084,1687548,405464,-1217916,-2094536,-812452,-0.0,-0.001,-0.0,Domestic
4828,4828,29,"May 27, 2005",Saving Face,2500000,1187266,1269705,82439,-1312734,-2417561,-1230295,-0.0,-0.001,-0.0,Domestic
4829,4829,30,"Jun 20, 2008",Brick Lane,2500000,1094998,3838486,2743488,-1405002,243488,1338486,-0.0,0.0,0.0,Domestic
4830,4830,31,"Mar 1, 2013",The Lost Medallion: The Adventures of Billy Stone,2500000,549632,549632,0,-1950368,-2500000,-1950368,-0.001,-0.001,-0.001,Domestic
4831,4831,32,"Sep 26, 2003",My Life Without Me,2500000,432360,12267275,11834915,-2067640,9334915,9767275,-0.001,0.003,0.003,Domestic
4832,4832,33,"Mar 31, 2006",Marilyn Hotchkiss' Ballroom Dancing and Charm School,2500000,349132,497195,148063,-2150868,-2351937,-2002805,-0.001,-0.001,-0.001,Domestic
4833,4833,34,"Apr 1, 2011",Super,2500000,327716,593933,266217,-2172284,-2233783,-1906067,-0.001,-0.001,-0.001,Domestic
4834,4834,35,"Nov 14, 2008",Fuel,2500000,174255,174255,0,-2325745,-2500000,-2325745,-0.001,-0.001,-0.001,Domestic
4835,4835,36,"Apr 9, 2010",Valley of the Hearts Delight,2500000,118666,118666,0,-2381334,-2500000,-2381334,-0.001,-0.001,-0.001,Domestic
4836,4836,37,"Oct 31, 2008",The Other End of the Line,2500000,115504,507446,391942,-2384496,-2108058,-1992554,-0.001,-0.001,-0.001,Domestic
4837,4837,38,"Jun 18, 2010",8: The Mormon Proposition,2500000,100280,100280,0,-2399720,-2500000,-2399720,-0.001,-0.001,-0.001,Domestic
4838,4838,39,"Apr 17, 2009",Sleep Dealer,2500000,80136,108907,28771,-2419864,-2471229,-2391093,-0.001,-0.001,-0.001,Domestic
4839,4839,40,"Aug 24, 2007",Eye of the Dolphin,2500000,72210,72260,50,-2427790,-2499950,-2427740,-0.001,-0.001,-0.001,Domestic
4840,4840,41,"Aug 16, 2013",Underdogs,2500000,35017,1392649,1357632,-2464983,-1142368,-1107351,-0.001,-0.0,-0.0,Domestic
4841,4841,42,"Sep 8, 2000",Anatomie,2500000,9598,9598,0,-2490402,-2500000,-2490402,-0.001,-0.001,-0.001,Domestic
4851,4851,52,"May 13, 2011",Go For It!,2450000,180237,182358,2121,-2269763,-2447879,-2267642,-0.001,-0.001,-0.001,Domestic
4852,4852,53,"Oct 16, 1996",Get on the Bus,2400000,5691854,5691854,0,3291854,-2400000,3291854,0.001,-0.001,0.001,Domestic
4853,4853,54,"Jan 5, 2007",Thr3e,2400000,1008849,1420418,411569,-1391151,-1988431,-979582,-0.0,-0.001,-0.0,Domestic
4854,4854,55,"Sep 1, 2006",Idiocracy,2400000,444093,500296,56203,-1955907,-2343797,-1899704,-0.001,-0.001,-0.001,Domestic
4857,4857,58,"Jul 25, 2007",This is England,2380000,327919,8739576,8411657,-2052081,6031657,6359576,-0.001,0.002,0.002,Domestic
4858,4858,59,"Jun 27, 1944",Bathing Beauty,2361000,3500000,3500000,0,1139000,-2361000,1139000,0.0,-0.001,0.0,Domestic
4859,4859,60,"Mar 20, 2015",Do You Believe?,2300000,12985600,14304931,1319331,10685600,-980669,12004931,0.003,-0.0,0.003,Domestic
4860,4860,61,"Jul 17, 1951",Show Boat,2300000,11000000,11000000,0,8700000,-2300000,8700000,0.003,-0.001,0.003,Domestic
4861,4861,62,"May 1, 1998","Dancer, Texas Pop. 81",2300000,574838,574838,0,-1725162,-2300000,-1725162,-0.0,-0.001,-0.0,Domestic
4862,4862,63,"Sep 5, 2014",Frontera,2300000,59696,59696,0,-2240304,-2300000,-2240304,-0.001,-0.001,-0.001,Domestic
4863,4863,64,"Aug 26, 2011",Redemption Road,2300000,29384,29384,0,-2270616,-2300000,-2270616,-0.001,-0.001,-0.001,Domestic
4867,4867,68,"Feb 9, 1940",Pinocchio,2289247,84300000,84300000,0,82010753,-2289247,82010753,0.024,-0.001,0.024,Domestic
4868,4868,69,"Nov 13, 1940",Fantasia,2280000,83320000,83320000,0,81040000,-2280000,81040000,0.023,-0.001,0.023,Domestic
4869,4869,70,"Aug 13, 1982",Friday the 13th Part 3,2250000,36690067,36690067,0,34440067,-2250000,34440067,0.01,-0.001,0.01,Domestic
4870,4870,71,"Oct 9, 1971",The French Connection,2200000,41158757,41158757,0,38958757,-2200000,38958757,0.011,-0.001,0.011,Domestic
4871,4871,72,"Mar 22, 1985",Friday the 13th Part V: A New Beginning,2200000,21930418,21930418,0,19730418,-2200000,19730418,0.006,-0.001,0.006,Domestic
4872,4872,73,"Feb 9, 2007",The Last Sin Eater,2200000,388390,388390,0,-1811610,-2200000,-1811610,-0.001,-0.001,-0.001,Domestic
4874,4874,75,"May 3, 1945",The Valley of Decision,2160000,9132000,9132000,0,6972000,-2160000,6972000,0.002,-0.001,0.002,Domestic
4877,4877,78,"Nov 21, 1946",The Best Years of Our Lives,2100000,23600000,23600000,0,21500000,-2100000,21500000,0.006,-0.001,0.006,Domestic
4878,4878,79,"Jul 13, 2001",Bully,2100000,881824,1381824,500000,-1218176,-1600000,-718176,-0.0,-0.0,-0.0,Domestic
4879,4879,80,"May 29, 2002",Elling,2100000,313436,313436,0,-1786564,-2100000,-1786564,-0.001,-0.001,-0.001,Domestic
4880,4880,81,"Oct 16, 2016",Mi America,2100000,3330,3330,0,-2096670,-2100000,-2096670,-0.001,-0.001,-0.001,Domestic
4886,4886,87,"Sep 30, 2011",Courageous,2000000,34522221,35185884,663663,32522221,-1336337,33185884,0.009,-0.0,0.01,Domestic
4887,4887,88,"Apr 8, 1964",From Russia With Love,2000000,24800000,78900000,54100000,22800000,52100000,76900000,0.007,0.015,0.022,Domestic
4888,4888,89,"May 21, 1982",Mad Max 2: The Road Warrior,2000000,24600832,24600832,0,22600832,-2000000,22600832,0.007,-0.001,0.007,Domestic
4889,4889,90,"Aug 15, 1946",Notorious,2000000,24464742,24464742,0,22464742,-2000000,22464742,0.006,-0.001,0.006,Domestic
4890,4890,91,"Aug 2, 1967",In the Heat of the Night,2000000,24379978,24407647,27669,22379978,-1972331,22407647,0.006,-0.001,0.006,Domestic
4891,4891,92,"Dec 17, 1973",Sleeper,2000000,18344729,18344729,0,16344729,-2000000,16344729,0.005,-0.001,0.005,Domestic
4892,4892,93,"Aug 11, 1972",Everything You Always Wanted to Know,2000000,18016290,18016290,0,16016290,-2000000,16016290,0.005,-0.001,0.005,Domestic
4893,4893,94,"Mar 13, 2015",It Follows,2000000,14674077,23250755,8576678,12674077,6576678,21250755,0.004,0.002,0.006,Domestic
4894,4894,95,"Jul 13, 2018",Eighth Grade,2000000,13539710,14341016,801306,11539710,-1198694,12341016,0.003,-0.0,0.004,Domestic
4895,4895,96,"Dec 25, 1962",To Kill A Mockingbird,2000000,13129846,13129846,0,11129846,-2000000,11129846,0.003,-0.001,0.003,Domestic
4896,4896,97,"Mar 9, 2012",Silent House,2000000,12739737,16610760,3871023,10739737,1871023,14610760,0.003,0.001,0.004,Domestic
4897,4897,98,"Oct 8, 1999",Boys Don't Cry,2000000,11540607,20741000,9200393,9540607,7200393,18741000,0.003,0.002,0.005,Domestic
4898,4898,99,"Feb 9, 2007",Das Leben der Anderen,2000000,11284657,81197047,69912390,9284657,67912390,79197047,0.003,0.02,0.023,Domestic
4899,4899,100,"Apr 8, 2016",Hardcore Henry,2000000,9252038,17187434,7935396,7252038,5935396,15187434,0.002,0.002,0.004,Domestic
4900,4900,1,"Jun 13, 1962",Lolita,2000000,9250000,9250000,0,7250000,-2000000,7250000,0.002,-0.001,0.002,Domestic
4901,4901,2,"Aug 30, 1940",Boom Town,2000000,9172000,9172000,0,7172000,-2000000,7172000,0.002,-0.001,0.002,Domestic
4902,4902,3,"Nov 11, 1947",Gentleman's Agreement,2000000,7800000,7800000,0,5800000,-2000000,5800000,0.002,-0.001,0.002,Domestic
4903,4903,4,"Sep 25, 1961",The Hustler,2000000,7600000,7600000,0,5600000,-2000000,5600000,0.002,-0.001,0.002,Domestic
4904,4904,5,"Dec 31, 1986",Witchboard,2000000,7369373,7369373,0,5369373,-2000000,5369373,0.002,-0.001,0.002,Domestic
4905,4905,6,"Nov 26, 2003",Les Triplettes de Belleville,2000000,7301288,17403168,10101880,5301288,8101880,15403168,0.002,0.002,0.004,Domestic
4906,4906,7,"Jun 26, 1998",Smoke Signals,2000000,6719300,7756617,1037317,4719300,-962683,5756617,0.001,-0.0,0.002,Domestic
4907,4907,8,"Jun 11, 2010",Winter's Bone,2000000,6531503,16131551,9600048,4531503,7600048,14131551,0.001,0.002,0.004,Domestic
4908,4908,9,"Oct 10, 2014",Meet the Mormons,2000000,6047363,6049171,1808,4047363,-1998192,4049171,0.001,-0.001,0.001,Domestic
4909,4909,10,"Aug 15, 2003",American Splendor,2000000,6003587,8685632,2682045,4003587,682045,6685632,0.001,0.0,0.002,Domestic
4910,4910,11,"Oct 6, 2017",The Florida Project,2000000,5904366,11295324,5390958,3904366,3390958,9295324,0.001,0.001,0.003,Domestic
4911,4911,12,"Aug 25, 2017",All Saints,2000000,5802208,5941994,139786,3802208,-1860214,3941994,0.001,-0.001,0.001,Domestic
4912,4912,13,"Jul 2, 2004",Before Sunset,2000000,5792822,11217346,5424524,3792822,3424524,9217346,0.001,0.001,0.003,Domestic
4913,4913,14,"Mar 30, 2001",Amores Perros,2000000,5383834,20883834,15500000,3383834,13500000,18883834,0.001,0.004,0.005,Domestic
4914,4914,15,"Aug 20, 2003",Thirteen,2000000,4601043,9505996,4904953,2601043,2904953,7505996,0.001,0.001,0.002,Domestic
4915,4915,16,"Jan 23, 2004",Touching the Void,2000000,4593598,15396525,10802927,2593598,8802927,13396525,0.001,0.003,0.004,Domestic
4916,4916,17,"Oct 8, 2010",Inside Job,2000000,4311834,7799257,3487423,2311834,1487423,5799257,0.001,0.0,0.002,Domestic
4917,4917,18,"May 24, 1938",Alexander's Ragtime Band,2000000,4000000,4000000,0,2000000,-2000000,2000000,0.001,-0.001,0.001,Domestic
4918,4918,19,"Jun 17, 2005",Me and You and Everyone We Know,2000000,3885134,9615464,5730330,1885134,3730330,7615464,0.001,0.001,0.002,Domestic
4919,4919,20,"Aug 28, 2015",We Are Your Friends,2000000,3591417,10153415,6561998,1591417,4561998,8153415,0.0,0.001,0.002,Domestic
4920,4920,21,"Nov 10, 2006",Harsh Times,2000000,3337931,6225304,2887373,1337931,887373,4225304,0.0,0.0,0.001,Domestic
4921,4921,22,"Mar 3, 2000",Ghost Dog: The Way of the Samurai,2000000,3330230,10672492,7342262,1330230,5342262,8672492,0.0,0.002,0.003,Domestic
4922,4922,23,"Sep 18, 2015",Captive,2000000,2583301,2791973,208672,583301,-1791328,791973,0.0,-0.001,0.0,Domestic
4923,4923,24,"Aug 2, 2002",Full Frontal,2000000,2512846,3438804,925958,512846,-1074042,1438804,0.0,-0.0,0.0,Domestic
4924,4924,25,"Jun 8, 2018",Hearts Beat Loud,2000000,2386254,2420962,34708,386254,-1965292,420962,0.0,-0.001,0.0,Domestic
4925,4925,26,"Jan 20, 2017",The Resurrection of Gavin Stone,2000000,2303792,2303792,0,303792,-2000000,303792,0.0,-0.001,0.0,Domestic
4926,4926,27,"Dec 25, 2008",Waltz with Bashir,2000000,2283849,13912289,11628440,283849,9628440,11912289,0.0,0.003,0.003,Domestic
4927,4927,28,"Jun 28, 2006",Strangers with Candy,2000000,2072645,2077844,5199,72645,-1994801,77844,0.0,-0.001,0.0,Domestic
4928,4928,29,"Mar 1, 1992",Night on Earth,2000000,2015000,2022893,7893,15000,-1992107,22893,0.0,-0.001,0.0,Domestic
4929,4929,30,"Jan 29, 1993",Nemesis,2000000,2001124,2001124,0,1124,-2000000,1124,0.0,-0.001,0.0,Domestic
4930,4930,31,"Oct 4, 2006",Shortbus,2000000,1985292,1985292,0,-14708,-2000000,-14708,-0.0,-0.001,-0.0,Domestic
4931,4931,32,"May 2, 2008",Son of Rambow: A Home Movie,2000000,1785505,11263263,9477758,-214495,7477758,9263263,-0.0,0.002,0.003,Domestic
4932,4932,33,"Sep 12, 2003","The Book of Mormon Movie, Volume 1: The Journey",2000000,1660865,1660865,0,-339135,-2000000,-339135,-0.0,-0.001,-0.0,Domestic
4933,4933,34,"May 12, 2000",Hamlet,2000000,1577287,2419669,842382,-422713,-1157618,419669,-0.0,-0.0,0.0,Domestic
4934,4934,35,"Aug 7, 2015",The Diary of a Teenage Girl,2000000,1477002,2279959,802957,-522998,-1197043,279959,-0.0,-0.0,0.0,Domestic
4935,4935,36,"Jul 27, 2007",No End In Sight,2000000,1433319,1433319,0,-566681,-2000000,-566681,-0.0,-0.001,-0.0,Domestic
4936,4936,37,"Apr 25, 2014",Locke,2000000,1370646,2088390,717744,-629354,-1282256,88390,-0.0,-0.0,0.0,Domestic
4937,4937,38,"Apr 30, 1999",Get Real,2000000,1152411,1152411,0,-847589,-2000000,-847589,-0.0,-0.001,-0.0,Domestic
4938,4938,39,"Sep 7, 2007",In the Shadow of the Moon,2000000,1134358,2175587,1041229,-865642,-958771,175587,-0.0,-0.0,0.0,Domestic
4939,4939,40,"Apr 8, 2011",Meek's Cutoff,2000000,977772,1869928,892156,-1022228,-1107844,-130072,-0.0,-0.0,-0.0,Domestic
4940,4940,41,"Nov 28, 2014",The Babadook,2000000,950792,7482387,6531595,-1049208,4531595,5482387,-0.0,0.001,0.002,Domestic
4941,4941,42,"Feb 11, 2005",Inside Deep Throat,2000000,691880,691880,0,-1308120,-2000000,-1308120,-0.0,-0.001,-0.0,Domestic
4942,4942,43,"Sep 28, 2001",Dinner Rush,2000000,638227,1075504,437277,-1361773,-1562723,-924496,-0.0,-0.0,-0.0,Domestic
4943,4943,44,"Sep 24, 2010",The Virginity Hit,2000000,636706,636706,0,-1363294,-2000000,-1363294,-0.0,-0.001,-0.0,Domestic
4944,4944,45,"May 15, 1998",Clockwatchers,2000000,537948,539961,2013,-1462052,-1997987,-1460039,-0.0,-0.001,-0.0,Domestic
4945,4945,46,"Nov 6, 1985",Subway,2000000,390659,1663296,1272637,-1609341,-727363,-336704,-0.0,-0.0,-0.0,Domestic
4946,4946,47,"Apr 15, 2005",House of D,2000000,388532,466106,77574,-1611468,-1922426,-1533894,-0.0,-0.001,-0.0,Domestic
4947,4947,48,"Jan 18, 2008",Teeth,2000000,347578,2350641,2003063,-1652422,3063,350641,-0.0,0.0,0.0,Domestic
4948,4948,49,"Jul 26, 1996",Stonewall,2000000,304602,304602,0,-1695398,-2000000,-1695398,-0.0,-0.001,-0.0,Domestic
4949,4949,50,"Sep 8, 2006",Sherrybaby,2000000,199176,759504,560328,-1800824,-1439672,-1240496,-0.001,-0.0,-0.0,Domestic
4950,4950,51,"Feb 13, 2015",The Last Five Years,2000000,147299,205298,57999,-1852701,-1942001,-1794702,-0.001,-0.001,-0.001,Domestic
4951,4951,52,"Sep 18, 1998",Six-String Samurai,2000000,134624,134624,0,-1865376,-2000000,-1865376,-0.001,-0.001,-0.001,Domestic
4952,4952,53,"May 26, 2000",Hum to Mohabbt Karega,2000000,121807,121807,0,-1878193,-2000000,-1878193,-0.001,-0.001,-0.001,Domestic
4953,4953,54,"Apr 15, 2005",It's All Gone Pete Tong,2000000,120620,2226603,2105983,-1879380,105983,226603,-0.001,0.0,0.0,Domestic
4954,4954,55,"Jan 29, 2010",Saint John of Las Vegas,2000000,102645,102645,0,-1897355,-2000000,-1897355,-0.001,-0.001,-0.001,Domestic
4955,4955,56,"Apr 15, 1998",24 7: Twenty Four Seven,2000000,72544,72544,0,-1927456,-2000000,-1927456,-0.001,-0.001,-0.001,Domestic
4956,4956,57,"Sep 19, 2014",Pump,2000000,72277,72277,0,-1927723,-2000000,-1927723,-0.001,-0.001,-0.001,Domestic
4957,4957,58,"Oct 24, 2008",Roadside Romeo,2000000,55202,2046090,1990888,-1944798,-9112,46090,-0.001,-0.0,0.0,Domestic
4958,4958,59,"May 4, 2001",Eureka,2000000,49388,76654,27266,-1950612,-1972734,-1923346,-0.001,-0.001,-0.001,Domestic
4959,4959,60,"Apr 7, 2015",Lost River,2000000,45431,2009644,1964213,-1954569,-35787,9644,-0.001,-0.0,0.0,Domestic
4960,4960,61,"Jul 18, 2003",This Thing of Ours,2000000,37227,37227,0,-1962773,-2000000,-1962773,-0.001,-0.001,-0.001,Domestic
4961,4961,62,"Oct 9, 2015",Knock Knock,2000000,36336,6328516,6292180,-1963664,4292180,4328516,-0.001,0.001,0.001,Domestic
4962,4962,63,"Feb 3, 2017",Growing up Smith,2000000,35312,35312,0,-1964688,-2000000,-1964688,-0.001,-0.001,-0.001,Domestic
4963,4963,64,"Mar 20, 2009",Super Capers,2000000,30955,30955,0,-1969045,-2000000,-1969045,-0.001,-0.001,-0.001,Domestic
4964,4964,65,"Jan 1, 1993",Return of the Living Dead 3,2000000,21000,21000,0,-1979000,-2000000,-1979000,-0.001,-0.001,-0.001,Domestic
4965,4965,66,"Nov 20, 2009",The Missing Person,2000000,17896,17896,0,-1982104,-2000000,-1982104,-0.001,-0.001,-0.001,Domestic
4966,4966,67,"Oct 19, 2012",The First Time,2000000,17061,17061,0,-1982939,-2000000,-1982939,-0.001,-0.001,-0.001,Domestic
4967,4967,68,"Feb 10, 2006",London,2000000,12667,12667,0,-1987333,-2000000,-1987333,-0.001,-0.001,-0.001,Domestic
4968,4968,69,"Aug 27, 2010",Circle,2000000,10024,10024,0,-1989976,-2000000,-1989976,-0.001,-0.001,-0.001,Domestic
4969,4969,70,"Oct 31, 2008",Eden Lake,2000000,7321,4294373,4287052,-1992679,2287052,2294373,-0.001,0.001,0.001,Domestic
4970,4970,71,"Jun 11, 2010",Jerusalema,2000000,7294,10679,3385,-1992706,-1996615,-1989321,-0.001,-0.001,-0.001,Domestic
4971,4971,72,"Jun 23, 2006",Say Uncle,2000000,5361,5361,0,-1994639,-2000000,-1994639,-0.001,-0.001,-0.001,Domestic
4972,4972,73,"Sep 13, 2013",Plush,2000000,3080,28864,25784,-1996920,-1974216,-1971136,-0.001,-0.001,-0.001,Domestic
4973,4973,74,"Oct 26, 2012",The Ghastly Love of Johnny X,2000000,2436,2436,0,-1997564,-2000000,-1997564,-0.001,-0.001,-0.001,Domestic
5001,5001,2,"Sep 24, 2010",Buried,1987650,1044143,21270290,20226147,-943507,18238497,19282640,-0.0,0.005,0.006,Domestic
5003,5003,4,"May 8, 1987",River's Edge,1900000,4600000,4600000,0,2700000,-1900000,2700000,0.001,-0.001,0.001,Domestic
5004,5004,5,"Jul 25, 2008",Man on Wire,1900000,2962242,5617067,2654825,1062242,754825,3717067,0.0,0.0,0.001,Domestic
5005,5005,6,"Oct 8, 2010",Nowhere Boy,1900000,1445366,7785229,6339863,-454634,4439863,5885229,-0.0,0.001,0.002,Domestic
5006,5006,7,"Jul 11, 2003",Northfork,1900000,1420578,1445140,24562,-479422,-1875438,-454860,-0.0,-0.001,-0.0,Domestic
5007,5007,8,"Apr 24, 2015",Brotherly Love,1900000,478595,478595,0,-1421405,-1900000,-1421405,-0.0,-0.001,-0.0,Domestic
5008,5008,9,"Jun 3, 2011",Submarine,1900000,467602,4581937,4114335,-1432398,2214335,2681937,-0.0,0.001,0.001,Domestic
5009,5009,10,"Apr 9, 2010",The Square,1900000,406216,740932,334716,-1493784,-1565284,-1159068,-0.0,-0.0,-0.0,Domestic
5010,5010,11,"Feb 8, 2013",ABCD (Any Body Can Dance),1900000,222098,10137234,9915136,-1677902,8015136,8237234,-0.0,0.002,0.002,Domestic
5011,5011,12,"Jun 29, 2007",Chacun sa nuit,1900000,18435,139317,120882,-1881565,-1779118,-1760683,-0.001,-0.001,-0.001,Domestic
5014,5014,15,"Aug 27, 2010",The Last Exorcism,1800000,41034350,70165900,29131550,39234350,27331550,68365900,0.011,0.008,0.02,Domestic
5015,5015,16,"Nov 16, 1976",Carrie,1800000,25878153,25878153,0,24078153,-1800000,24078153,0.007,-0.001,0.007,Domestic
5016,5016,17,"Nov 9, 1984",A Nightmare on Elm Street,1800000,25504513,25504513,0,23704513,-1800000,23704513,0.007,-0.001,0.007,Domestic
5017,5017,18,"Jun 27, 2012",Beasts of the Southern Wild,1800000,12795746,23265132,10469386,10995746,8669386,21465132,0.003,0.003,0.006,Domestic
5018,5018,19,"Jan 29, 1964",Dr. Strangelove,1800000,9164370,9230678,66308,7364370,-1733692,7430678,0.002,-0.001,0.002,Domestic
5019,5019,20,"Jan 1, 1973",Battle for the Planet of the Apes,1800000,8800000,8800000,0,7000000,-1800000,7000000,0.002,-0.001,0.002,Domestic
5020,5020,21,"Sep 18, 1951",A Streetcar Named Desire,1800000,8000000,8000000,0,6200000,-1800000,6200000,0.002,-0.001,0.002,Domestic
5021,5021,22,"Aug 3, 1968",Hang 'em High,1800000,6800000,6800000,0,5000000,-1800000,5000000,0.001,-0.001,0.001,Domestic
5022,5022,23,"Nov 15, 2002",El crimen de padre Amaro,1800000,5719000,5719000,0,3919000,-1800000,3919000,0.001,-0.001,0.001,Domestic
5023,5023,24,"Jun 15, 2001",Songcatcher,1800000,3050934,3050934,0,1250934,-1800000,1250934,0.0,-0.001,0.0,Domestic
5024,5024,25,"Aug 23, 2011",Higher Ground,1800000,841056,842693,1637,-958944,-1798363,-957307,-0.0,-0.001,-0.0,Domestic
5025,5025,26,"Apr 22, 2011",POM Wonderful Presents: The Greatest Movie Ever Sold,1800000,638476,783733,145257,-1161524,-1654743,-1016267,-0.0,-0.0,-0.0,Domestic
5026,5026,27,"Jan 7, 2005",Travellers and Magicians,1800000,506793,1322161,815368,-1293207,-984632,-477839,-0.0,-0.0,-0.0,Domestic
5027,5027,28,"Jan 1, 1993",Ed and his Dead Mother,1800000,673,673,0,-1799327,-1800000,-1799327,-0.001,-0.001,-0.001,Domestic
5034,5034,35,"Jun 18, 1999",Lola rennt,1750000,7267324,22879194,15611870,5517324,13861870,21129194,0.002,0.004,0.006,Domestic
5035,5035,36,"Feb 7, 2003",May,1750000,145540,634803,489263,-1604460,-1260737,-1115197,-0.0,-0.0,-0.0,Domestic
5036,5036,37,"Oct 8, 2010",I Spit on Your Grave,1750000,93051,1278471,1185420,-1656949,-564580,-471529,-0.0,-0.0,-0.0,Domestic
5038,5038,39,"Nov 23, 2001",In the Bedroom,1700000,35930604,42137871,6207267,34230604,4507267,40437871,0.01,0.001,0.012,Domestic
5039,5039,40,"Mar 19, 2008",La misma luna,1700000,12590147,23271741,10681594,10890147,8981594,21571741,0.003,0.003,0.006,Domestic
5040,5040,41,"Jun 30, 1972",Conquest of the Planet of the Apes,1700000,9700000,9700000,0,8000000,-1700000,8000000,0.002,-0.0,0.002,Domestic
5041,5041,42,"Feb 28, 2014",The Lunchbox,1700000,4231500,12231500,8000000,2531500,6300000,10531500,0.001,0.002,0.003,Domestic
5042,5042,43,"Oct 4, 2013",Grace Unplugged,1700000,2507159,2507159,0,807159,-1700000,807159,0.0,-0.0,0.0,Domestic
5043,5043,44,"Oct 1, 1999","Happy, Texas",1700000,2039192,2891228,852036,339192,-847964,1191228,0.0,-0.0,0.0,Domestic
5044,5044,45,"Dec 18, 2015",Saul fia,1700000,1777043,9696537,7919494,77043,6219494,7996537,0.0,0.002,0.002,Domestic
5045,5045,46,"Jun 17, 2005",My Summer of Love,1700000,1000915,4727375,3726460,-699085,2026460,3027375,-0.0,0.001,0.001,Domestic
5046,5046,47,"Jun 24, 2005",Yes,1700000,396035,661221,265186,-1303965,-1434814,-1038779,-0.0,-0.0,-0.0,Domestic
5048,5048,49,"Aug 5, 1953",From Here to Eternity,1650000,30500000,30500000,0,28850000,-1650000,28850000,0.008,-0.0,0.008,Domestic
5049,5049,50,"Sep 1, 1938",You Can't Take It With You,1644000,4000000,4000000,0,2356000,-1644000,2356000,0.001,-0.0,0.001,Domestic
5050,5050,51,"Apr 9, 1999",Foolish,1600000,6026908,6026908,0,4426908,-1600000,4426908,0.001,-0.0,0.001,Domestic
5051,5051,52,"Jul 26, 1949",She Wore a Yellow Ribbon,1600000,5400000,5400000,0,3800000,-1600000,3800000,0.001,-0.0,0.001,Domestic
5052,5052,53,"Apr 7, 1974",The Conversation,1600000,4420000,4420000,0,2820000,-1600000,2820000,0.001,-0.0,0.001,Domestic
5053,5053,54,"Oct 15, 2010",N-Secure,1600000,2595644,2595644,0,995644,-1600000,995644,0.0,-0.0,0.0,Domestic
5054,5054,55,"Feb 1, 2008",Sukkar banat,1600000,1060591,14253760,13193169,-539409,11593169,12653760,-0.0,0.003,0.004,Domestic
5055,5055,56,"Dec 31, 1989",Out of the Dark,1600000,419428,419428,0,-1180572,-1600000,-1180572,-0.0,-0.0,-0.0,Domestic
5056,5056,57,"Jan 27, 2006",Bubble,1600000,145382,145382,0,-1454618,-1600000,-1454618,-0.0,-0.0,-0.0,Domestic
5057,5057,58,"Sep 23, 2005",Dil Jo Bhi Kahey...,1600000,129319,129319,0,-1470681,-1600000,-1470681,-0.0,-0.0,-0.0,Domestic
5058,5058,59,"Jan 15, 1999",Mississippi Mermaid,1600000,27795,2627795,2600000,-1572205,1000000,1027795,-0.0,0.0,0.0,Domestic
5059,5059,60,"Sep 26, 2014",Two Night Stand,1600000,15600,868081,852481,-1584400,-747519,-731919,-0.0,-0.0,-0.0,Domestic
5060,5060,61,"Nov 4, 2005",I Love Your Work,1600000,3264,3264,0,-1596736,-1600000,-1596736,-0.0,-0.0,-0.0,Domestic
5062,5062,63,"Apr 1, 2011",Insidious,1500000,54009150,99870886,45861736,52509150,44361736,98370886,0.015,0.013,0.028,Domestic
5063,5063,64,"Oct 21, 2016",Moonlight,1500000,27854931,65245512,37390581,26354931,35890581,63745512,0.008,0.01,0.018,Domestic
5064,5064,65,"Sep 12, 2003",Cabin Fever,1500000,21158188,30351664,9193476,19658188,7693476,28851664,0.006,0.002,0.008,Domestic
5065,5065,66,"May 2, 2007",Waitress,1500000,19097550,22217183,3119633,17597550,1619633,20717183,0.005,0.0,0.006,Domestic
5066,5066,67,"Sep 8, 1989",Kickboxer,1500000,14533681,14533681,0,13033681,-1500000,13033681,0.004,-0.0,0.004,Domestic
5067,5067,68,"Feb 26, 1988",Bloodsport,1500000,11806119,11806119,0,10306119,-1500000,10306119,0.003,-0.0,0.003,Domestic
5068,5068,69,"Oct 17, 1939",Mr. Smith Goes To Washington,1500000,9000000,9000000,0,7500000,-1500000,7500000,0.002,-0.0,0.002,Domestic
5069,5069,70,"Mar 23, 2018",Unsane,1500000,7690044,14244931,6554887,6190044,5054887,12744931,0.002,0.001,0.004,Domestic
5070,5070,71,"Jul 21, 1995",Kids,1500000,7412216,20412216,13000000,5912216,11500000,18912216,0.002,0.003,0.005,Domestic
5071,5071,72,"Oct 5, 2005",The Squid and the Whale,1500000,7372734,11191423,3818689,5872734,2318689,9691423,0.002,0.001,0.003,Domestic
5072,5072,73,"Mar 13, 2002",Kissing Jessica Stein,1500000,7025722,9345061,2319339,5525722,819339,7845061,0.002,0.0,0.002,Domestic
5073,5073,74,"Oct 31, 1945",Spellbound,1500000,7000000,7000000,0,5500000,-1500000,5500000,0.002,-0.0,0.002,Domestic
5074,5074,75,"Apr 20, 1979",Dawn of the Dead,1500000,5100000,55000000,49900000,3600000,48400000,53500000,0.001,0.014,0.015,Domestic
5075,5075,76,"Sep 23, 1994",Exotica,1500000,5046118,5046118,0,3546118,-1500000,3546118,0.001,-0.0,0.001,Domestic
5076,5076,77,"Jul 26, 2013",The To Do List,1500000,3491669,4128828,637159,1991669,-862841,2628828,0.001,-0.0,0.001,Domestic
5077,5077,78,"Feb 1, 2013",The Gatekeepers,1500000,2408553,2592308,183755,908553,-1316245,1092308,0.0,-0.0,0.0,Domestic
5078,5078,79,"Jun 26, 1998",Buffalo '66,1500000,2380606,2380606,0,880606,-1500000,880606,0.0,-0.0,0.0,Domestic
5079,5079,80,"Mar 2, 1984",Repo Man,1500000,2300000,2300000,0,800000,-1500000,800000,0.0,-0.0,0.0,Domestic
5080,5080,81,"Oct 21, 2016",Iâm Not Ashamed,1500000,2082980,2082980,0,582980,-1500000,582980,0.0,-0.0,0.0,Domestic
5081,5081,82,"Jan 18, 1985",Blood Simple,1500000,1690913,2730877,1039964,190913,-460036,1230877,0.0,-0.0,0.0,Domestic
5082,5082,83,"Apr 19, 2002",Nueve Reinas,1500000,1222889,12412889,11190000,-277111,9690000,10912889,-0.0,0.003,0.003,Domestic
5083,5083,84,"Apr 19, 2013",The Lords of Salem,1500000,1165881,1541131,375250,-334119,-1124750,41131,-0.0,-0.0,0.0,Domestic
5084,5084,85,"Oct 21, 2016",31,1500000,779820,922727,142907,-720180,-1357093,-577273,-0.0,-0.0,-0.0,Domestic
5085,5085,86,"Mar 25, 2005",The Ballad of Jack and Rose,1500000,712294,1126258,413964,-787706,-1086036,-373742,-0.0,-0.0,-0.0,Domestic
5086,5086,87,"Apr 22, 2016",Unsullied,1500000,510957,510957,0,-989043,-1500000,-989043,-0.0,-0.0,-0.0,Domestic
5087,5087,88,"Aug 31, 1994",Killing Zoe,1500000,418953,418953,0,-1081047,-1500000,-1081047,-0.0,-0.0,-0.0,Domestic
5088,5088,89,"May 17, 2002",The Believer,1500000,406035,1840248,1434213,-1093965,-65787,340248,-0.0,-0.0,0.0,Domestic
5089,5089,90,"Mar 7, 2008",Snow Angels,1500000,402858,414404,11546,-1097142,-1488454,-1085596,-0.0,-0.0,-0.0,Domestic
5090,5090,91,"Aug 10, 2001",Session 9,1500000,378176,1619602,1241426,-1121824,-258574,119602,-0.0,-0.0,0.0,Domestic
5091,5091,92,"Feb 11, 2011",MOOZ-lum,1500000,362239,372239,10000,-1137761,-1490000,-1127761,-0.0,-0.0,-0.0,Domestic
5092,5092,93,"Sep 5, 2007",I Want Someone To Eat Cheese With,1500000,194568,194568,0,-1305432,-1500000,-1305432,-0.0,-0.0,-0.0,Domestic
5093,5093,94,"Aug 19, 2011",Amigo,1500000,184705,184705,0,-1315295,-1500000,-1315295,-0.0,-0.0,-0.0,Domestic
5094,5094,95,"Sep 7, 2007",Hatchet,1500000,175281,240396,65115,-1324719,-1434885,-1259604,-0.0,-0.0,-0.0,Domestic
5095,5095,96,"Oct 31, 2008",My Name is Bruce,1500000,173066,173066,0,-1326934,-1500000,-1326934,-0.0,-0.0,-0.0,Domestic
5096,5096,97,"Aug 6, 2010",The Disappearance of Alice Creed,1500000,166980,1605139,1438159,-1333020,-61841,105139,-0.0,-0.0,0.0,Domestic
5097,5097,98,"Feb 5, 1936",Modern Times,1500000,163245,199747,36502,-1336755,-1463498,-1300253,-0.0,-0.0,-0.0,Domestic
5098,5098,99,"May 11, 2007",The Salon,1500000,139084,139084,0,-1360916,-1500000,-1360916,-0.0,-0.0,-0.0,Domestic
5099,5099,100,"Oct 25, 2013",The Square,1500000,124244,176262,52018,-1375756,-1447982,-1323738,-0.0,-0.0,-0.0,Domestic
5100,5100,1,"Mar 22, 2002",Stolen Summer,1500000,119841,119841,0,-1380159,-1500000,-1380159,-0.0,-0.0,-0.0,Domestic
5101,5101,2,"Mar 6, 2015",Road Hard,1500000,113169,113169,0,-1386831,-1500000,-1386831,-0.0,-0.0,-0.0,Domestic
5102,5102,3,"Sep 28, 2005",Forty Shades of Blue,1500000,75828,172569,96741,-1424172,-1403259,-1327431,-0.0,-0.0,-0.0,Domestic
5103,5103,4,"Oct 9, 2009",Trucker,1500000,52429,52429,0,-1447571,-1500000,-1447571,-0.0,-0.0,-0.0,Domestic
5104,5104,5,"May 29, 2009",Pontypool,1500000,3865,31916,28051,-1496135,-1471949,-1468084,-0.0,-0.0,-0.0,Domestic
5105,5105,6,"Sep 28, 2015","Me, You and Five Bucks",1500000,2105,2105,0,-1497895,-1500000,-1497895,-0.0,-0.0,-0.0,Domestic
5117,5117,18,"Dec 21, 1937",Snow White and the Seven Dwarfs,1488000,184925486,184925486,0,183437486,-1488000,183437486,0.053,-0.0,0.053,Domestic
5118,5118,19,"Jan 1, 1968",Shalako,1455000,2620000,2620000,0,1165000,-1455000,1165000,0.0,-0.0,0.0,Domestic
5119,5119,20,"Nov 30, 2018",Werk ohne Autor,1400000,1303747,4331152,3027405,-96253,1627405,2931152,-0.0,0.0,0.001,Domestic
5120,5120,21,"Nov 20, 2015",Mustang,1400000,845464,5552584,4707120,-554536,3307120,4152584,-0.0,0.001,0.001,Domestic
5121,5121,22,"Apr 29, 2005",The Holy Girl,1400000,304124,1261792,957668,-1095876,-442332,-138208,-0.0,-0.0,-0.0,Domestic
5122,5122,23,"Oct 3, 2014",La chambre bleue,1400000,260441,1945420,1684979,-1139559,284979,545420,-0.0,0.0,0.0,Domestic
5123,5123,24,"Sep 17, 2004",Incident at Loch Ness,1400000,36830,56073,19243,-1363170,-1380757,-1343927,-0.0,-0.0,-0.0,Domestic
5124,5124,25,"Apr 5, 2013",Eddie: The Sleepwalking Cannibal,1400000,1632,1632,0,-1398368,-1400000,-1398368,-0.0,-0.0,-0.0,Domestic
5129,5129,30,"Mar 5, 1999","Lock, Stock and Two Smoking Barrels",1350000,3897569,28356188,24458619,2547569,23108619,27006188,0.001,0.007,0.008,Domestic
5130,5130,31,"Aug 19, 1983",The Ballad of Gregorio Cortez,1305000,909000,909000,0,-396000,-1305000,-396000,-0.0,-0.0,-0.0,Domestic
5131,5131,32,"Jun 26, 1936",San Francisco,1300000,2868000,5273000,2405000,1568000,1105000,3973000,0.0,0.0,0.001,Domestic
5132,5132,33,"Oct 9, 1998",Festen,1300000,1647780,1647780,0,347780,-1300000,347780,0.0,-0.0,0.0,Domestic
5133,5133,34,"Oct 11, 1996",Trees Lounge,1300000,749741,749741,0,-550259,-1300000,-550259,-0.0,-0.0,-0.0,Domestic
5134,5134,35,"May 22, 2009",The Girlfriend Experience,1300000,695840,1005840,310000,-604160,-990000,-294160,-0.0,-0.0,-0.0,Domestic
5135,5135,36,"Mar 23, 2007",Journey from the Fall,1300000,635305,635305,0,-664695,-1300000,-664695,-0.0,-0.0,-0.0,Domestic
5136,5136,37,"May 5, 2000",The Basket,1300000,609042,609042,0,-690958,-1300000,-690958,-0.0,-0.0,-0.0,Domestic
5137,5137,38,"Jan 30, 2015",Above and Beyond,1300000,288751,288751,0,-1011249,-1300000,-1011249,-0.0,-0.0,-0.0,Domestic
5138,5138,39,"Mar 15, 1985",Def-Con 4,1300000,210904,210904,0,-1089096,-1300000,-1089096,-0.0,-0.0,-0.0,Domestic
5139,5139,40,"Dec 9, 2005",Neal n' Nikki,1300000,100358,329621,229263,-1199642,-1070737,-970379,-0.0,-0.0,-0.0,Domestic
5140,5140,41,"Dec 19, 2003",The Hebrew Hammer,1300000,77755,90213,12458,-1222245,-1287542,-1209787,-0.0,-0.0,-0.0,Domestic
5141,5141,42,"Jun 13, 2014",Los insolitos peces gato,1300000,11278,54665,43387,-1288722,-1256613,-1245335,-0.0,-0.0,-0.0,Domestic
5142,5142,43,"Apr 7, 2006",Simon,1300000,4055,1738663,1734608,-1295945,434608,438663,-0.0,0.0,0.0,Domestic
5146,5146,47,"Mar 21, 1940",Rebecca,1288000,6000000,6002370,2370,4712000,-1285630,4714370,0.001,-0.0,0.001,Domestic
5147,5147,48,"Apr 30, 1981",Friday the 13th Part 2,1250000,21722776,21722776,0,20472776,-1250000,20472776,0.006,-0.0,0.006,Domestic
5148,5148,49,"Nov 29, 1945",The Lost Weekend,1250000,11000000,11000000,0,9750000,-1250000,9750000,0.003,-0.0,0.003,Domestic
5149,5149,50,"Aug 31, 1984",C.H.U.D.,1250000,4700000,4700000,0,3450000,-1250000,3450000,0.001,-0.0,0.001,Domestic
5150,5150,51,"Oct 17, 2014",Dear White People,1250000,4404154,5403771,999617,3154154,-250383,4153771,0.001,-0.0,0.001,Domestic
5151,5151,52,"Apr 19, 2013",Filly Brown,1250000,2850357,2940411,90054,1600357,-1159946,1690411,0.0,-0.0,0.0,Domestic
5152,5152,53,"Jan 21, 1953",Niagara,1250000,2500000,2500000,0,1250000,-1250000,1250000,0.0,-0.0,0.0,Domestic
5156,5156,57,"Oct 29, 2004",Saw,1200000,55968727,103880027,47911300,54768727,46711300,102680027,0.016,0.013,0.03,Domestic
5157,5157,58,"Aug 4, 1989","Sex, Lies, and Videotape",1200000,24741667,36741667,12000000,23541667,10800000,35541667,0.007,0.003,0.01,Domestic
5158,5158,59,"Feb 15, 2002",Super Troopers,1200000,18492362,23046142,4553780,17292362,3353780,21846142,0.005,0.001,0.006,Domestic
5159,5159,60,"Feb 22, 2002",Monsoon Wedding,1200000,13876974,27025600,13148626,12676974,11948626,25825600,0.004,0.003,0.007,Domestic
5160,5160,61,"Nov 10, 2000",You Can Count on Me,1200000,9180275,10827356,1647081,7980275,447081,9627356,0.002,0.0,0.003,Domestic
5161,5161,62,"Jul 3, 1951",Strangers on a Train,1200000,7000000,7000000,0,5800000,-1200000,5800000,0.002,-0.0,0.002,Domestic
5162,5162,63,"Oct 3, 1955",The Trouble with Harry,1200000,7000000,7000000,0,5800000,-1200000,5800000,0.002,-0.0,0.002,Domestic
5163,5163,64,"Dec 29, 1967","Il buono, il brutto, il cattivo",1200000,6100000,6100000,0,4900000,-1200000,4900000,0.001,-0.0,0.001,Domestic
5164,5164,65,"Sep 18, 1951",The Day the Earth Stood Still,1200000,3700000,3700000,0,2500000,-1200000,2500000,0.001,-0.0,0.001,Domestic
5165,5165,66,"Apr 19, 2013",Home Run,1200000,2859955,2859955,0,1659955,-1200000,1659955,0.0,-0.0,0.0,Domestic
5166,5166,67,"Oct 23, 1992",Reservoir Dogs,1200000,2832029,2832029,0,1632029,-1200000,1632029,0.0,-0.0,0.0,Domestic
5167,5167,68,"Jul 7, 2000",But I'm a Cheerleader,1200000,2205627,2509344,303717,1005627,-896283,1309344,0.0,-0.0,0.0,Domestic
5168,5168,69,"Dec 23, 1956",The Wrong Man,1200000,2000000,2000000,0,800000,-1200000,800000,0.0,-0.0,0.0,Domestic
5169,5169,70,"Sep 26, 1975",The Rocky Horror Picture Show,1200000,1414845,1615976,201131,214845,-998869,415976,0.0,-0.0,0.0,Domestic
5170,5170,71,"Jan 1, 1976",The Blue Bird,1200000,887000,887000,0,-313000,-1200000,-313000,-0.0,-0.0,-0.0,Domestic
5171,5171,72,"Apr 13, 2012",Blue Like Jazz,1200000,595018,595018,0,-604982,-1200000,-604982,-0.0,-0.0,-0.0,Domestic
5172,5172,73,"Aug 28, 2015",Que Horas Ela Volta?,1200000,376976,3249041,2872065,-823024,1672065,2049041,-0.0,0.0,0.001,Domestic
5173,5173,74,"Nov 19, 1982",Q,1200000,255000,255000,0,-945000,-1200000,-945000,-0.0,-0.0,-0.0,Domestic
5174,5174,75,"Mar 21, 2003",Down & Out with the Dolls,1200000,58936,58936,0,-1141064,-1200000,-1141064,-0.0,-0.0,-0.0,Domestic
5175,5175,76,"Jun 1, 2012","Pink Ribbons, Inc.",1200000,26608,26608,0,-1173392,-1200000,-1173392,-0.0,-0.0,-0.0,Domestic
5176,5176,77,"Feb 6, 2018",Blood Feast,1200000,8708,8708,0,-1191292,-1200000,-1191292,-0.0,-0.0,-0.0,Domestic
5177,5177,78,"Feb 11, 2011",Certifiably Jonathan,1200000,7826,7826,0,-1192174,-1200000,-1192174,-0.0,-0.0,-0.0,Domestic
5178,5178,79,"Sep 18, 2015",La navaja de Don Juan,1200000,4254,4254,0,-1195746,-1200000,-1195746,-0.0,-0.0,-0.0,Domestic
5189,5189,90,"Mar 21, 2014",Godâs Not Dead,1150000,60755732,63777092,3021360,59605732,1871360,62627092,0.017,0.001,0.018,Domestic
5190,5190,91,"Oct 7, 2005",Waiting...,1125000,16124543,18673274,2548731,14999543,1423731,17548274,0.004,0.0,0.005,Domestic
5191,5191,92,"May 12, 2006",Dead Man's Shoes,1125000,6408,414736,408328,-1118592,-716672,-710264,-0.0,-0.0,-0.0,Domestic
5192,5192,93,"Feb 1, 1980",The Fog,1100000,21445318,21445820,502,20345318,-1099498,20345820,0.006,-0.0,0.006,Domestic
5193,5193,94,"Dec 25, 2005",Wolf Creek,1100000,16186348,29005064,12818716,15086348,11718716,27905064,0.004,0.003,0.008,Domestic
5194,5194,95,"Feb 11, 2005",Ong-Bak,1100000,4563167,24062965,19499798,3463167,18399798,22962965,0.001,0.005,0.007,Domestic
5195,5195,96,"Mar 23, 2012",Serbuan maut,1100000,4105123,9297407,5192284,3005123,4092284,8197407,0.001,0.001,0.002,Domestic
5196,5196,97,"Sep 26, 1986",Down by Law,1100000,1436000,1436000,0,336000,-1100000,336000,0.0,-0.0,0.0,Domestic
5197,5197,98,"Sep 4, 1987",The Offspring,1100000,1355728,1355728,0,255728,-1100000,255728,0.0,-0.0,0.0,Domestic
5198,5198,99,"Feb 22, 2002",Sex with Strangers,1100000,247740,247740,0,-852260,-1100000,-852260,-0.0,-0.0,-0.0,Domestic
5199,5199,100,"May 18, 2012",Beyond the Black Rainbow,1100000,56491,56491,0,-1043509,-1100000,-1043509,-0.0,-0.0,-0.0,Domestic
5200,5200,1,"May 14, 2003",Dracula: Pages from a Virgin's Diary,1100000,39659,81371,41712,-1060341,-1058288,-1018629,-0.0,-0.0,-0.0,Domestic
5201,5201,2,"Nov 21, 2014",The Sleepwalker,1100000,2636,2636,0,-1097364,-1100000,-1097364,-0.0,-0.0,-0.0,Domestic
5208,5208,9,"Dec 11, 2009",Rocket Singh: Salesman of the Year,1070000,164649,5348767,5184118,-905351,4114118,4278767,-0.0,0.001,0.001,Domestic
5209,5209,10,"Jan 23, 1943",Casablanca,1039000,10462500,10496855,34355,9423500,-1004645,9457855,0.003,-0.0,0.003,Domestic
5210,5210,11,"Nov 21, 1976",Rocky,1000000,117235147,225000000,107764853,116235147,106764853,224000000,0.034,0.031,0.065,Domestic
5211,5211,12,"Jan 6, 2012",The Devil Inside,1000000,53262945,101759490,48496545,52262945,47496545,100759490,0.015,0.014,0.029,Domestic
5212,5212,13,"Oct 7, 1963",Tom Jones,1000000,37600000,37600000,0,36600000,-1000000,36600000,0.011,-0.0,0.011,Domestic
5213,5213,14,"Apr 17, 2015",Unfriended,1000000,32789645,64364198,31574553,31789645,30574553,63364198,0.009,0.009,0.018,Domestic
5214,5214,15,"Feb 8, 1976",Taxi Driver,1000000,28262574,28316211,53637,27262574,-946363,27316211,0.008,-0.0,0.008,Domestic
5215,5215,16,"May 24, 2006",An Inconvenient Truth,1000000,24146161,53365925,29219764,23146161,28219764,52365925,0.007,0.008,0.015,Domestic
5216,5216,17,"Aug 23, 2013",You're Next,1000000,18494006,26887177,8393171,17494006,7393171,25887177,0.005,0.002,0.007,Domestic
5217,5217,18,"May 25, 2012",Chernobyl Diaries,1000000,18119640,42411721,24292081,17119640,23292081,41411721,0.005,0.007,0.012,Domestic
5218,5218,19,"Apr 10, 1981",The Howling,1000000,17985000,17985000,0,16985000,-1000000,16985000,0.005,-0.0,0.005,Domestic
5219,5219,20,"May 8, 1963",Dr. No,1000000,16067035,59567035,43500000,15067035,42500000,58567035,0.004,0.012,0.017,Domestic
5220,5220,21,"Sep 18, 1987",Hellraiser,1000000,14564000,14575148,11148,13564000,-988852,13575148,0.004,-0.0,0.004,Domestic
5221,5221,22,"Mar 11, 2016","Hello, My Name is Doris",1000000,14444999,14662703,217704,13444999,-782296,13662703,0.004,-0.0,0.004,Domestic
5222,5222,23,"Sep 16, 2005",Cry Wolf,1000000,10047674,15943081,5895407,9047674,4895407,14943081,0.003,0.001,0.004,Domestic
5223,5223,24,"Aug 18, 2000",Godzilla 2000,1000000,10037390,10037390,0,9037390,-1000000,9037390,0.003,-0.0,0.003,Domestic
5224,5224,25,"Dec 29, 2010",Blue Valentine,1000000,9737892,16566240,6828348,8737892,5828348,15566240,0.003,0.002,0.004,Domestic
5225,5225,26,"Jan 20, 2006",Transamerica,1000000,9015303,16553163,7537860,8015303,6537860,15553163,0.002,0.002,0.004,Domestic
5226,5226,27,"Jan 1, 1970",Beyond the Valley of the Dolls,1000000,9000000,9000000,0,8000000,-1000000,8000000,0.002,-0.0,0.002,Domestic
5227,5227,28,"Nov 15, 1956",Love Me Tender,1000000,9000000,9000000,0,8000000,-1000000,8000000,0.002,-0.0,0.002,Domestic
5228,5228,29,"Jul 20, 2018",Unfriended: Dark Web,1000000,8866745,16434588,7567843,7866745,6567843,15434588,0.002,0.002,0.004,Domestic
5229,5229,30,"Dec 14, 1949",Sands of Iwo Jima,1000000,7800000,7800000,0,6800000,-1000000,6800000,0.002,-0.0,0.002,Domestic
5230,5230,31,"Sep 25, 2015",The Green Inferno,1000000,7192291,12931420,5739129,6192291,4739129,11931420,0.002,0.001,0.003,Domestic
5231,5231,32,"Feb 3, 2017",I Am Not Your Negro,1000000,7123919,9617402,2493483,6123919,1493483,8617402,0.002,0.0,0.002,Domestic
5232,5232,33,"Oct 19, 2012",The Sessions,1000000,6002451,11495204,5492753,5002451,4492753,10495204,0.001,0.001,0.003,Domestic
5233,5233,34,"Apr 4, 2008",Shine a Light,1000000,5505267,16173879,10668612,4505267,9668612,15173879,0.001,0.003,0.004,Domestic
5234,5234,35,"Mar 23, 2012",October Baby,1000000,5355847,5391992,36145,4355847,-963855,4391992,0.001,-0.0,0.001,Domestic
5235,5235,36,"Sep 12, 2014",The Skeleton Twins,1000000,5284309,5797192,512883,4284309,-487117,4797192,0.001,-0.0,0.001,Domestic
5236,5236,37,"Jun 14, 2013",20 Feet From Stardom,1000000,4946250,5892466,946216,3946250,-53784,4892466,0.001,-0.0,0.001,Domestic
5237,5237,38,"Jun 12, 2009","Food, Inc.",1000000,4417674,4731944,314270,3417674,-685730,3731944,0.001,-0.0,0.001,Domestic
5238,5238,39,"Jul 28, 2017",An Inconvenient Sequel,1000000,3496795,5839322,2342527,2496795,1342527,4839322,0.001,0.0,0.001,Domestic
5239,5239,40,"Aug 21, 1998",Next Stop Wonderland,1000000,3395581,3465703,70122,2395581,-929878,2465703,0.001,-0.0,0.001,Domestic
5240,5240,41,"Jun 6, 2014",Obvious Child,1000000,3122616,3324070,201454,2122616,-798546,2324070,0.001,-0.0,0.001,Domestic
5241,5241,42,"Oct 21, 2011",Martha Marcy May Marlene,1000000,2981038,5438911,2457873,1981038,1457873,4438911,0.001,0.0,0.001,Domestic
5242,5242,43,"Aug 3, 2005",Junebug,1000000,2678010,3553253,875243,1678010,-124757,2553253,0.0,-0.0,0.001,Domestic
5243,5243,44,"Aug 1, 2008",Frozen River,1000000,2511476,6030129,3518653,1511476,2518653,5030129,0.0,0.001,0.001,Domestic
5244,5244,45,"Nov 21, 2001",Sidewalks of New York,1000000,2402459,3575308,1172849,1402459,172849,2575308,0.0,0.0,0.001,Domestic
5245,5245,46,"Apr 24, 1998",Two Girls and a Guy,1000000,2057193,2315026,257833,1057193,-742167,1315026,0.0,-0.0,0.0,Domestic
5246,5246,47,"Sep 29, 2000",The Broken Hearts Club: A Romantic Comedy,1000000,1744858,2022442,277584,744858,-722416,1022442,0.0,-0.0,0.0,Domestic
5247,5247,48,"Jun 28, 2006",Who Killed the Electric Car?,1000000,1678874,1849392,170518,678874,-829482,849392,0.0,-0.0,0.0,Domestic
5248,5248,49,"Sep 18, 2009",The Secrets of Jonathan Sperry,1000000,1355079,1355079,0,355079,-1000000,355079,0.0,-0.0,0.0,Domestic
5249,5249,50,"Jul 17, 1996",Walking and Talking,1000000,1287480,1615787,328307,287480,-671693,615787,0.0,-0.0,0.0,Domestic
5250,5250,51,"Sep 19, 2003",Bubba Ho-Tep,1000000,1239183,1492895,253712,239183,-746288,492895,0.0,-0.0,0.0,Domestic
5251,5251,52,"Dec 7, 2001",No Man's Land,1000000,1067481,2684207,1616726,67481,616726,1684207,0.0,0.0,0.0,Domestic
5252,5252,53,"Oct 9, 1998",Slam,1000000,1009819,1087521,77702,9819,-922298,87521,0.0,-0.0,0.0,Domestic
5253,5253,54,"Oct 6, 2017",Visages villages,1000000,952432,4015686,3063254,-47568,2063254,3015686,-0.0,0.001,0.001,Domestic
5254,5254,55,"Apr 6, 2001",Brigham City,1000000,852206,852206,0,-147794,-1000000,-147794,-0.0,-0.0,-0.0,Domestic
5255,5255,56,"Aug 18, 2017",Patti Cake$,1000000,800148,1471090,670942,-199852,-329058,471090,-0.0,-0.0,0.0,Domestic
5256,5256,57,"Dec 1, 2000",Panic,1000000,779137,1425707,646570,-220863,-353430,425707,-0.0,-0.0,0.0,Domestic
5257,5257,58,"May 9, 2014",Palo Alto,1000000,767732,1156309,388577,-232268,-611423,156309,-0.0,-0.0,0.0,Domestic
5258,5258,59,"Sep 8, 2000",Fiza,1000000,623791,1179462,555671,-376209,-444329,179462,-0.0,-0.0,0.0,Domestic
5259,5259,60,"Feb 3, 2010",Ajami,1000000,621859,2721096,2099237,-378141,1099237,1721096,-0.0,0.0,0.0,Domestic
5260,5260,61,"Oct 23, 1998",Orgazmo,1000000,582024,627287,45263,-417976,-954737,-372713,-0.0,-0.0,-0.0,Domestic
5261,5261,62,"Jul 29, 2011",The Future,1000000,568662,1239174,670512,-431338,-329488,239174,-0.0,-0.0,0.0,Domestic
5262,5262,63,"Feb 14, 2003",All the Real Girls,1000000,549666,703020,153354,-450334,-846646,-296980,-0.0,-0.0,-0.0,Domestic
5263,5263,64,"Oct 24, 2014",23 Blast,1000000,549185,549185,0,-450815,-1000000,-450815,-0.0,-0.0,-0.0,Domestic
5264,5264,65,"Jun 20, 1997",Dream With The Fishes,1000000,542909,542909,0,-457091,-1000000,-457091,-0.0,-0.0,-0.0,Domestic
5265,5265,66,"Jul 19, 2013",The Act of Killing,1000000,486919,1227316,740397,-513081,-259603,227316,-0.0,-0.0,0.0,Domestic
5266,5266,67,"May 2, 2003",Blue Car,1000000,464126,475367,11241,-535874,-988759,-524633,-0.0,-0.0,-0.0,Domestic
5267,5267,68,"Oct 19, 2007",Wristcutters: A Love Story,1000000,446165,473769,27604,-553835,-972396,-526231,-0.0,-0.0,-0.0,Domestic
5268,5268,69,"May 5, 2000",Luminarias,1000000,428535,428535,0,-571465,-1000000,-571465,-0.0,-0.0,-0.0,Domestic
5269,5269,70,"Jul 18, 2014",I Origins,1000000,336472,852399,515927,-663528,-484073,-147601,-0.0,-0.0,-0.0,Domestic
5270,5270,71,"Nov 28, 2014",Antarctica: A Year on Ice,1000000,288757,288757,0,-711243,-1000000,-711243,-0.0,-0.0,-0.0,Domestic
5271,5271,72,"Aug 22, 2003",The Battle of Shaker Heights,1000000,280351,839145,558794,-719649,-441206,-160855,-0.0,-0.0,-0.0,Domestic
5272,5272,73,"Jan 18, 2008",Taxi to the Dark Side,1000000,274661,304472,29811,-725339,-970189,-695528,-0.0,-0.0,-0.0,Domestic
5273,5273,74,"Apr 8, 2016",The Invitation,1000000,231738,354836,123098,-768262,-876902,-645164,-0.0,-0.0,-0.0,Domestic
5274,5274,75,"Sep 24, 2004",Guiana 1838,1000000,227241,227241,0,-772759,-1000000,-772759,-0.0,-0.0,-0.0,Domestic
5275,5275,76,"Dec 30, 2002",Love Liza,1000000,213137,213137,0,-786863,-1000000,-786863,-0.0,-0.0,-0.0,Domestic
5276,5276,77,"Jul 7, 2006",Once in a Lifetime: the Extraordinary Story of the New York Cosmos,1000000,144601,215559,70958,-855399,-929042,-784441,-0.0,-0.0,-0.0,Domestic
5277,5277,78,"Aug 22, 2001",Lisa Picard is Famous,1000000,113433,113433,0,-886567,-1000000,-886567,-0.0,-0.0,-0.0,Domestic
5278,5278,79,"Jul 31, 2015",Beyond the Brick: A LEGO Brickumentary,1000000,101531,101531,0,-898469,-1000000,-898469,-0.0,-0.0,-0.0,Domestic
5279,5279,80,"Oct 30, 2009",The House of the Devil,1000000,101215,102812,1597,-898785,-998403,-897188,-0.0,-0.0,-0.0,Domestic
5280,5280,81,"Jun 1, 2012",Hardflip,1000000,96734,96734,0,-903266,-1000000,-903266,-0.0,-0.0,-0.0,Domestic
5281,5281,82,"Mar 11, 2016",Creative Control,1000000,63014,63014,0,-936986,-1000000,-936986,-0.0,-0.0,-0.0,Domestic
5282,5282,83,"Sep 16, 2005",Chocolate: Deep Dark Secrets,1000000,49000,1549000,1500000,-951000,500000,549000,-0.0,0.0,0.0,Domestic
5283,5283,84,"Jul 1, 2011",The Perfect Host,1000000,48764,51587,2823,-951236,-997177,-948413,-0.0,-0.0,-0.0,Domestic
5284,5284,85,"Sep 25, 1998",The Last Big Thing,1000000,22434,22434,0,-977566,-1000000,-977566,-0.0,-0.0,-0.0,Domestic
5285,5285,86,"Aug 7, 1998",Safe Men,1000000,21210,21210,0,-978790,-1000000,-978790,-0.0,-0.0,-0.0,Domestic
5286,5286,87,"Aug 31, 2001",Speedway Junky,1000000,17127,17127,0,-982873,-1000000,-982873,-0.0,-0.0,-0.0,Domestic
5287,5287,88,"Feb 13, 2015",Hits,1000000,15156,15156,0,-984844,-1000000,-984844,-0.0,-0.0,-0.0,Domestic
5288,5288,89,"Sep 22, 2000",The Specials,1000000,12996,12996,0,-987004,-1000000,-987004,-0.0,-0.0,-0.0,Domestic
5289,5289,90,"Sep 3, 2010",16 to Life,1000000,11574,11574,0,-988426,-1000000,-988426,-0.0,-0.0,-0.0,Domestic
5290,5290,91,"Jan 17, 2007",Alone with Her,1000000,10787,844377,833590,-989213,-166410,-155623,-0.0,-0.0,-0.0,Domestic
5291,5291,92,"Oct 17, 2014",Camp X-Ray,1000000,9837,101053,91216,-990163,-908784,-898947,-0.0,-0.0,-0.0,Domestic
5292,5292,93,"Nov 21, 2008",Special,1000000,7202,26822,19620,-992798,-980380,-973178,-0.0,-0.0,-0.0,Domestic
5293,5293,94,"Apr 10, 2015",The Sisterhood of Night,1000000,6870,6870,0,-993130,-1000000,-993130,-0.0,-0.0,-0.0,Domestic
5294,5294,95,"Mar 19, 1999",Sparkler,1000000,5494,5494,0,-994506,-1000000,-994506,-0.0,-0.0,-0.0,Domestic
5295,5295,96,"Mar 18, 2005",The Helixâ¦Loaded,1000000,3700,3700,0,-996300,-1000000,-996300,-0.0,-0.0,-0.0,Domestic
5296,5296,97,"May 15, 2015",Childless,1000000,1036,1036,0,-998964,-1000000,-998964,-0.0,-0.0,-0.0,Domestic
5297,5297,98,"Apr 21, 2006",In Her Line of Fire,1000000,884,884,0,-999116,-1000000,-999116,-0.0,-0.0,-0.0,Domestic
5298,5298,99,"Dec 13, 2002",The Jimmy Show,1000000,703,703,0,-999297,-1000000,-999297,-0.0,-0.0,-0.0,Domestic
5326,5326,27,"Jun 1, 2007",And Then Came Love,989000,8158,8158,0,-980842,-989000,-980842,-0.0,-0.0,-0.0,Domestic
5327,5327,28,"Apr 14, 2006",Hard Candy,950000,1024640,8267066,7242426,74640,6292426,7317066,0.0,0.002,0.002,Domestic
5328,5328,29,"Sep 27, 2002",Charly,950000,814666,814666,0,-135334,-950000,-135334,-0.0,-0.0,-0.0,Domestic
5333,5333,34,"Apr 13, 2012",L!fe Happens,930000,30905,30905,0,-899095,-930000,-899095,-0.0,-0.0,-0.0,Domestic
5334,5334,35,"May 12, 2017",Lowriders,916000,6179955,6188421,8466,5263955,-907534,5272421,0.002,-0.0,0.002,Domestic
5336,5336,37,"Jul 28, 1954",On the Waterfront,910000,9600000,9600000,0,8690000,-910000,8690000,0.003,-0.0,0.003,Domestic
5337,5337,38,"Jul 12, 2013",Fruitvale Station,900000,16098998,17549645,1450647,15198998,550647,16649645,0.004,0.0,0.005,Domestic
5338,5338,39,"Apr 1, 2016",Meet the Blacks,900000,9097072,9097072,0,8197072,-900000,8197072,0.002,-0.0,0.002,Domestic
5339,5339,40,"Jan 25, 2008","4 luni, 3 saptamani si 2 zile",900000,1196321,11993156,10796835,296321,9896835,11093156,0.0,0.003,0.003,Domestic
5340,5340,41,"Aug 26, 2011",Circumstance,900000,454121,958978,504857,-445879,-395143,58978,-0.0,-0.0,0.0,Domestic
5341,5341,42,"Aug 25, 2006",The Quiet,900000,381420,381420,0,-518580,-900000,-518580,-0.0,-0.0,-0.0,Domestic
5342,5342,43,"Apr 27, 2012",The Giant Mechanical Man,900000,7396,7396,0,-892604,-900000,-892604,-0.0,-0.0,-0.0,Domestic
5343,5343,44,"Apr 5, 2013",The Brass Teapot,900000,6997,413733,406736,-893003,-493264,-486267,-0.0,-0.0,-0.0,Domestic
5346,5346,47,"Aug 13, 1942",Bambi,858000,102797000,268000000,165203000,101939000,164345000,267142000,0.029,0.047,0.077,Domestic
5347,5347,48,"Aug 31, 2012","For a Good Time, Call",850000,1251749,1386088,134339,401749,-715661,536088,0.0,-0.0,0.0,Domestic
5348,5348,49,"Jan 30, 2004",Latter Days,850000,833118,865708,32590,-16882,-817410,15708,-0.0,-0.0,0.0,Domestic
5349,5349,50,"Mar 21, 2008",The Hammer,850000,442638,442638,0,-407362,-850000,-407362,-0.0,-0.0,-0.0,Domestic
5350,5350,51,"Aug 28, 2015",Windsor Drive,850000,3256,3256,0,-846744,-850000,-846744,-0.0,-0.0,-0.0,Domestic
5353,5353,54,"Aug 3, 2012",Celeste and Jesse Forever,840000,3103407,3787689,684282,2263407,-155718,2947689,0.001,-0.0,0.001,Domestic
5354,5354,55,"Oct 25, 2002",Time Changer,825000,1500711,1500711,0,675711,-825000,675711,0.0,-0.0,0.0,Domestic
5357,5357,58,"Jan 1, 1971",Billy Jack,800000,98000000,98000000,0,97200000,-800000,97200000,0.028,-0.0,0.028,Domestic
5358,5358,59,"Dec 30, 2011",Jodaeiye Nader az Simin,800000,7098492,24426169,17327677,6298492,16527677,23626169,0.002,0.005,0.007,Domestic
5359,5359,60,"May 10, 1996",Welcome to the Dollhouse,800000,4198137,5034794,836657,3398137,36657,4234794,0.001,0.0,0.001,Domestic
5360,5360,61,"Mar 28, 2003",Raising Victor Vargas,800000,2073984,2900578,826594,1273984,26594,2100578,0.0,0.0,0.001,Domestic
5361,5361,62,"Oct 1, 1993",Ruby in Paradise,800000,1001437,1001437,0,201437,-800000,201437,0.0,-0.0,0.0,Domestic
5362,5362,63,"Aug 9, 2002",Pandora's Box,800000,881950,881950,0,81950,-800000,81950,0.0,-0.0,0.0,Domestic
5363,5363,64,"Jul 18, 2007",Cama adentro,800000,200433,200433,0,-599567,-800000,-599567,-0.0,-0.0,-0.0,Domestic
5364,5364,65,"Mar 10, 2000",Deterrence,800000,144583,371647,227064,-655417,-572936,-428353,-0.0,-0.0,-0.0,Domestic
5365,5365,66,"May 7, 2004",The Mudge Boy,800000,62544,62544,0,-737456,-800000,-737456,-0.0,-0.0,-0.0,Domestic
5366,5366,67,"Apr 11, 2003",The Young Unknowns,800000,58163,58163,0,-741837,-800000,-741837,-0.0,-0.0,-0.0,Domestic
5367,5367,68,"Jun 19, 2009",DÃ¸d snÃ¸,800000,46742,2194020,2147278,-753258,1347278,1394020,-0.0,0.0,0.0,Domestic
5368,5368,69,"Sep 19, 2014",Not Cool,800000,35688,35688,0,-764312,-800000,-764312,-0.0,-0.0,-0.0,Domestic
5369,5369,70,"Feb 3, 2012",Kill List,800000,29063,462206,433143,-770937,-366857,-337794,-0.0,-0.0,-0.0,Domestic
5371,5371,72,"Aug 6, 2004",Saints and Soldiers,780000,1310470,1310470,0,530470,-780000,530470,0.0,-0.0,0.0,Domestic
5372,5372,73,"Aug 11, 1973",American Graffiti,777000,115000000,140000000,25000000,114223000,24223000,139223000,0.033,0.007,0.04,Domestic
5374,5374,75,"Sep 9, 2011",Kevin Hart: Laugh at My Pain,750000,7706436,7712436,6000,6956436,-744000,6962436,0.002,-0.0,0.002,Domestic
5375,5375,76,"Apr 13, 2007",Aqua Teen Hunger Force Colon Movie Film for Theaters,750000,5520368,5520368,0,4770368,-750000,4770368,0.001,-0.0,0.001,Domestic
5376,5376,77,"Jun 8, 2012",Safety Not Guaranteed,750000,4010957,4422318,411361,3260957,-338639,3672318,0.001,-0.0,0.001,Domestic
5377,5377,78,"Feb 3, 2012",The Innkeepers,750000,78396,1011535,933139,-671604,183139,261535,-0.0,0.0,0.0,Domestic
5378,5378,79,"Aug 29, 2014",Il conformista,750000,59656,89609,29953,-690344,-720047,-660391,-0.0,-0.0,-0.0,Domestic
5379,5379,80,"Nov 15, 2002",Interview with the Assassin,750000,47329,47329,0,-702671,-750000,-702671,-0.0,-0.0,-0.0,Domestic
5380,5380,81,"Jul 1, 2005",Undead,750000,41196,229250,188054,-708804,-561946,-520750,-0.0,-0.0,-0.0,Domestic
5381,5381,82,"Jan 23, 2009",Donkey Punch,750000,19367,814801,795434,-730633,45434,64801,-0.0,0.0,0.0,Domestic
5386,5386,87,"Jun 25, 1968",La mariÃ©e Ã©tait en noir,747000,44566,44566,0,-702434,-747000,-702434,-0.0,-0.0,-0.0,Domestic
5387,5387,88,"Jul 24, 1952",High Noon,730000,8000000,8000000,0,7270000,-730000,7270000,0.002,-0.0,0.002,Domestic
5388,5388,89,"Oct 14, 1994",Hoop Dreams,700000,7768371,11768371,4000000,7068371,3300000,11068371,0.002,0.001,0.003,Domestic
5389,5389,90,"Jun 24, 2005",Rize,700000,3278611,4857731,1579120,2578611,879120,4157731,0.001,0.0,0.001,Domestic
5390,5390,91,"Aug 11, 2006",Half Nelson,700000,2697938,4911725,2213787,1997938,1513787,4211725,0.001,0.0,0.001,Domestic
5391,5391,92,"Sep 7, 2001",L.I.E.,700000,1140965,1140965,0,440965,-700000,440965,0.0,-0.0,0.0,Domestic
5392,5392,93,"Aug 4, 2017",Columbus,700000,1017107,1110511,93404,317107,-606596,410511,0.0,-0.0,0.0,Domestic
5393,5393,94,"Oct 8, 1999",Naturally Native,700000,10508,10508,0,-689492,-700000,-689492,-0.0,-0.0,-0.0,Domestic
5396,5396,97,"Apr 7, 1933",King Kong,672000,10000000,10000650,650,9328000,-671350,9328650,0.003,-0.0,0.003,Domestic
5397,5397,98,"Apr 10, 1953",House of Wax,658000,23800000,23800000,0,23142000,-658000,23142000,0.007,-0.0,0.007,Domestic
5398,5398,99,"Jun 19, 1998",Hav Plenty,650000,2301777,2301777,0,1651777,-650000,1651777,0.0,-0.0,0.0,Domestic
5399,5399,100,"Oct 11, 2013",Escape from Tomorrow,650000,171962,171962,0,-478038,-650000,-478038,-0.0,-0.0,-0.0,Domestic
5400,5400,1,"Dec 14, 2018",That Way Madness Lies,650000,1447,1447,0,-648553,-650000,-648553,-0.0,-0.0,-0.0,Domestic
5405,5405,6,"Sep 6, 1935",Top Hat,609000,1782000,3202000,1420000,1173000,811000,2593000,0.0,0.0,0.001,Domestic
5406,5406,7,"Jul 14, 1999",The Blair Witch Project,600000,140539099,248300000,107760901,139939099,107160901,247700000,0.04,0.031,0.072,Domestic
5407,5407,8,"Mar 26, 1970",Woodstock,600000,34505110,34505110,0,33905110,-600000,33905110,0.01,-0.0,0.01,Domestic
5408,5408,9,"Aug 10, 1977",The Kentucky Fried Movie,600000,15000000,20000000,5000000,14400000,4400000,19400000,0.004,0.001,0.006,Domestic
5409,5409,10,"May 10, 1967",Per qualche dollaro in piÃ¹,600000,4300000,4300000,0,3700000,-600000,3700000,0.001,-0.0,0.001,Domestic
5410,5410,11,"Oct 31, 2000",Mercy Streets,600000,173599,173599,0,-426401,-600000,-426401,-0.0,-0.0,-0.0,Domestic
5411,5411,12,"May 2, 2014",Water & Power,600000,42557,42557,0,-557443,-600000,-557443,-0.0,-0.0,-0.0,Domestic
5412,5412,13,"Oct 19, 2007",Arnolds Park,600000,23616,23616,0,-576384,-600000,-576384,-0.0,-0.0,-0.0,Domestic
5413,5413,14,"Jul 2, 1999",Broken Vessels,600000,15030,85343,70313,-584970,-529687,-514657,-0.0,-0.0,-0.0,Domestic
5414,5414,15,"May 22, 2015",Drunk Wedding,600000,3301,3301,0,-596699,-600000,-596699,-0.0,-0.0,-0.0,Domestic
5420,5420,21,"Aug 11, 1964",A Hard Day's Night,560000,1537860,1626784,88924,977860,-471076,1066784,0.0,-0.0,0.0,Domestic
5421,5421,22,"Jul 29, 2011",The Harvest/La Cosecha,560000,3709,3709,0,-556291,-560000,-556291,-0.0,-0.0,-0.0,Domestic
5423,5423,24,"Dec 26, 1931",Mata Hari,558000,900000,900000,0,342000,-558000,342000,0.0,-0.0,0.0,Domestic
5424,5424,25,"May 9, 1980",Friday the 13th,550000,39754601,59754601,20000000,39204601,19450000,59204601,0.011,0.006,0.017,Domestic
5425,5425,26,"Apr 27, 1984",Love Letters,550000,5269990,5269990,0,4719990,-550000,4719990,0.001,-0.0,0.001,Domestic
5426,5426,27,"Sep 12, 2014",Faith Connections,550000,9111,9111,0,-540889,-550000,-540889,-0.0,-0.0,-0.0,Domestic
5428,5428,29,"Sep 26, 2008",Fireproof,500000,33456317,33473297,16980,32956317,-483020,32973297,0.01,-0.0,0.01,Domestic
5429,5429,30,"Nov 15, 1974",Benji,500000,31559560,31559560,0,31059560,-500000,31059560,0.009,-0.0,0.009,Domestic
5430,5430,31,"Aug 6, 2004",Open Water,500000,30500882,55518641,25017759,30000882,24517759,55018641,0.009,0.007,0.016,Domestic
5431,5431,32,"Jan 1, 1977",Kingdom of the Spiders,500000,17000000,17000000,0,16500000,-500000,16500000,0.005,-0.0,0.005,Domestic
5432,5432,33,"May 13, 2005",Mad Hot Ballroom,500000,8117961,9387581,1269620,7617961,769620,8887581,0.002,0.0,0.003,Domestic
5433,5433,34,"Oct 3, 2003",The Station Agent,500000,5801558,9470209,3668651,5301558,3168651,8970209,0.002,0.001,0.003,Domestic
5434,5434,35,"Jan 22, 2010",To Save a Life,500000,3777210,3824868,47658,3277210,-452342,3324868,0.001,-0.0,0.001,Domestic
5435,5435,36,"Jun 16, 2006",Wordplay,500000,3121270,3177636,56366,2621270,-443634,2677636,0.001,-0.0,0.001,Domestic
5436,5436,37,"Oct 22, 1999",Beyond the Mat,500000,2047570,2047570,0,1547570,-500000,1547570,0.0,-0.0,0.0,Domestic
5437,5437,38,"Feb 1, 2002",The Singles Ward,500000,1250798,1250798,0,750798,-500000,750798,0.0,-0.0,0.0,Domestic
5438,5438,39,"Jul 8, 2011",Sholem Aleichem: Laughing in the Darkness,500000,1131261,1131261,0,631261,-500000,631261,0.0,-0.0,0.0,Domestic
5439,5439,40,"Jan 30, 2004",Osama,500000,1127331,1971479,844148,627331,344148,1471479,0.0,0.0,0.0,Domestic
5440,5440,41,"Jun 9, 2000",Groove,500000,1115313,1167524,52211,615313,-447789,667524,0.0,-0.0,0.0,Domestic
5441,5441,42,"Jan 31, 2003",The R.M.,500000,1111615,1111615,0,611615,-500000,611615,0.0,-0.0,0.0,Domestic
5442,5442,43,"Jul 30, 1999",Twin Falls Idaho,500000,985341,1027228,41887,485341,-458113,527228,0.0,-0.0,0.0,Domestic
5443,5443,44,"Aug 20, 2004",Mean Creek,500000,603951,1348750,744799,103951,244799,848750,0.0,0.0,0.0,Domestic
5444,5444,45,"Aug 23, 2013",Drinking Buddies,500000,343706,407100,63394,-156294,-436606,-92900,-0.0,-0.0,-0.0,Domestic
5445,5445,46,"Feb 13, 1998",Hurricane Streets,500000,334041,367582,33541,-165959,-466459,-132418,-0.0,-0.0,-0.0,Domestic
5446,5446,47,"Jul 12, 2002",Never Again,500000,307631,308793,1162,-192369,-498838,-191207,-0.0,-0.0,-0.0,Domestic
5447,5447,48,"Nov 19, 1956",Shichinin no samurai,500000,271736,271736,0,-228264,-500000,-228264,-0.0,-0.0,-0.0,Domestic
5448,5448,49,"Aug 29, 2003",Civil Brand,500000,254293,254293,0,-245707,-500000,-245707,-0.0,-0.0,-0.0,Domestic
5449,5449,50,"Oct 29, 2010",Monsters,500000,237301,5639730,5402429,-262699,4902429,5139730,-0.0,0.001,0.001,Domestic
5450,5450,51,"Mar 24, 2006",Lonesome Jim,500000,154187,602789,448602,-345813,-51398,102789,-0.0,-0.0,0.0,Domestic
5451,5451,52,"Apr 17, 2013",Deceptive Practice: The Mysteries and Mentors of Ricky Jay,500000,152449,152449,0,-347551,-500000,-347551,-0.0,-0.0,-0.0,Domestic
5452,5452,53,"Sep 28, 2012",The Other Dream Team,500000,134109,314444,180335,-365891,-319665,-185556,-0.0,-0.0,-0.0,Domestic
5453,5453,54,"Dec 11, 2015",O Menino e o Mundo,500000,129479,280967,151488,-370521,-348512,-219033,-0.0,-0.0,-0.0,Domestic
5454,5454,55,"Apr 1, 2011",Rubber,500000,100370,680914,580544,-399630,80544,180914,-0.0,0.0,0.0,Domestic
5455,5455,56,"Jan 1, 1991",Johnny Suede,500000,55000,55000,0,-445000,-500000,-445000,-0.0,-0.0,-0.0,Domestic
5456,5456,57,"Oct 5, 2007",Finishing the Game,500000,52850,53201,351,-447150,-499649,-446799,-0.0,-0.0,-0.0,Domestic
5457,5457,58,"Apr 18, 2008",Kiss the Bride,500000,32033,32033,0,-467967,-500000,-467967,-0.0,-0.0,-0.0,Domestic
5458,5458,59,"Jul 11, 2003",The Journey,500000,19800,19800,0,-480200,-500000,-480200,-0.0,-0.0,-0.0,Domestic
5459,5459,60,"Apr 23, 2009",Home,500000,15433,44793168,44777735,-484567,44277735,44293168,-0.0,0.013,0.013,Domestic
5460,5460,61,"Jan 10, 2003",The Slaughter Rule,500000,13134,13134,0,-486866,-500000,-486866,-0.0,-0.0,-0.0,Domestic
5461,5461,62,"May 14, 2010",The Living Wake,500000,12232,12232,0,-487768,-500000,-487768,-0.0,-0.0,-0.0,Domestic
5462,5462,63,"Feb 27, 2009",Scott Walker: 30 Century Man,500000,6840,77121,70281,-493160,-429719,-422879,-0.0,-0.0,-0.0,Domestic
5463,5463,64,"Oct 21, 2005",The Californians,500000,4134,4134,0,-495866,-500000,-495866,-0.0,-0.0,-0.0,Domestic
5464,5464,65,"Sep 10, 2014",Born to Fly: Elizabeth Streb vs. Gravity,500000,1822,1822,0,-498178,-500000,-498178,-0.0,-0.0,-0.0,Domestic
5465,5465,66,"Jun 28, 2013",Detention of the Dead,500000,1778,1778,0,-498222,-500000,-498222,-0.0,-0.0,-0.0,Domestic
5466,5466,67,"May 11, 2018",Higher Power,500000,528,528,0,-499472,-500000,-499472,-0.0,-0.0,-0.0,Domestic
5492,5492,93,"Sep 25, 2009",Paranormal Activity,450000,107918810,194183034,86264224,107468810,85814224,193733034,0.031,0.025,0.056,Domestic
5493,5493,94,"Jan 1, 1991",Straight out of Brooklyn,450000,2712293,2712293,0,2262293,-450000,2262293,0.001,-0.0,0.001,Domestic
5494,5494,95,"Mar 31, 2006",Brick,450000,2075743,4243996,2168253,1625743,1718253,3793996,0.0,0.0,0.001,Domestic
5495,5495,96,"Aug 22, 1997",Sunday,450000,410919,450349,39430,-39081,-410570,349,-0.0,-0.0,0.0,Domestic
5496,5496,97,"Aug 11, 2006",Conversations with Other Women,450000,379418,1297745,918327,-70582,468327,847745,-0.0,0.0,0.0,Domestic
5497,5497,98,"Nov 20, 2015",Siakh lokhamim: ha'slilim ha'gnouzim,450000,41260,42503,1243,-408740,-448757,-407497,-0.0,-0.0,-0.0,Domestic
5498,5498,99,"May 9, 2008",Poultrygeist: Night of the Chicken Dead,450000,13804,22623,8819,-436196,-441181,-427377,-0.0,-0.0,-0.0,Domestic
5499,5499,100,"Jul 11, 2014",As It Is in Heaven,450000,13486,13486,0,-436514,-450000,-436514,-0.0,-0.0,-0.0,Domestic
5502,5502,3,"Mar 9, 1933",42nd Street,439000,1438000,2281000,843000,999000,404000,1842000,0.0,0.0,0.001,Domestic
5503,5503,4,"Aug 3, 1990",Metropolitan,430000,2938000,2938000,0,2508000,-430000,2508000,0.001,-0.0,0.001,Domestic
5504,5504,5,"Apr 28, 2006",Moartea domnului Lazarescu,425000,80301,581304,501003,-344699,76003,156304,-0.0,0.0,0.0,Domestic
5505,5505,6,"Jan 21, 2005",Gory Gory Hallelujah,425000,12604,12604,0,-412396,-425000,-412396,-0.0,-0.0,-0.0,Domestic
5506,5506,7,"Apr 25, 2014",Blue Ruin,420000,258384,437002,178618,-161616,-241382,17002,-0.0,-0.0,0.0,Domestic
5507,5507,8,"Jun 11, 2004",Napoleon Dynamite,400000,44540956,46122713,1581757,44140956,1181757,45722713,0.013,0.0,0.013,Domestic
5508,5508,9,"May 10, 1975",Monty Python and the Holy Grail,400000,3427696,5028948,1601252,3027696,1201252,4628948,0.001,0.0,0.001,Domestic
5509,5509,10,"Aug 2, 2006",Quinceanera,400000,1692693,2797199,1104506,1292693,704506,2397199,0.0,0.0,0.001,Domestic
5510,5510,11,"Apr 26, 2002",Dogtown and Z-Boys,400000,1293295,1600566,307271,893295,-92729,1200566,0.0,-0.0,0.0,Domestic
5511,5511,12,"Oct 24, 2008",Heroes,400000,655538,655538,0,255538,-400000,255538,0.0,-0.0,0.0,Domestic
5512,5512,13,"Oct 6, 2004",Tarnation,400000,592014,1162014,570000,192014,170000,762014,0.0,0.0,0.0,Domestic
5513,5513,14,"Oct 15, 2010",I Want Your Money,400000,433588,433588,0,33588,-400000,33588,0.0,-0.0,0.0,Domestic
5514,5514,15,"Jan 1, 1983",E tu vivrai nel terrore - L'aldilÃ,400000,126387,126387,0,-273613,-400000,-273613,-0.0,-0.0,-0.0,Domestic
5515,5515,16,"May 16, 1980",Home Movies,400000,89134,89134,0,-310866,-400000,-310866,-0.0,-0.0,-0.0,Domestic
5516,5516,17,"Jul 27, 2001",Jackpot,400000,44452,44452,0,-355548,-400000,-355548,-0.0,-0.0,-0.0,Domestic
5517,5517,18,"Dec 10, 2004",Fabled,400000,31425,31425,0,-368575,-400000,-368575,-0.0,-0.0,-0.0,Domestic
5518,5518,19,"Oct 13, 2005",The Dark Hours,400000,423,423,0,-399577,-400000,-399577,-0.0,-0.0,-0.0,Domestic
5524,5524,25,"Feb 1, 1929",The Broadway Melody,379000,2800000,4358000,1558000,2421000,1179000,3979000,0.001,0.0,0.001,Domestic
5525,5525,26,"Apr 15, 1983",The Evil Dead,375000,2400000,29400000,27000000,2025000,26625000,29025000,0.001,0.008,0.008,Domestic
5526,5526,27,"May 21, 1999",Trekkies,375000,617172,617172,0,242172,-375000,242172,0.0,-0.0,0.0,Domestic
5527,5527,28,"Jan 1, 1980",Maniac,350000,10000000,10000000,0,9650000,-350000,9650000,0.003,-0.0,0.003,Domestic
5528,5528,29,"Jan 1, 1987",American Ninja 2: The Confrontation,350000,4000000,4000000,0,3650000,-350000,3650000,0.001,-0.0,0.001,Domestic
5529,5529,30,"Jul 8, 2005",Murderball,350000,1531154,1772979,241825,1181154,-108175,1422979,0.0,-0.0,0.0,Domestic
5530,5530,31,"Sep 1, 2010",My Dog Tulip,350000,246574,310891,64317,-103426,-285683,-39109,-0.0,-0.0,-0.0,Domestic
5531,5531,32,"Oct 18, 2006",51 Birch Street,350000,84689,84689,0,-265311,-350000,-265311,-0.0,-0.0,-0.0,Domestic
5532,5532,33,"Nov 15, 2002",Revolution#9,350000,9118,9118,0,-340882,-350000,-340882,-0.0,-0.0,-0.0,Domestic
5536,5536,37,"Oct 17, 1978",Halloween,325000,47000000,70000000,23000000,46675000,22675000,69675000,0.013,0.007,0.02,Domestic
5537,5537,38,"Feb 22, 1934",It Happened One Night,325000,2500000,2500000,0,2175000,-325000,2175000,0.001,-0.0,0.001,Domestic
5538,5538,39,"Jun 25, 2010",Kynodontas,323000,110248,1373407,1263159,-212752,940159,1050407,-0.0,0.0,0.0,Domestic
5539,5539,40,"Nov 24, 1999",Tumbleweeds,312000,1350248,1788168,437920,1038248,125920,1476168,0.0,0.0,0.0,Domestic
5540,5540,41,"Nov 14, 2003",Tupac Resurrection,300000,7718961,7808524,89563,7418961,-210437,7508524,0.002,-0.0,0.002,Domestic
5541,5541,42,"Mar 10, 2000",God's Army,300000,2637726,2652515,14789,2337726,-285211,2352515,0.001,-0.0,0.001,Domestic
5542,5542,43,"Oct 17, 2003",Pieces of April,300000,2528664,3571253,1042589,2228664,742589,3271253,0.001,0.0,0.001,Domestic
5543,5543,44,"Sep 20, 1996",When The Cat's Away,300000,1652472,2525984,873512,1352472,573512,2225984,0.0,0.0,0.001,Domestic
5544,5544,45,"Dec 10, 2008",Wendy and Lucy,300000,865695,1416046,550351,565695,250351,1116046,0.0,0.0,0.0,Domestic
5545,5545,46,"Sep 11, 1998",Let's Talk About Sex,300000,373615,373615,0,73615,-300000,73615,0.0,-0.0,0.0,Domestic
5546,5546,47,"Aug 25, 2006",Old Joy,300000,255923,399908,143985,-44077,-156015,99908,-0.0,-0.0,0.0,Domestic
5547,5547,48,"Jul 15, 2005",First Morning,300000,87264,87264,0,-212736,-300000,-212736,-0.0,-0.0,-0.0,Domestic
5548,5548,49,"Jun 15, 2007",Pierrot le fou,300000,70807,71380,573,-229193,-299427,-228620,-0.0,-0.0,-0.0,Domestic
5549,5549,50,"Mar 5, 1997",The Watermelon Woman,300000,42735,42735,0,-257265,-300000,-257265,-0.0,-0.0,-0.0,Domestic
5550,5550,51,"Mar 11, 2011",3 Backyards,300000,39475,39475,0,-260525,-300000,-260525,-0.0,-0.0,-0.0,Domestic
5551,5551,52,"Apr 12, 2006",Sisters in Law,300000,33312,33312,0,-266688,-300000,-266688,-0.0,-0.0,-0.0,Domestic
5552,5552,53,"Nov 9, 2012",Nothing But a Man,300000,17241,17241,0,-282759,-300000,-282759,-0.0,-0.0,-0.0,Domestic
5553,5553,54,"Jul 19, 2002",Ayurveda: Art of Being,300000,16892,2066892,2050000,-283108,1750000,1766892,-0.0,0.001,0.001,Domestic
5554,5554,55,"Aug 7, 1998","First Love, Last Rites",300000,10876,10876,0,-289124,-300000,-289124,-0.0,-0.0,-0.0,Domestic
5555,5555,56,"May 6, 2005",Fighting Tommy Riley,300000,10514,10514,0,-289486,-300000,-289486,-0.0,-0.0,-0.0,Domestic
5556,5556,57,"Mar 28, 2014",Locker 13,300000,3496,3496,0,-296504,-300000,-296504,-0.0,-0.0,-0.0,Domestic
5557,5557,58,"Oct 23, 2015",The Looking Glass,300000,1711,1711,0,-298289,-300000,-298289,-0.0,-0.0,-0.0,Domestic
5567,5567,68,"Aug 17, 2012",Compliance,270000,319285,830700,511415,49285,241415,560700,0.0,0.0,0.0,Domestic
5568,5568,69,"May 1, 1981",Graduation Day,250000,23894000,23894000,0,23644000,-250000,23644000,0.007,-0.0,0.007,Domestic
5569,5569,70,"Apr 4, 1997",Chasing Amy,250000,12006514,15155095,3148581,11756514,2898581,14905095,0.003,0.001,0.004,Domestic
5570,5570,71,"Jun 28, 2002",Lovely and Amazing,250000,4210379,4613482,403103,3960379,153103,4363482,0.001,0.0,0.001,Domestic
5571,5571,72,"Apr 28, 2017",Sleight,250000,3930990,3934450,3460,3680990,-246540,3684450,0.001,-0.0,0.001,Domestic
5572,5572,73,"Apr 11, 2003",Better Luck Tomorrow,250000,3802390,3809226,6836,3552390,-243164,3559226,0.001,-0.0,0.001,Domestic
5573,5573,74,"Oct 28, 2011",Like Crazy,250000,3395391,3728400,333009,3145391,83009,3478400,0.001,0.0,0.001,Domestic
5574,5574,75,"Jun 16, 1995",The Incredibly True Adventure of Two Girls in Love,250000,2210408,2477155,266747,1960408,16747,2227155,0.001,0.0,0.001,Domestic
5575,5575,76,"Jul 14, 2000",Chuck&Buck,250000,1055671,1157672,102001,805671,-147999,907672,0.0,-0.0,0.0,Domestic
5576,5576,77,"Mar 16, 2001",American Desi,250000,902835,1366235,463400,652835,213400,1116235,0.0,0.0,0.0,Domestic
5577,5577,78,"Sep 11, 1998",Cube,250000,489220,8969065,8479845,239220,8229845,8719065,0.0,0.002,0.003,Domestic
5578,5578,79,"Mar 28, 1997",Love and Other Catastrophes,250000,212285,743216,530931,-37715,280931,493216,-0.0,0.0,0.0,Domestic
5579,5579,80,"Aug 28, 1998",I Married a Strange Person,250000,203134,203134,0,-46866,-250000,-46866,-0.0,-0.0,-0.0,Domestic
5580,5580,81,"Jul 22, 2005",November,250000,191862,191862,0,-58138,-250000,-58138,-0.0,-0.0,-0.0,Domestic
5581,5581,82,"Sep 17, 1999",Sugar Town,250000,178095,178095,0,-71905,-250000,-71905,-0.0,-0.0,-0.0,Domestic
5582,5582,83,"Mar 28, 2008",Happy Valley,250000,67665,67665,0,-182335,-250000,-182335,-0.0,-0.0,-0.0,Domestic
5583,5583,84,"Aug 2, 2013",The Canyons,250000,59671,62375,2704,-190329,-247296,-187625,-0.0,-0.0,-0.0,Domestic
5584,5584,85,"Jun 28, 2006",The Motel,250000,51540,51540,0,-198460,-250000,-198460,-0.0,-0.0,-0.0,Domestic
5585,5585,86,"Jul 15, 2005",On the Outs,250000,49772,237816,188044,-200228,-61956,-12184,-0.0,-0.0,-0.0,Domestic
5586,5586,87,"Dec 14, 2007",Shotgun Stories,250000,46026,284174,238148,-203974,-11852,34174,-0.0,-0.0,0.0,Domestic
5587,5587,88,"Aug 15, 2014",Nightlights,250000,21147,21147,0,-228853,-250000,-228853,-0.0,-0.0,-0.0,Domestic
5588,5588,89,"Jun 6, 2014",Test,250000,18823,18823,0,-231177,-250000,-231177,-0.0,-0.0,-0.0,Domestic
5589,5589,90,"Jan 8, 1999",The Sticky Fingers of Time,250000,18195,20628,2433,-231805,-247567,-229372,-0.0,-0.0,-0.0,Domestic
5606,5606,7,"Nov 19, 1925",The Big Parade,245000,11000000,22000000,11000000,10755000,10755000,21755000,0.003,0.003,0.006,Domestic
5607,5607,8,"Oct 31, 2008",Little Big Top,240000,7484,7484,0,-232516,-240000,-232516,-0.0,-0.0,-0.0,Domestic
5608,5608,9,"Oct 9, 2009",Bronson,230000,104979,2703762,2598783,-125021,2368783,2473762,-0.0,0.001,0.001,Domestic
5609,5609,10,"Jul 20, 2012",Burn,225000,1109276,1109276,0,884276,-225000,884276,0.0,-0.0,0.0,Domestic
5610,5610,11,"Sep 15, 2000",Urbania,225000,1032075,1032075,0,807075,-225000,807075,0.0,-0.0,0.0,Domestic
5611,5611,12,"Jun 13, 1953","The Beast from 20,000 Fathoms",210000,5000000,5000000,0,4790000,-210000,4790000,0.001,-0.0,0.001,Domestic
5612,5612,13,"Jul 25, 1969",The Stewardesses,200000,13500000,25000000,11500000,13300000,11300000,24800000,0.004,0.003,0.007,Domestic
5613,5613,14,"Mar 21, 1980",Mad Max,200000,8750000,99750000,91000000,8550000,90800000,99550000,0.002,0.026,0.029,Domestic
5614,5614,15,"Dec 24, 1916","20,000 Leagues Under the Sea",200000,8000000,8000000,0,7800000,-200000,7800000,0.002,-0.0,0.002,Domestic
5615,5615,16,"Oct 18, 1996",Swingers,200000,4505922,6618578,2112656,4305922,1912656,6418578,0.001,0.001,0.002,Domestic
5616,5616,17,"Jan 18, 1967",Per un pugno di dollari,200000,3500000,3516248,16248,3300000,-183752,3316248,0.001,-0.0,0.001,Domestic
5617,5617,18,"Feb 25, 2011",The Grace Card,200000,2430735,2430735,0,2230735,-200000,2230735,0.001,-0.0,0.001,Domestic
5618,5618,19,"Feb 9, 1933",She Done Him Wrong,200000,2000000,2000000,0,1800000,-200000,1800000,0.001,-0.0,0.001,Domestic
5619,5619,20,"Feb 11, 2000",Trois,200000,1161843,1161843,0,961843,-200000,961843,0.0,-0.0,0.0,Domestic
5620,5620,21,"Jun 19, 2015",The Overnight,200000,1109808,1165996,56188,909808,-143812,965996,0.0,-0.0,0.0,Domestic
5621,5621,22,"Oct 22, 2004",Short Cut to Nirvana: Kumbh Mela,200000,381225,439651,58426,181225,-141574,239651,0.0,-0.0,0.0,Domestic
5622,5622,23,"Oct 12, 2012",Middle of Nowhere,200000,236806,236806,0,36806,-200000,36806,0.0,-0.0,0.0,Domestic
5623,5623,24,"Oct 10, 2008",Call+Response,200000,212989,212989,0,12989,-200000,12989,0.0,-0.0,0.0,Domestic
5624,5624,25,"May 10, 2002",The Business of Fancy Dancing,200000,174682,174682,0,-25318,-200000,-25318,-0.0,-0.0,-0.0,Domestic
5625,5625,26,"May 10, 2002",Hybrid,200000,162605,162605,0,-37395,-200000,-37395,-0.0,-0.0,-0.0,Domestic
5626,5626,27,"Jun 13, 2008",Baghead,200000,140016,140016,0,-59984,-200000,-59984,-0.0,-0.0,-0.0,Domestic
5627,5627,28,"Sep 10, 2004",Malevolence,200000,126021,346106,220085,-73979,20085,146106,-0.0,0.0,0.0,Domestic
5628,5628,29,"Sep 9, 2005",Side Effects,200000,44701,44701,0,-155299,-200000,-155299,-0.0,-0.0,-0.0,Domestic
5629,5629,30,"Oct 10, 2008",Good Dick,200000,28835,52443,23608,-171165,-176392,-147557,-0.0,-0.0,-0.0,Domestic
5630,5630,31,"Jul 21, 2006",The Case of the Grinning Cat,200000,7033,7033,0,-192967,-200000,-192967,-0.0,-0.0,-0.0,Domestic
5631,5631,32,"Jan 7, 2005",Solitude,200000,6260,6260,0,-193740,-200000,-193740,-0.0,-0.0,-0.0,Domestic
5632,5632,33,"Mar 14, 2014",The Word,200000,3648,3648,0,-196352,-200000,-196352,-0.0,-0.0,-0.0,Domestic
5633,5633,34,"Jun 15, 2007",The Trials of Darryl Hunt,200000,1217,1217,0,-198783,-200000,-198783,-0.0,-0.0,-0.0,Domestic
5642,5642,43,"Sep 23, 2011",Weekend,190000,484592,1577585,1092993,294592,902993,1387585,0.0,0.0,0.0,Domestic
5643,5643,44,"Jan 22, 1999",Bacheha-Ye aseman,180000,933933,1628579,694646,753933,514646,1448579,0.0,0.0,0.0,Domestic
5644,5644,45,"Feb 27, 2015",Butterfly Girl,180000,17503,17503,0,-162497,-180000,-162497,-0.0,-0.0,-0.0,Domestic
5646,5646,47,"Aug 8, 1986",She's Gotta Have It,175000,7137502,7137502,0,6962502,-175000,6962502,0.002,-0.0,0.002,Domestic
5647,5647,48,"Jul 22, 2011",Another Earth,175000,1321194,2102779,781585,1146194,606585,1927779,0.0,0.0,0.001,Domestic
5648,5648,49,"Aug 23, 2013",Sparrows Dance,175000,2602,2602,0,-172398,-175000,-172398,-0.0,-0.0,-0.0,Domestic
5650,5650,51,"Jun 3, 2016",The Fits,170000,166425,169242,2817,-3575,-167183,-758,-0.0,-0.0,-0.0,Domestic
5651,5651,52,"Jun 30, 1979",Dolphin,170000,14000,14000,0,-156000,-170000,-156000,-0.0,-0.0,-0.0,Domestic
5653,5653,54,"Sep 11, 2009",The Horse Boy,160000,156612,156612,0,-3388,-160000,-3388,-0.0,-0.0,-0.0,Domestic
5654,5654,55,"Mar 1, 2002",The Calling,160000,32092,32092,0,-127908,-160000,-127908,-0.0,-0.0,-0.0,Domestic
5655,5655,56,"Jan 1, 1971",Sweet Sweetback's Baad Asssss Song,150000,15200000,15200000,0,15050000,-150000,15050000,0.004,-0.0,0.004,Domestic
5656,5656,57,"May 16, 2007",Once,150000,9445857,23323631,13877774,9295857,13727774,23173631,0.003,0.004,0.007,Domestic
5657,5657,58,"Jul 19, 2002",Tadpole,150000,2891288,3270128,378840,2741288,228840,3120128,0.001,0.0,0.001,Domestic
5658,5658,59,"Jun 23, 2000",The Woman Chaser,150000,110719,110719,0,-39281,-150000,-39281,-0.0,-0.0,-0.0,Domestic
5659,5659,60,"Apr 17, 2015",Antarctic Edge: 70Âº South,150000,7193,7193,0,-142807,-150000,-142807,-0.0,-0.0,-0.0,Domestic
5660,5660,61,"Aug 21, 2015",Top Spin,150000,5858,5858,0,-144142,-150000,-144142,-0.0,-0.0,-0.0,Domestic
5665,5665,66,"Oct 18, 1974",The Texas Chainsaw Massacre,140000,26572439,26572439,0,26432439,-140000,26432439,0.008,-0.0,0.008,Domestic
5666,5666,67,"Dec 20, 1989",Roger & Me,140000,6706368,6706368,0,6566368,-140000,6566368,0.002,-0.0,0.002,Domestic
5667,5667,68,"Apr 27, 2012",Sound of My Voice,135000,408015,429448,21433,273015,-113567,294448,0.0,-0.0,0.0,Domestic
5668,5668,69,"Nov 16, 1942",Cat People,134000,4000000,8000000,4000000,3866000,3866000,7866000,0.001,0.001,0.002,Domestic
5672,5672,73,"Jun 15, 2012",Your Sister's Sister,120000,1597486,3090593,1493107,1477486,1373107,2970593,0.0,0.0,0.001,Domestic
5676,5676,77,"Oct 1, 1968",Night of the Living Dead,114000,12087064,30087064,18000000,11973064,17886000,29973064,0.003,0.005,0.009,Domestic
5677,5677,78,"Feb 8, 1915",The Birth of a Nation,110000,10000000,11000000,1000000,9890000,890000,10890000,0.003,0.0,0.003,Domestic
5678,5678,79,"Oct 3, 2003",The Work and the Story,103000,16137,16137,0,-86863,-103000,-86863,-0.0,-0.0,-0.0,Domestic
5679,5679,80,"Jul 10, 2015",The Gallows,100000,22764410,41656474,18892064,22664410,18792064,41556474,0.007,0.005,0.012,Domestic
5680,5680,81,"Sep 29, 2006",Facing the Giants,100000,10178331,10243159,64828,10078331,-35172,10143159,0.003,-0.0,0.003,Domestic
5681,5681,82,"Jan 1, 1977",Eraserhead,100000,7000000,7014590,14590,6900000,-85410,6914590,0.002,-0.0,0.002,Domestic
5682,5682,83,"Mar 1, 1987",Hollywood Shuffle,100000,5228617,5228617,0,5128617,-100000,5128617,0.001,-0.0,0.001,Domestic
5683,5683,84,"Sep 17, 1920",Over the Hill to the Poorhouse,100000,3000000,3000000,0,2900000,-100000,2900000,0.001,-0.0,0.001,Domestic
5684,5684,85,"Oct 9, 1998",The Mighty,100000,2652246,6121582,3469336,2552246,3369336,6021582,0.001,0.001,0.002,Domestic
5685,5685,86,"Jul 7, 2017",A Ghost Story,100000,1594798,2769782,1174984,1494798,1074984,2669782,0.0,0.0,0.001,Domestic
5686,5686,87,"May 10, 1980",Penitentiary,100000,287000,287000,0,187000,-100000,187000,0.0,-0.0,0.0,Domestic
5687,5687,88,"Feb 6, 2004",The Lost Skeleton of Cadavra,100000,110536,110536,0,10536,-100000,10536,0.0,-0.0,0.0,Domestic
5688,5688,89,"Mar 21, 2014",Cheap Thrills,100000,59424,59424,0,-40576,-100000,-40576,-0.0,-0.0,-0.0,Domestic
5689,5689,90,"Jun 19, 2014",The Past is a Grotesque Animal,100000,20056,20056,0,-79944,-100000,-79944,-0.0,-0.0,-0.0,Domestic
5690,5690,91,"Nov 9, 2001",Keeping it Real: The Adventures of Greg Walloch,100000,1358,1358,0,-98642,-100000,-98642,-0.0,-0.0,-0.0,Domestic
5699,5699,100,"Aug 30, 1972",The Last House on the Left,87000,3100000,3100000,0,3013000,-87000,3013000,0.001,-0.0,0.001,Domestic
5700,5700,1,"May 30, 2008",The Foot Fist Way,79000,234286,234286,0,155286,-79000,155286,0.0,-0.0,0.0,Domestic
5701,5701,2,"Jul 17, 2015",Dawn of the Crescent Moon,75000,8799,8799,0,-66201,-75000,-66201,-0.0,-0.0,-0.0,Domestic
5703,5703,4,"Jul 25, 2014",Happy Christmas,70000,30312,30312,0,-39688,-70000,-39688,-0.0,-0.0,-0.0,Domestic
5704,5704,5,"Jan 28, 2005","Peace, Propaganda and the Promised Land",70000,4930,4930,0,-65070,-70000,-65070,-0.0,-0.0,-0.0,Domestic
5706,5706,7,"Jul 10, 1998",Pi,68000,3221152,4678513,1457361,3153152,1389361,4610513,0.001,0.0,0.001,Domestic
5707,5707,8,"Feb 20, 1998",I Love You â¦ Don't Touch Me!,68000,33598,33598,0,-34402,-68000,-34402,-0.0,-0.0,-0.0,Domestic
5708,5708,9,"Feb 26, 1999",20 Dates,66000,541636,602920,61284,475636,-4716,536920,0.0,-0.0,0.0,Domestic
5709,5709,10,"May 7, 2004",Super Size Me,65000,11529368,22233808,10704440,11464368,10639440,22168808,0.003,0.003,0.006,Domestic
5710,5710,11,"Jan 25, 2013",Supporting Characters,60000,4917,4917,0,-55083,-60000,-55083,-0.0,-0.0,-0.0,Domestic
5715,5715,16,"Aug 9, 1995",The Brothers McMullen,50000,10426506,10426506,0,10376506,-50000,10376506,0.003,-0.0,0.003,Domestic
5716,5716,17,"Mar 16, 2001",Gabriela,50000,2335352,2335352,0,2285352,-50000,2285352,0.001,-0.0,0.001,Domestic
5717,5717,18,"Nov 12, 2010",Tiny Furniture,50000,391674,424149,32475,341674,-17525,374149,0.0,-0.0,0.0,Domestic
5718,5718,19,"Feb 22, 2008",The Signal,50000,251150,406299,155149,201150,105149,356299,0.0,0.0,0.0,Domestic
5719,5719,20,"Jul 31, 2015",Counting,50000,8374,8374,0,-41626,-50000,-41626,-0.0,-0.0,-0.0,Domestic
5727,5727,28,"Oct 27, 2000",George Washington,42000,241816,342722,100906,199816,58906,300722,0.0,0.0,0.0,Domestic
5729,5729,30,"Aug 25, 2000",Smiling Fish and Goat on Fire,40000,277233,277233,0,237233,-40000,237233,0.0,-0.0,0.0,Domestic
5730,5730,31,"Mar 12, 2010",The Exploding Girl,40000,25572,25572,0,-14428,-40000,-14428,-0.0,-0.0,-0.0,Domestic
5731,5731,32,"Feb 11, 2011",Raymond Did It,40000,3632,3632,0,-36368,-40000,-36368,-0.0,-0.0,-0.0,Domestic
5733,5733,34,"Jul 1, 1991",The Last Waltz,35000,321952,322563,611,286952,-34389,287563,0.0,-0.0,0.0,Domestic
5736,5736,37,"Jul 18, 2008",The Legend of God's Gun,30000,243768,243768,0,213768,-30000,213768,0.0,-0.0,0.0,Domestic
5737,5737,38,"Mar 18, 2016",Krisha,30000,144822,144822,0,114822,-30000,114822,0.0,-0.0,0.0,Domestic
5738,5738,39,"Sep 1, 2006",Mutual Appreciation,30000,103509,103509,0,73509,-30000,73509,0.0,-0.0,0.0,Domestic
5739,5739,40,"Apr 29, 2005",Funny Ha Ha,30000,77070,82698,5628,47070,-24372,52698,0.0,-0.0,0.0,Domestic
5740,5740,41,"Oct 15, 2010",Down Terrace,30000,9812,9812,0,-20188,-30000,-20188,-0.0,-0.0,-0.0,Domestic
5742,5742,43,"Oct 19, 1994",Clerks,27000,3073428,3894240,820812,3046428,793812,3867240,0.001,0.0,0.001,Domestic
5743,5743,44,"Dec 24, 1999",Pink Narcissus,27000,8231,8231,0,-18769,-27000,-18769,-0.0,-0.0,-0.0,Domestic
5744,5744,45,"Jan 27, 2017",Emily,27000,3547,3547,0,-23453,-27000,-23453,-0.0,-0.0,-0.0,Domestic
5745,5745,46,"Jun 30, 1972",Deep Throat,25000,45000000,45000000,0,44975000,-25000,44975000,0.013,-0.0,0.013,Domestic
5746,5746,47,"Aug 1, 1997",In the Company of Men,25000,2883661,2883661,0,2858661,-25000,2858661,0.001,-0.0,0.001,Domestic
5747,5747,48,"Jan 14, 2000",The Terrorist,25000,195043,195043,0,170043,-25000,170043,0.0,-0.0,0.0,Domestic
5752,5752,53,"Aug 1, 1991",Slacker,23000,1227508,1227508,0,1204508,-23000,1204508,0.0,-0.0,0.0,Domestic
5759,5759,60,"Jun 2, 2006",The Puffy Chair,15000,194523,195254,731,179523,-14269,180254,0.0,-0.0,0.0,Domestic
5760,5760,61,"Apr 2, 2010",Breaking Upwards,15000,115592,115592,0,100592,-15000,100592,0.0,-0.0,0.0,Domestic
5762,5762,63,"Apr 11, 1997",Pink Flamingos,12000,413802,413802,0,401802,-12000,401802,0.0,-0.0,0.0,Domestic
5763,5763,64,"Apr 28, 2006",Grip: A Criminal's Story,12000,1336,1336,0,-10664,-12000,-10664,-0.0,-0.0,-0.0,Domestic
5765,5765,66,"Mar 9, 2001",Dayereh,10000,673780,673780,0,663780,-10000,663780,0.0,-0.0,0.0,Domestic
5766,5766,67,"Apr 28, 2006",Clean,10000,138711,138711,0,128711,-10000,128711,0.0,-0.0,0.0,Domestic
5767,5767,68,"Jul 6, 2001",Cure,10000,94596,94596,0,84596,-10000,84596,0.0,-0.0,0.0,Domestic
5768,5768,69,"May 28, 2004",On the Downlow,10000,1987,1987,0,-8013,-10000,-8013,-0.0,-0.0,-0.0,Domestic
5769,5769,70,"Apr 1, 1996",Bang,10000,527,527,0,-9473,-10000,-9473,-0.0,-0.0,-0.0,Domestic
5770,5770,71,"Aug 14, 2008",The Rise and Fall of Miss Thang,10000,401,401,0,-9599,-10000,-9599,-0.0,-0.0,-0.0,Domestic
5772,5772,73,"Jan 13, 2012",Newlyweds,9000,4584,4584,0,-4416,-9000,-4416,-0.0,-0.0,-0.0,Domestic
5773,5773,74,"Feb 26, 1993",El Mariachi,7000,2040920,2041928,1008,2033920,-5992,2034928,0.001,-0.0,0.001,Domestic
5774,5774,75,"Oct 8, 2004",Primer,7000,424760,841926,417166,417760,410166,834926,0.0,0.0,0.0,Domestic
5775,5775,76,"May 26, 2006",Cavite,7000,70071,71644,1573,63071,-5427,64644,0.0,-0.0,0.0,Domestic
5776,5776,77,"Dec 31, 2004",The Mongol King,7000,900,900,0,-6100,-7000,-6100,-0.0,-0.0,-0.0,Domestic
5778,5778,79,"Apr 2, 1999",Following,6000,48482,240495,192013,42482,186013,234495,0.0,0.0,0.0,Domestic
5779,5779,80,"Jul 13, 2005",Return to the Land of Wonders,5000,1338,1338,0,-3662,-5000,-3662,-0.0,-0.0,-0.0,Domestic
5781,5781,82,"Aug 5, 2005",My Date With Drew,1100,181041,181041,0,179941,-1100,179941,0.0,-0.0,0.0,Domestic
0,0,1,"Dec 18, 2009",Avatar,425000000,760507625,2776345279,2015837654,335507625,1590837654,2351345279,0.097,0.459,0.679,Domestic
1,1,2,"May 20, 2011",Pirates of the Caribbean: On Stranger Tides,410600000,241063875,1045663875,804600000,-169536125,394000000,635063875,-0.049,0.114,0.183,Domestic
2,2,3,"Jun 7, 2019",Dark Phoenix,350000000,42762350,149762350,107000000,-307237650,-243000000,-200237650,-0.089,-0.07,-0.058,Domestic
3,3,4,"May 1, 2015",Avengers: Age of Ultron,330600000,459005868,1403013963,944008095,128405868,613408095,1072413963,0.037,0.177,0.31,Domestic
4,4,5,"Dec 15, 2017",Star Wars Ep. VIII: The Last Jedi,317000000,620181382,1316721747,696540365,303181382,379540365,999721747,0.088,0.11,0.289,Domestic
5,5,6,"Dec 18, 2015",Star Wars Ep. VII: The Force Awakens,306000000,936662225,2053311220,1116648995,630662225,810648995,1747311220,0.182,0.234,0.505,Domestic
6,6,7,"Apr 27, 2018",Avengers: Infinity War,300000000,678815482,2048134200,1369318718,378815482,1069318718,1748134200,0.109,0.309,0.505,Domestic
7,7,8,"May 24, 2007",Pirates of the Caribbean: At Worldâs End,300000000,309420425,963420425,654000000,9420425,354000000,663420425,0.003,0.102,0.192,Domestic
8,8,9,"Nov 17, 2017",Justice League,300000000,229024295,655945209,426920914,-70975705,126920914,355945209,-0.02,0.037,0.103,Domestic
9,9,10,"Nov 6, 2015",Spectre,300000000,200074175,879620923,679546748,-99925825,379546748,579620923,-0.029,0.11,0.167,Domestic
10,10,11,"Jul 20, 2012",The Dark Knight Rises,275000000,448139099,1084439099,636300000,173139099,361300000,809439099,0.05,0.104,0.234,Domestic
11,11,12,"May 25, 2018",Solo: A Star Wars Story,275000000,213767512,393151347,179383835,-61232488,-95616165,118151347,-0.018,-0.028,0.034,Domestic
12,12,13,"Jul 2, 2013",The Lone Ranger,275000000,89302115,260002115,170700000,-185697885,-104300000,-14997885,-0.054,-0.03,-0.004,Domestic
13,13,14,"Mar 9, 2012",John Carter,275000000,73058679,282778100,209719421,-201941321,-65280579,7778100,-0.058,-0.019,0.002,Domestic
14,14,15,"Nov 24, 2010",Tangled,260000000,200821936,586477240,385655304,-59178064,125655304,326477240,-0.017,0.036,0.094,Domestic
15,15,16,"May 4, 2007",Spider-Man 3,258000000,336530303,894860230,558329927,78530303,300329927,636860230,0.023,0.087,0.184,Domestic
16,16,17,"May 6, 2016",Captain America: Civil War,250000000,408084349,1140069413,731985064,158084349,481985064,890069413,0.046,0.139,0.257,Domestic
17,17,18,"Mar 25, 2016",Batman v Superman: Dawn of Justice,250000000,330360194,867500281,537140087,80360194,287140087,617500281,0.023,0.083,0.178,Domestic
18,18,19,"Dec 14, 2012",The Hobbit: An Unexpected Journey,250000000,303003568,1017003568,714000000,53003568,464000000,767003568,0.015,0.134,0.221,Domestic
19,19,20,"Jul 15, 2009",Harry Potter and the Half-Blood Prince,250000000,302089278,935213767,633124489,52089278,383124489,685213767,0.015,0.111,0.198,Domestic
20,20,21,"Dec 13, 2013",The Hobbit: The Desolation of Smaug,250000000,258366855,960366855,702000000,8366855,452000000,710366855,0.002,0.131,0.205,Domestic
21,21,22,"Dec 17, 2014",The Hobbit: The Battle of the Five Armies,250000000,255119788,945577621,690457833,5119788,440457833,695577621,0.001,0.127,0.201,Domestic
22,22,23,"Apr 14, 2017",The Fate of the Furious,250000000,225764765,1234846267,1009081502,-24235235,759081502,984846267,-0.007,0.219,0.284,Domestic
23,23,24,"Jun 28, 2006",Superman Returns,232000000,200120000,374085065,173965065,-31880000,-58034935,142085065,-0.009,-0.017,0.041,Domestic
24,24,25,"May 26, 2017",Pirates of the Caribbean: Dead Men Tell No Tales,230000000,172558876,788241137,615682261,-57441124,385682261,558241137,-0.017,0.111,0.161,Domestic
25,25,26,"Nov 14, 2008",Quantum of Solace,230000000,169368427,591692078,422323651,-60631573,192323651,361692078,-0.018,0.056,0.104,Domestic
26,26,27,"May 4, 2012",The Avengers,225000000,623279547,1517935897,894656350,398279547,669656350,1292935897,0.115,0.193,0.373,Domestic
27,27,28,"Jul 7, 2006",Pirates of the Caribbean: Dead Manâs Chest,225000000,423315812,1066215812,642900000,198315812,417900000,841215812,0.057,0.121,0.243,Domestic
28,28,29,"Jun 14, 2013",Man of Steel,225000000,291045518,667999518,376954000,66045518,151954000,442999518,0.019,0.044,0.128,Domestic
29,29,30,"May 16, 2008",The Chronicles of Narnia: Prince Caspian,225000000,141621490,417341288,275719798,-83378510,50719798,192341288,-0.024,0.015,0.056,Domestic
30,30,31,"Jul 3, 2012",The Amazing Spider-Man,220000000,262030663,757890267,495859604,42030663,275859604,537890267,0.012,0.08,0.155,Domestic
31,31,32,"May 18, 2012",Battleship,220000000,65233400,313477717,248244317,-154766600,28244317,93477717,-0.045,0.008,0.027,Domestic
32,32,33,"Jun 21, 2017",Transformers: The Last Knight,217000000,130168683,602893340,472724657,-86831317,255724657,385893340,-0.025,0.074,0.111,Domestic
33,33,34,"Jun 12, 2015",Jurassic World,215000000,652270625,1648854864,996584239,437270625,781584239,1433854864,0.126,0.226,0.414,Domestic
34,34,35,"May 25, 2012",Men in Black 3,215000000,179020854,654213485,475192631,-35979146,260192631,439213485,-0.01,0.075,0.127,Domestic
35,35,36,"Jun 24, 2009",Transformers: Revenge of the Fallen,210000000,402111870,836519699,434407829,192111870,224407829,626519699,0.055,0.065,0.181,Domestic
36,36,37,"Jun 27, 2014",Transformers: Age of Extinction,210000000,245439076,1104039076,858600000,35439076,648600000,894039076,0.01,0.187,0.258,Domestic
37,37,38,"May 26, 2006",X-Men: The Last Stand,210000000,234362462,459260946,224898484,24362462,14898484,249260946,0.007,0.004,0.072,Domestic
38,38,39,"May 14, 2010",Robin Hood,210000000,105487148,322459006,216971858,-104512852,6971858,112459006,-0.03,0.002,0.032,Domestic
39,39,40,"Dec 14, 2005",King Kong,207000000,218080025,550517357,332437332,11080025,125437332,343517357,0.003,0.036,0.099,Domestic
40,40,41,"Dec 7, 2007",The Golden Compass,205000000,70107728,367262558,297154830,-134892272,92154830,162262558,-0.039,0.027,0.047,Domestic
41,41,42,"Feb 16, 2018",Black Panther,200000000,700059566,1348258224,648198658,500059566,448198658,1148258224,0.144,0.129,0.332,Domestic
42,42,43,"Dec 19, 1997",Titanic,200000000,659363944,2208208395,1548844451,459363944,1348844451,2008208395,0.133,0.389,0.58,Domestic
43,43,44,"Jun 15, 2018",Incredibles 2,200000000,608581744,1242520711,633938967,408581744,433938967,1042520711,0.118,0.125,0.301,Domestic
44,44,45,"Dec 16, 2016",Rogue One: A Star Wars Story,200000000,532177324,1049102856,516925532,332177324,316925532,849102856,0.096,0.092,0.245,Domestic
45,45,46,"Jun 17, 2016",Finding Dory,200000000,486295561,1021215193,534919632,286295561,334919632,821215193,0.083,0.097,0.237,Domestic
46,46,47,"Jun 18, 2010",Toy Story 3,200000000,415004880,1068879522,653874642,215004880,453874642,868879522,0.062,0.131,0.251,Domestic
47,47,48,"May 3, 2013",Iron Man 3,200000000,408992272,1215392272,806400000,208992272,606400000,1015392272,0.06,0.175,0.293,Domestic
48,48,49,"May 5, 2017",Guardians of the Galaxy Vol 2,200000000,389813101,862316233,472503132,189813101,272503132,662316233,0.055,0.079,0.191,Domestic
49,49,50,"Jun 30, 2004",Spider-Man 2,200000000,373524485,795110670,421586185,173524485,221586185,595110670,0.05,0.064,0.172,Domestic
50,50,51,"Mar 5, 2010",Alice in Wonderland,200000000,334191110,1025491110,691300000,134191110,491300000,825491110,0.039,0.142,0.238,Domestic
51,51,52,"Nov 8, 2012",Skyfall,200000000,304360277,1110526981,806166704,104360277,606166704,910526981,0.03,0.175,0.263,Domestic
52,52,53,"Jun 21, 2013",Monsters University,200000000,268488329,743588329,475100000,68488329,275100000,543588329,0.02,0.079,0.157,Domestic
53,53,54,"Mar 8, 2013",Oz the Great and Powerful,200000000,234770996,490359051,255588055,34770996,55588055,290359051,0.01,0.016,0.084,Domestic
54,54,55,"May 23, 2014",X-Men: Days of Future Past,200000000,233921534,747862775,513941241,33921534,313941241,547862775,0.01,0.091,0.158,Domestic
55,55,56,"May 2, 2014",The Amazing Spider-Man 2,200000000,202853933,708996336,506142403,2853933,306142403,508996336,0.001,0.088,0.147,Domestic
56,56,57,"Jun 24, 2011",Cars 2,200000000,191450875,560155383,368704508,-8549125,168704508,360155383,-0.002,0.049,0.104,Domestic
57,57,58,"Dec 17, 2010",Tron: Legacy,200000000,172062763,400062763,228000000,-27937237,28000000,200062763,-0.008,0.008,0.058,Domestic
58,58,59,"Nov 13, 2009",2012,200000000,166112167,757677748,591565581,-33887833,391565581,557677748,-0.01,0.113,0.161,Domestic
59,59,60,"Nov 16, 2018",Fantastic Beasts: The Crimes of Grindelwald,200000000,159555901,652220086,492664185,-40444099,292664185,452220086,-0.012,0.085,0.131,Domestic
60,60,61,"May 21, 2009",Terminator Salvation,200000000,125322469,365491792,240169323,-74677531,40169323,165491792,-0.022,0.012,0.048,Domestic
61,61,62,"Jun 17, 2011",Green Lantern,200000000,116601172,219535492,102934320,-83398828,-97065680,19535492,-0.024,-0.028,0.006,Domestic
62,62,63,"May 28, 2010",Prince of Persia: Sands of Time,200000000,90759676,336359676,245600000,-109240324,45600000,136359676,-0.032,0.013,0.039,Domestic
63,63,64,"Jun 29, 2011",Transformers: Dark of the Moon,195000000,352390543,1123790543,771400000,157390543,576400000,928790543,0.045,0.166,0.268,Domestic
64,64,65,"Jun 9, 2017",The Mummy,195000000,80101125,409953905,329852780,-114898875,134852780,214953905,-0.033,0.039,0.062,Domestic
65,65,66,"Mar 1, 2013",Jack the Giant Slayer,195000000,65187603,197687603,132500000,-129812397,-62500000,2687603,-0.037,-0.018,0.001,Domestic
66,66,67,"Apr 3, 2015",Furious 7,190000000,353007020,1518722794,1165715774,163007020,975715774,1328722794,0.047,0.282,0.384,Domestic
67,67,68,"May 16, 2013",Star Trek Into Darkness,190000000,228778661,467381584,238602923,38778661,48602923,277381584,0.011,0.014,0.08,Domestic
68,68,69,"Jun 21, 2013",World War Z,190000000,202359711,531514650,329154939,12359711,139154939,341514650,0.004,0.04,0.099,Domestic
69,69,70,"May 10, 2013",The Great Gatsby,190000000,144840419,351040419,206200000,-45159581,16200000,161040419,-0.013,0.005,0.046,Domestic
70,70,71,"Nov 6, 2009",Disneyâs A Christmas Carol,190000000,137855863,315709697,177853834,-52144137,-12146166,125709697,-0.015,-0.004,0.036,Domestic
71,71,72,"Jul 12, 2013",Pacific Rim,190000000,101802906,411002906,309200000,-88197094,119200000,221002906,-0.025,0.034,0.064,Domestic
72,72,73,"Nov 25, 2015",The Good Dinosaur,187500000,123087120,333771037,210683917,-64412880,23183917,146271037,-0.019,0.007,0.042,Domestic
73,73,74,"May 2, 2008",Iron Man,186000000,318604126,585171547,266567421,132604126,80567421,399171547,0.038,0.023,0.115,Domestic
74,74,75,"Jul 18, 2008",The Dark Knight,185000000,533720947,1001996207,468275260,348720947,283275260,816996207,0.101,0.082,0.236,Domestic
75,75,76,"May 22, 2008",Indiana Jones and the Kingdom of the Crystal Skull,185000000,317101119,786635413,469534294,132101119,284534294,601635413,0.038,0.082,0.174,Domestic
76,76,77,"Jun 22, 2012",Brave,185000000,237282182,554606532,317324350,52282182,132324350,369606532,0.015,0.038,0.107,Domestic
77,77,78,"Mar 10, 2017",Kong: Skull Island,185000000,168052812,561072059,393019247,-16947188,208019247,376072059,-0.005,0.06,0.109,Domestic
78,78,79,"Jul 22, 2016",Star Trek Beyond,185000000,158848340,335802233,176953893,-26151660,-8046107,150802233,-0.008,-0.002,0.044,Domestic
79,79,80,"Oct 6, 2017",Blade Runner 2049,185000000,92054159,259357408,167303249,-92945841,-17696751,74357408,-0.027,-0.005,0.021,Domestic
80,80,81,"May 24, 2019",Aladdin,182000000,246734314,619234314,372500000,64734314,190500000,437234314,0.019,0.055,0.126,Domestic
81,81,82,"Nov 3, 2017",Thor: Ragnarok,180000000,315058289,846980024,531921735,135058289,351921735,666980024,0.039,0.102,0.193,Domestic
82,82,83,"Dec 9, 2005","The Chronicles of Narnia: The Lion, the Witch and the Wardrobe",180000000,291710957,720539572,428828615,111710957,248828615,540539572,0.032,0.072,0.156,Domestic
83,83,84,"May 30, 2014",Maleficent,180000000,241407328,758536735,517129407,61407328,337129407,578536735,0.018,0.097,0.167,Domestic
84,84,85,"Nov 18, 2016",Fantastic Beasts and Where to Find Them,180000000,234037575,802402853,568365278,54037575,388365278,622402853,0.016,0.112,0.18,Domestic
85,85,86,"Jun 27, 2008",WALL-E,180000000,223808164,532508025,308699861,43808164,128699861,352508025,0.013,0.037,0.102,Domestic
86,86,87,"Aug 10, 2007",Rush Hour 3,180000000,140125968,256585882,116459914,-39874032,-63540086,76585882,-0.012,-0.018,0.022,Domestic
87,87,88,"Jul 1, 2016",The Legend of Tarzan,180000000,126643061,348902025,222258964,-53356939,42258964,168902025,-0.015,0.012,0.049,Domestic
88,88,89,"Nov 23, 2011",Hugo,180000000,73864507,180047784,106183277,-106135493,-73816723,47784,-0.031,-0.021,0.0,Domestic
89,89,90,"Jul 21, 2017",Valerian and the City of a Thousand Planets,180000000,40479370,215098356,174618986,-139520630,-5381014,35098356,-0.04,-0.002,0.01,Domestic
90,90,91,"Feb 6, 2015",Jupiter Ascending,179000000,47482519,181982519,134500000,-131517481,-44500000,2982519,-0.038,-0.013,0.001,Domestic
91,91,92,"Jul 27, 2018",Mission: ImpossibleâFallout,178000000,220159104,787456552,567297448,42159104,389297448,609456552,0.012,0.112,0.176,Domestic
92,92,93,"May 27, 2016",X-Men: Apocalypse,178000000,155442489,542537546,387095057,-22557511,209095057,364537546,-0.007,0.06,0.105,Domestic
93,93,94,"Aug 10, 2018",The Meg,178000000,145443742,529530715,384086973,-32556258,206086973,351530715,-0.009,0.06,0.101,Domestic
94,94,95,"Jun 6, 2014",Edge of Tomorrow,178000000,100206256,370541256,270335000,-77793744,92335000,192541256,-0.022,0.027,0.056,Domestic
95,95,96,"Mar 8, 2019",Captain Marvel,175000000,426525952,1123061550,696535598,251525952,521535598,948061550,0.073,0.151,0.274,Domestic
96,96,97,"Apr 15, 2016",The Jungle Book,175000000,364001123,962854547,598853424,189001123,423853424,787854547,0.055,0.122,0.227,Domestic
97,97,98,"Jun 19, 2015",Inside Out,175000000,356461711,854235992,497774281,181461711,322774281,679235992,0.052,0.093,0.196,Domestic
98,98,99,"Jul 7, 2017",Spider-Man: Homecoming,175000000,334201140,880166350,545965210,159201140,370965210,705166350,0.046,0.107,0.204,Domestic
99,99,100,"Aug 5, 2016",Suicide Squad,175000000,325100054,746059887,420959833,150100054,245959833,571059887,0.043,0.071,0.165,Domestic
100,100,1,"May 29, 2009",Up,175000000,293004164,731463377,438459213,118004164,263459213,556463377,0.034,0.076,0.161,Domestic
101,101,2,"Nov 22, 2017",Coco,175000000,209726015,798008101,588282086,34726015,413282086,623008101,0.01,0.119,0.18,Domestic
102,102,3,"Nov 21, 2018",Ralph Breaks The Internet,175000000,201091711,524283695,323191984,26091711,148191984,349283695,0.008,0.043,0.101,Domestic
103,103,4,"Mar 27, 2009",Monsters vs. Aliens,175000000,198351526,381687380,183335854,23351526,8335854,206687380,0.007,0.002,0.06,Domestic
104,104,5,"Jun 16, 2017",Cars 3,175000000,152901115,383541369,230640254,-22098885,55640254,208541369,-0.006,0.016,0.06,Domestic
105,105,6,"Aug 7, 2009",G.I. Joe: The Rise of Cobra,175000000,150201498,302469017,152267519,-24798502,-22732481,127469017,-0.007,-0.007,0.037,Domestic
106,106,7,"Jun 30, 1999",Wild Wild West,175000000,113805681,221229335,107423654,-61194319,-67576346,46229335,-0.018,-0.02,0.013,Domestic
107,107,8,"Aug 1, 2008",The Mummy: Tomb of the Dragon Emperor,175000000,102491776,405760225,303268449,-72508224,128268449,230760225,-0.021,0.037,0.067,Domestic
108,108,9,"Jun 22, 2007",Evan Almighty,175000000,100289690,174131329,73841639,-74710310,-101158361,-868671,-0.022,-0.029,-0.0,Domestic
109,109,10,"Jul 28, 1995",Waterworld,175000000,88246220,264246220,176000000,-86753780,1000000,89246220,-0.025,0.0,0.026,Domestic
110,110,11,"May 12, 2017",King Arthur: Legend of the Sword,175000000,39175066,139630336,100455270,-135824934,-74544730,-35369664,-0.039,-0.022,-0.01,Domestic
111,111,12,"Dec 25, 2013",47 Ronin,175000000,38362475,151716815,113354340,-136637525,-61645660,-23283185,-0.039,-0.018,-0.007,Domestic
112,112,13,"Jun 22, 2018",Jurassic World: Fallen Kingdom,170000000,417719760,1305772799,888053039,247719760,718053039,1135772799,0.072,0.207,0.328,Domestic
113,113,14,"Aug 1, 2014",Guardians of the Galaxy,170000000,333172112,770867516,437695404,163172112,267695404,600867516,0.047,0.077,0.173,Domestic
114,114,15,"May 7, 2010",Iron Man 2,170000000,312433331,621156389,308723058,142433331,138723058,451156389,0.041,0.04,0.13,Domestic
115,115,16,"Apr 4, 2014",Captain America: The Winter Soldier,170000000,259746958,714401889,454654931,89746958,284654931,544401889,0.026,0.082,0.157,Domestic
116,116,17,"Jul 11, 2014",Dawn of the Planet of the Apes,170000000,208545589,710644566,502098977,38545589,332098977,540644566,0.011,0.096,0.156,Domestic
117,117,18,"Nov 10, 2004",The Polar Express,170000000,187224605,311365187,124140582,17224605,-45859418,141365187,0.005,-0.013,0.041,Domestic
118,118,19,"Jun 1, 2012",Snow White and the Huntsman,170000000,155136755,401021746,245884991,-14863245,75884991,231021746,-0.004,0.022,0.067,Domestic
119,119,20,"Jul 1, 2003",Terminator 3: Rise of the Machines,170000000,150358296,433058296,282700000,-19641704,112700000,263058296,-0.006,0.033,0.076,Domestic
120,120,21,"May 7, 2004",Van Helsing,170000000,120150546,300150546,180000000,-49849454,10000000,130150546,-0.014,0.003,0.038,Domestic
121,121,22,"Mar 29, 2019",Dumbo,170000000,113883318,345004422,231121104,-56116682,61121104,175004422,-0.016,0.018,0.051,Domestic
122,122,23,"May 22, 2015",Tomorrowland,170000000,93436322,206627518,113191196,-76563678,-56808804,36627518,-0.022,-0.016,0.011,Domestic
123,123,24,"Feb 14, 2019",Alita: Battle Angel,170000000,85710210,402976036,317265826,-84289790,147265826,232976036,-0.024,0.043,0.067,Domestic
124,124,25,"May 31, 2019",Godzilla: King of the Monsters,170000000,85576941,299276941,213700000,-84423059,43700000,129276941,-0.024,0.013,0.037,Domestic
125,125,26,"May 27, 2016",Alice Through the Looking Glass,170000000,77042381,276928112,199885731,-92957619,29885731,106928112,-0.027,0.009,0.031,Domestic
126,126,27,"May 21, 2010",Shrek Forever After,165000000,238736787,756244673,517507886,73736787,352507886,591244673,0.021,0.102,0.171,Domestic
127,127,28,"Nov 4, 2016",Doctor Strange,165000000,232641920,676404566,443762646,67641920,278762646,511404566,0.02,0.08,0.148,Domestic
128,128,29,"Nov 7, 2014",Big Hero 6,165000000,222527828,652127828,429600000,57527828,264600000,487127828,0.017,0.076,0.141,Domestic
129,129,30,"Mar 26, 2010",How to Train Your Dragon,165000000,217581232,494870992,277289760,52581232,112289760,329870992,0.015,0.032,0.095,Domestic
130,130,31,"Nov 2, 2012",Wreck-It Ralph,165000000,189412677,496511521,307098844,24412677,142098844,331511521,0.007,0.041,0.096,Domestic
131,131,32,"Nov 5, 2014",Interstellar,165000000,188017894,666379375,478361481,23017894,313361481,501379375,0.007,0.09,0.145,Domestic
132,132,33,"Jun 24, 2016",Independence Day: Resurgence,165000000,103144286,384169424,281025138,-61855714,116025138,219169424,-0.018,0.034,0.063,Domestic
133,133,34,"Jul 29, 2011",Cowboys and Aliens,163000000,100368560,176038324,75669764,-62631440,-87330236,13038324,-0.018,-0.025,0.004,Domestic
134,134,35,"Mar 17, 2017",Beauty and the Beast,160000000,504014165,1259199706,755185541,344014165,595185541,1099199706,0.099,0.172,0.317,Domestic
135,135,36,"Dec 21, 2018",Aquaman,160000000,335061807,1146894640,811832833,175061807,651832833,986894640,0.051,0.188,0.285,Domestic
136,136,37,"May 17, 2007",Shrek the Third,160000000,322719944,807330936,484610992,162719944,324610992,647330936,0.047,0.094,0.187,Domestic
137,137,38,"Jul 16, 2010",Inception,160000000,292576195,835524642,542948447,132576195,382948447,675524642,0.038,0.111,0.195,Domestic
138,138,39,"Nov 20, 2015",The Hunger Games: Mockingjay - Part 2,160000000,281723902,648986787,367262885,121723902,207262885,488986787,0.035,0.06,0.141,Domestic
139,139,40,"May 24, 2013",Fast and Furious 6,160000000,238679850,789300444,550620594,78679850,390620594,629300444,0.023,0.113,0.182,Domestic
140,140,41,"May 16, 2014",Godzilla,160000000,200676069,529076069,328400000,40676069,168400000,369076069,0.012,0.049,0.107,Domestic
141,141,42,"Jun 3, 2011",X-Men: First Class,160000000,146408305,355408305,209000000,-13591695,49000000,195408305,-0.004,0.014,0.056,Domestic
142,142,43,"Dec 25, 2008",The Curious Case of Benjamin Button,160000000,127509326,329631958,202122632,-32490674,42122632,169631958,-0.009,0.012,0.049,Domestic
143,143,44,"Jul 14, 2010",The Sorcerer's Apprentice,160000000,63150991,217986320,154835329,-96849009,-5164671,57986320,-0.028,-0.001,0.017,Domestic
144,144,45,"May 12, 2006",Poseidon,160000000,60674817,181674817,121000000,-99325183,-39000000,21674817,-0.029,-0.011,0.006,Domestic
145,145,46,"Jun 10, 2016",Warcraft,160000000,47225655,425522281,378296626,-112774345,218296626,265522281,-0.033,0.063,0.077,Domestic
146,146,47,"Sep 30, 2016",Deepwater Horizon,156000000,61433527,122603824,61170297,-94566473,-94829703,-33396176,-0.027,-0.027,-0.01,Domestic
147,147,48,"Dec 10, 2010",The Chronicles of Narnia: The Voyage of the Dawn Treader,155000000,104386950,418186950,313800000,-50613050,158800000,263186950,-0.015,0.046,0.076,Domestic
148,148,49,"Jul 1, 2015",Terminator: Genisys,155000000,89760956,432150894,342389938,-65239044,187389938,277150894,-0.019,0.054,0.08,Domestic
149,149,50,"Mar 23, 2018",Pacific Rim: Uprising,155000000,59874525,290930148,231055623,-95125475,76055623,135930148,-0.027,0.022,0.039,Domestic
150,150,51,"Nov 24, 2004",Alexander,155000000,34297191,167297191,133000000,-120702809,-22000000,12297191,-0.035,-0.006,0.004,Domestic
151,151,52,"Jul 14, 2017",War for the Planet of the Apes,152000000,146880162,489592267,342712105,-5119838,190712105,337592267,-0.001,0.055,0.097,Domestic
152,152,53,"May 25, 2001",Pearl Harbor,151500000,198539855,449239855,250700000,47039855,99200000,297739855,0.014,0.029,0.086,Domestic
153,153,54,"Jul 2, 2007",Transformers,151000000,319246193,708272592,389026399,168246193,238026399,557272592,0.049,0.069,0.161,Domestic
154,154,55,"Jun 2, 2017",Wonder Woman,150000000,412563408,821133378,408569970,262563408,258569970,671133378,0.076,0.075,0.194,Domestic
155,155,56,"Nov 22, 2013",Frozen,150000000,400738009,1272469910,871731901,250738009,721731901,1122469910,0.072,0.208,0.324,Domestic
156,156,57,"Mar 4, 2016",Zootopia,150000000,341268248,1019429616,678161368,191268248,528161368,869429616,0.055,0.152,0.251,Domestic
157,157,58,"Jul 11, 2007",Harry Potter and the Order of the Phoenix,150000000,292137260,943076457,650939197,142137260,500939197,793076457,0.041,0.145,0.229,Domestic
158,158,59,"Nov 18, 2005",Harry Potter and the Goblet of Fire,150000000,290201752,897099794,606898042,140201752,456898042,747099794,0.04,0.132,0.216,Domestic
159,159,60,"May 15, 2003",The Matrix Reloaded,150000000,281553689,738576929,457023240,131553689,307023240,588576929,0.038,0.089,0.17,Domestic
160,160,61,"Dec 14, 2007",I am Legend,150000000,256393010,585532684,329139674,106393010,179139674,435532684,0.031,0.052,0.126,Domestic
161,161,62,"Nov 23, 2016",Moana,150000000,248757044,637517365,388760321,98757044,238760321,487517365,0.029,0.069,0.141,Domestic
162,162,63,"Jul 1, 2008",Hancock,150000000,227946274,624234272,396287998,77946274,246287998,474234272,0.023,0.071,0.137,Domestic
163,163,64,"Jul 15, 2005",Charlie and the Chocolate Factory,150000000,206459076,475825484,269366408,56459076,119366408,325825484,0.016,0.034,0.094,Domestic
164,164,65,"Jun 29, 2007",Ratatouille,150000000,206445654,626549695,420104041,56445654,270104041,476549695,0.016,0.078,0.138,Domestic
165,165,66,"Nov 8, 2013",Thor: The Dark World,150000000,206362140,644602516,438240376,56362140,288240376,494602516,0.016,0.083,0.143,Domestic
166,166,67,"Jun 15, 2005",Batman Begins,150000000,205343774,359142722,153798948,55343774,3798948,209142722,0.016,0.001,0.06,Domestic
167,167,68,"Jul 31, 2015",Mission: ImpossibleâRogue Nation,150000000,195042377,688858992,493816615,45042377,343816615,538858992,0.013,0.099,0.156,Domestic
168,168,69,"Jul 21, 2017",Dunkirk,150000000,190068280,499837368,309769088,40068280,159769088,349837368,0.012,0.046,0.101,Domestic
169,169,70,"May 6, 2011",Thor,150000000,181030624,449326618,268295994,31030624,118295994,299326618,0.009,0.034,0.086,Domestic
170,170,71,"Nov 7, 2008",Madagascar: Escape 2 Africa,150000000,180174880,599680774,419505894,30174880,269505894,449680774,0.009,0.078,0.13,Domestic
171,171,72,"May 1, 2009",X-Men Origins: Wolverine,150000000,179883157,374825760,194942603,29883157,44942603,224825760,0.009,0.013,0.065,Domestic
172,172,73,"May 22, 2009",Night at the Museum: Battle of the Smithsonian,150000000,177243721,402231063,224987342,27243721,74987342,252231063,0.008,0.022,0.073,Domestic
173,173,74,"May 26, 2011",Kung Fu Panda 2,150000000,165249063,664837547,499588484,15249063,349588484,514837547,0.004,0.101,0.149,Domestic
174,174,75,"May 15, 2015",Mad Max: Fury Road,150000000,153636354,370098020,216461666,3636354,66461666,220098020,0.001,0.019,0.064,Domestic
175,175,76,"May 10, 2019",PokÃ©mon: Detective Pikachu,150000000,139507806,411258433,271750627,-10492194,121750627,261258433,-0.003,0.035,0.075,Domestic
176,176,77,"Nov 5, 2003",The Matrix Revolutions,150000000,139270910,427300260,288029350,-10729090,138029350,277300260,-0.003,0.04,0.08,Domestic
177,177,78,"Mar 29, 2018",Ready Player One,150000000,137690172,579290136,441599964,-12309828,291599964,429290136,-0.004,0.084,0.124,Domestic
178,178,79,"Nov 4, 2005",Chicken Little,150000000,135386665,310043823,174657158,-14613335,24657158,160043823,-0.004,0.007,0.046,Domestic
179,179,80,"May 5, 2006",Mission: Impossible III,150000000,133501348,397501348,264000000,-16498652,114000000,247501348,-0.005,0.033,0.071,Domestic
180,180,81,"May 15, 2009",Angels & Demons,150000000,133375846,490875846,357500000,-16624154,207500000,340875846,-0.005,0.06,0.098,Domestic
181,181,82,"May 14, 2004",Troy,150000000,133298577,484161265,350862688,-16701423,200862688,334161265,-0.005,0.058,0.096,Domestic
182,182,83,"Jul 1, 2010",The Last Airbender,150000000,131772187,319713881,187941694,-18227813,37941694,169713881,-0.005,0.011,0.049,Domestic
183,183,84,"Nov 2, 2007",Bee Movie,150000000,126631277,287594577,160963300,-23368723,10963300,137594577,-0.007,0.003,0.04,Domestic
184,184,85,"Jul 24, 2009",G-Force,150000000,119436770,292817841,173381071,-30563230,23381071,142817841,-0.009,0.007,0.041,Domestic
185,185,86,"Nov 21, 2008",Bolt,150000000,114053579,328015029,213961450,-35946421,63961450,178015029,-0.01,0.018,0.051,Domestic
186,186,87,"Mar 30, 2012",Wrath of the Titans,150000000,83670083,305270083,221600000,-66329917,71600000,155270083,-0.019,0.021,0.045,Domestic
187,187,88,"Nov 16, 2007",Beowulf,150000000,82280579,195080579,112800000,-67719421,-37200000,45080579,-0.02,-0.011,0.013,Domestic
188,188,89,"May 11, 2012",Dark Shadows,150000000,79727149,238202668,158475519,-70272851,8475519,88202668,-0.02,0.002,0.025,Domestic
189,189,90,"Jun 28, 2013",White House Down,150000000,73103784,205440387,132336603,-76896216,-17663397,55440387,-0.022,-0.005,0.016,Domestic
190,190,91,"Feb 12, 2010",The Wolfman,150000000,62189884,142634358,80444474,-87810116,-69555526,-7365642,-0.025,-0.02,-0.002,Domestic
191,191,92,"Feb 17, 2017",The Great Wall,150000000,45157105,334486852,289329747,-104842895,139329747,184486852,-0.03,0.04,0.053,Domestic
192,192,93,"Oct 9, 2015",Pan,150000000,35088320,151525973,116437653,-114911680,-33562347,1525973,-0.033,-0.01,0.0,Domestic
193,193,94,"Mar 11, 2011",Mars Needs Moms,150000000,21392758,39549758,18157000,-128607242,-131843000,-110450242,-0.037,-0.038,-0.032,Domestic
195,195,96,"Nov 3, 2006",Flushed Away,149000000,64665672,179357126,114691454,-84334328,-34308546,30357126,-0.024,-0.01,0.009,Domestic
196,196,97,"Jun 8, 2012",Madagascar 3: Europe's Most Wanted,145000000,216391482,746921271,530529789,71391482,385529789,601921271,0.021,0.111,0.174,Domestic
197,197,98,"Dec 16, 2011",Mission: ImpossibleâGhost Protocol,145000000,209397903,694713230,485315327,64397903,340315327,549713230,0.019,0.098,0.159,Domestic
198,198,99,"Jun 13, 2014",How to Train Your Dragon 2,145000000,177002924,614586270,437583346,32002924,292583346,469586270,0.009,0.084,0.136,Domestic
199,199,100,"Jun 16, 1999",Tarzan,145000000,171091819,448191819,277100000,26091819,132100000,303191819,0.008,0.038,0.088,Domestic
200,200,1,"Mar 7, 2014",Mr. Peabody & Sherman,145000000,111506430,269806430,158300000,-33493570,13300000,124806430,-0.01,0.004,0.036,Domestic
201,201,2,"Nov 21, 2012",Rise of the Guardians,145000000,103412758,306900902,203488144,-41587242,58488144,161900902,-0.012,0.017,0.047,Domestic
202,202,3,"Apr 8, 2005",Sahara,145000000,68671925,121671925,53000000,-76328075,-92000000,-23328075,-0.022,-0.027,-0.007,Domestic
203,203,4,"Jul 15, 2016",Ghostbusters,144000000,128350574,229008658,100658084,-15649426,-43341916,85008658,-0.005,-0.013,0.025,Domestic
204,204,5,"Nov 22, 2002",Die Another Day,142000000,160942139,431942139,271000000,18942139,129000000,289942139,0.005,0.037,0.084,Domestic
205,205,6,"Jul 9, 2003",Pirates of the Caribbean: The Curse of the Black Pearl,140000000,305411224,634954103,329542879,165411224,189542879,494954103,0.048,0.055,0.143,Domestic
206,206,7,"May 8, 2009",Star Trek,140000000,257730019,386839614,129109595,117730019,-10890405,246839614,0.034,-0.003,0.071,Domestic
207,207,8,"Jul 1, 1998",Armageddon,140000000,201578182,554600000,353021818,61578182,213021818,414600000,0.018,0.062,0.12,Domestic
208,208,9,"Jul 3, 2002",Men in Black 2,140000000,190418803,441767803,251349000,50418803,111349000,301767803,0.015,0.032,0.087,Domestic
209,209,10,"Jul 22, 2011",Captain America: The First Avenger,140000000,176654505,370569776,193915271,36654505,53915271,230569776,0.011,0.016,0.067,Domestic
210,210,11,"Jan 29, 2016",Kung Fu Panda 3,140000000,143528619,517599142,374070523,3528619,234070523,377599142,0.001,0.068,0.109,Domestic
211,211,12,"Jul 10, 1998",Lethal Weapon 4,140000000,130444603,285400000,154955397,-9555397,14955397,145400000,-0.003,0.004,0.042,Domestic
212,212,13,"Mar 27, 2013",G.I. Joe: Retaliation,140000000,122523060,375740705,253217645,-17476940,113217645,235740705,-0.005,0.033,0.068,Domestic
213,213,14,"Dec 5, 2003",The Last Samurai,140000000,111110575,456810575,345700000,-28889425,205700000,316810575,-0.008,0.059,0.091,Domestic
214,214,15,"Dec 21, 2005",Fun With Dick And Jane,140000000,110550000,203018919,92468919,-29450000,-47531081,63018919,-0.009,-0.014,0.018,Domestic
215,215,16,"Dec 12, 2014",Exodus: Gods and Kings,140000000,65014513,268314513,203300000,-74985487,63300000,128314513,-0.022,0.018,0.037,Domestic
216,216,17,"Jul 1, 2016",The BFG,140000000,55483770,199646680,144162910,-84516230,4162910,59646680,-0.024,0.001,0.017,Domestic
217,217,18,"Feb 26, 2016",Gods of Egypt,140000000,31153464,138836756,107683292,-108846536,-32316708,-1163244,-0.031,-0.009,-0.0,Domestic
218,218,19,"May 3, 2002",Spider-Man,139000000,403706375,821706375,418000000,264706375,279000000,682706375,0.076,0.081,0.197,Domestic
219,219,20,"Mar 6, 2009",Watchmen,138000000,107509799,186976250,79466451,-30490201,-58533549,48976250,-0.009,-0.017,0.014,Domestic
220,220,21,"Jul 29, 2005",Stealth,138000000,32116746,76416746,44300000,-105883254,-93700000,-61583254,-0.031,-0.027,-0.018,Domestic
221,221,22,"Jun 13, 2008",The Incredible Hulk,137500000,134806913,265573859,130766946,-2693087,-6733054,128073859,-0.001,-0.002,0.037,Domestic
222,222,23,"Jun 20, 2003",Hulk,137000000,132177234,245075434,112898200,-4822766,-24101800,108075434,-0.001,-0.007,0.031,Domestic
223,223,24,"Jul 11, 2001",Final Fantasy: The Spirits Within,137000000,32131830,85131830,53000000,-104868170,-84000000,-51868170,-0.03,-0.024,-0.015,Domestic
224,224,25,"Nov 16, 2012","The Twilight Saga: Breaking Dawn, Part 2",136200000,292324737,829724737,537400000,156124737,401200000,693524737,0.045,0.116,0.2,Domestic
225,225,26,"Mar 22, 2013",The Croods,135000000,187168425,573068425,385900000,52168425,250900000,438068425,0.015,0.072,0.126,Domestic
226,226,27,"Dec 25, 2015",The Revenant,135000000,183637894,532938302,349300408,48637894,214300408,397938302,0.014,0.062,0.115,Domestic
227,227,28,"Nov 19, 1999",The World is Not Enough,135000000,126930660,361730660,234800000,-8069340,99800000,226730660,-0.002,0.029,0.065,Domestic
228,228,29,"Mar 4, 2011",Rango,135000000,123477607,245724600,122246993,-11522393,-12753007,110724600,-0.003,-0.004,0.032,Domestic
229,229,30,"Nov 14, 2003",Master and Commander: The Far Side of the World,135000000,93926386,212912137,118985751,-41073614,-16014249,77912137,-0.012,-0.005,0.022,Domestic
230,230,31,"Jul 17, 2013",Turbo,135000000,83028130,286896578,203868448,-51971870,68868448,151896578,-0.015,0.02,0.044,Domestic
231,231,32,"Jun 3, 2016",Teenage Mutant Ninja Turtles: Out of the Shadows,135000000,82051601,245328374,163276773,-52948399,28276773,110328374,-0.015,0.008,0.032,Domestic
232,232,33,"Nov 18, 2011",Happy Feet Two,135000000,64006466,157956466,93950000,-70993534,-41050000,22956466,-0.02,-0.012,0.007,Domestic
233,233,34,"Jul 28, 2006",Miami Vice,135000000,63478838,163818556,100339718,-71521162,-34660282,28818556,-0.021,-0.01,0.008,Domestic
234,234,35,"Nov 2, 2018",The Nutcracker and the Four Realms,132900000,54858851,170293899,115435048,-78041149,-17464952,37393899,-0.023,-0.005,0.011,Domestic
235,235,36,"Jun 29, 2005",War of the Worlds,132000000,234280354,606836535,372556181,102280354,240556181,474836535,0.03,0.069,0.137,Domestic
236,236,37,"Nov 26, 2014",Penguins of Madagascar,132000000,83350911,366942531,283591620,-48649089,151591620,234942531,-0.014,0.044,0.068,Domestic
237,237,38,"Nov 22, 2013",The Hunger Games: Catching Fire,130000000,424668047,864868047,440200000,294668047,310200000,734868047,0.085,0.09,0.212,Domestic
238,238,39,"Jun 4, 2004",Harry Potter and the Prisoner of Azkaban,130000000,249757726,796907323,547149597,119757726,417149597,666907323,0.035,0.12,0.193,Domestic
239,239,40,"Aug 3, 2007",The Bourne Ultimatum,130000000,227471070,444043396,216572326,97471070,86572326,314043396,0.028,0.025,0.091,Domestic
240,240,41,"Jul 6, 2018",Ant-Man and the Wasp,130000000,216648740,623144660,406495920,86648740,276495920,493144660,0.025,0.08,0.142,Domestic
241,241,42,"Jun 6, 2008",Kung Fu Panda,130000000,215434591,631910531,416475940,85434591,286475940,501910531,0.025,0.083,0.145,Domestic
242,242,43,"Jul 17, 2015",Ant-Man,130000000,180202163,518858449,338656286,50202163,208656286,388858449,0.014,0.06,0.112,Domestic
243,243,44,"Mar 27, 2015",Home,130000000,177397510,385997896,208600386,47397510,78600386,255997896,0.014,0.023,0.074,Domestic
244,244,45,"Dec 19, 2018",Mary Poppins Returns,130000000,171958438,341528518,169570080,41958438,39570080,211528518,0.012,0.011,0.061,Domestic
245,245,46,"Oct 28, 2011",Puss in Boots,130000000,149260504,554987477,405726973,19260504,275726973,424987477,0.006,0.08,0.123,Domestic
246,246,47,"Nov 5, 2010",Megamind,130000000,148415853,321887208,173471355,18415853,43471355,191887208,0.005,0.013,0.055,Domestic
247,247,48,"Jul 18, 2003",Bad Boys II,130000000,138540870,273271982,134731112,8540870,4731112,143271982,0.002,0.001,0.041,Domestic
248,248,49,"Apr 11, 2014",Rio 2,130000000,131538435,492846291,361307856,1538435,231307856,362846291,0.0,0.067,0.105,Domestic
249,249,50,"Jul 23, 2010",Salt,130000000,118311368,290650494,172339126,-11688632,42339126,160650494,-0.003,0.012,0.046,Domestic
250,250,51,"Mar 28, 2014",Noah,130000000,101200044,352831065,251631021,-28799956,121631021,222831065,-0.008,0.035,0.064,Domestic
251,251,52,"Dec 21, 2011",The Adventures of Tintin,130000000,77591831,373993951,296402120,-52408169,166402120,243993951,-0.015,0.048,0.07,Domestic
252,252,53,"May 31, 2013",After Earth,130000000,60522097,251499665,190977568,-69477903,60977568,121499665,-0.02,0.018,0.035,Domestic
253,253,54,"Nov 26, 2008",Australia,130000000,49554002,215080810,165526808,-80445998,35526808,85080810,-0.023,0.01,0.025,Domestic
254,254,55,"Jul 19, 2013",R.I.P.D.,130000000,33618855,79076678,45457823,-96381145,-84542177,-50923322,-0.028,-0.024,-0.015,Domestic
255,255,56,"Feb 22, 2019",How to Train Your Dragon: The Hidden World,129000000,160791800,519258283,358466483,31791800,229466483,390258283,0.009,0.066,0.113,Domestic
256,256,57,"Nov 18, 2011","The Twilight Saga: Breaking Dawn, Part 1",127500000,281287133,689420051,408132918,153787133,280632918,561920051,0.044,0.081,0.162,Domestic
257,257,58,"May 19, 2000",Dinosaur,127500000,137748063,356148063,218400000,10248063,90900000,228648063,0.003,0.026,0.066,Domestic
258,258,59,"Mar 3, 2017",Logan,127000000,226277068,615461394,389184326,99277068,262184326,488461394,0.029,0.076,0.141,Domestic
259,259,60,"Dec 19, 2014",Night at the Museum: Secret of the Tomb,127000000,113746621,353756621,240010000,-13253379,113010000,226756621,-0.004,0.033,0.065,Domestic
260,260,61,"Jul 15, 2011",Harry Potter and the Deathly Hallows: Part II,125000000,381193157,1341693157,960500000,256193157,835500000,1216693157,0.074,0.241,0.351,Domestic
261,261,62,"Nov 21, 2014",The Hunger Games: Mockingjay - Part 1,125000000,337135885,766575131,429439246,212135885,304439246,641575131,0.061,0.088,0.185,Domestic
262,262,63,"Nov 16, 2001",Harry Potter and the Sorcererâs Stone,125000000,317871467,975047606,657176139,192871467,532176139,850047606,0.056,0.154,0.245,Domestic
263,263,64,"Nov 19, 2010",Harry Potter and the Deathly Hallows: Part I,125000000,296131568,960431568,664300000,171131568,539300000,835431568,0.049,0.156,0.241,Domestic
264,264,65,"May 19, 2006",The Da Vinci Code,125000000,217536138,767820459,550284321,92536138,425284321,642820459,0.027,0.123,0.186,Domestic
265,265,66,"May 2, 2003",X-Men 2,125000000,214949694,406875536,191925842,89949694,66925842,281875536,0.026,0.019,0.081,Domestic
266,266,67,"Apr 29, 2011",Fast Five,125000000,210031325,630163454,420132129,85031325,295132129,505163454,0.025,0.085,0.146,Domestic
267,267,68,"Aug 8, 2014",Teenage Mutant Ninja Turtles,125000000,191204754,485004754,293800000,66204754,168800000,360004754,0.019,0.049,0.104,Domestic
268,268,69,"Dec 16, 2011",Sherlock Holmes: A Game of Shadows,125000000,186848418,535663443,348815025,61848418,223815025,410663443,0.018,0.065,0.119,Domestic
269,269,70,"May 28, 2004",The Day After Tomorrow,125000000,186740799,556319450,369578651,61740799,244578651,431319450,0.018,0.071,0.125,Domestic
270,270,71,"Mar 31, 2017",The Boss Baby,125000000,175003033,510878762,335875729,50003033,210875729,385878762,0.014,0.061,0.111,Domestic
271,271,72,"Apr 1, 2010",Clash of the Titans,125000000,163214888,493214888,330000000,38214888,205000000,368214888,0.011,0.059,0.106,Domestic
272,272,73,"Nov 4, 2016",Trolls,125000000,153707064,344150134,190443070,28707064,65443070,219150134,0.008,0.019,0.063,Domestic
273,273,74,"May 19, 1998",Godzilla,125000000,136314294,376000000,239685706,11314294,114685706,251000000,0.003,0.033,0.072,Domestic
274,274,75,"Jun 8, 2012",Prometheus,125000000,126477084,402448265,275971181,1477084,150971181,277448265,0.0,0.044,0.08,Domestic
275,275,76,"Aug 10, 2012",The Bourne Legacy,125000000,113203870,280355920,167152050,-11796130,42152050,155355920,-0.003,0.012,0.045,Domestic
276,276,77,"Jun 20, 1997",Batman & Robin,125000000,107325195,238317814,130992619,-17674805,5992619,113317814,-0.005,0.002,0.033,Domestic
277,277,78,"Jul 13, 2018",Skyscraper,125000000,68420120,304115534,235695414,-56579880,110695414,179115534,-0.016,0.032,0.052,Domestic
278,278,79,"Aug 3, 2012",Total Recall,125000000,58877969,211856088,152978119,-66122031,27978119,86856088,-0.019,0.008,0.025,Domestic
279,279,80,"Dec 21, 2016",Assassinâs Creed,125000000,54647948,240759682,186111734,-70352052,61111734,115759682,-0.02,0.018,0.033,Domestic
280,280,81,"Jan 13, 2017",Monster Trucks,125000000,33370166,61642798,28272632,-91629834,-96727368,-63357202,-0.026,-0.028,-0.018,Domestic
281,281,82,"Aug 27, 1999",The 13th Warrior,125000000,32698899,61698899,29000000,-92301101,-96000000,-63301101,-0.027,-0.028,-0.018,Domestic
282,282,83,"Nov 17, 2000",How the Grinch Stole Christmas,123000000,260044825,345141403,85096578,137044825,-37903422,222141403,0.04,-0.011,0.064,Domestic
283,283,84,"May 24, 2000",Mission: Impossible 2,120000000,215409889,549588516,334178627,95409889,214178627,429588516,0.028,0.062,0.124,Domestic
284,284,85,"Jun 30, 2000",The Perfect Storm,120000000,182618434,328711434,146093000,62618434,26093000,208711434,0.018,0.008,0.06,Domestic
285,285,86,"Jul 29, 2016",Jason Bourne,120000000,162192920,416168316,253975396,42192920,133975396,296168316,0.012,0.039,0.086,Domestic
286,286,87,"Jun 15, 2007",Fantastic Four: Rise of the Silver Surfer,120000000,131921738,289480691,157558953,11921738,37558953,169480691,0.003,0.011,0.049,Domestic
287,287,88,"Nov 21, 2012",Life of Pi,120000000,124987022,620912003,495924981,4987022,375924981,500912003,0.001,0.109,0.145,Domestic
288,288,89,"Feb 16, 2007",Ghost Rider,120000000,115802596,229545589,113742993,-4197404,-6257007,109545589,-0.001,-0.002,0.032,Domestic
289,289,90,"Apr 13, 2018",Rampage,120000000,101028233,428056280,327028047,-18971767,207028047,308056280,-0.005,0.06,0.089,Domestic
290,290,91,"Jun 27, 2003",Charlie's Angels: Full Throttle,120000000,100814328,227200000,126385672,-19185672,6385672,107200000,-0.006,0.002,0.031,Domestic
291,291,92,"Aug 9, 2013",Elysium,120000000,93050117,286192091,193141974,-26949883,73141974,166192091,-0.008,0.021,0.048,Domestic
292,292,93,"Apr 19, 2013",Oblivion,120000000,89107235,287916633,198809398,-30892765,78809398,167916633,-0.009,0.023,0.048,Domestic
293,293,94,"Mar 24, 2017",Power Rangers,120000000,85364450,142531552,57167102,-34635550,-62832898,22531552,-0.01,-0.018,0.007,Domestic
294,294,95,"Jul 19, 2002",Stuart Little 2,120000000,64956806,166000000,101043194,-55043194,-18956806,46000000,-0.016,-0.005,0.013,Domestic
295,295,96,"Feb 12, 2014",RoboCop,120000000,58607007,242981799,184374792,-61392993,64374792,122981799,-0.018,0.019,0.036,Domestic
296,296,97,"Jun 11, 2004",The Chronicles of Riddick,120000000,57712751,107212751,49500000,-62287249,-70500000,-12787249,-0.018,-0.02,-0.004,Domestic
297,297,98,"Aug 7, 2015",Fantastic Four,120000000,56117548,167849187,111731639,-63882452,-8268361,47849187,-0.018,-0.002,0.014,Domestic
298,298,99,"May 9, 2008",Speed Racer,120000000,43945766,93394462,49448696,-76054234,-70551304,-26605538,-0.022,-0.02,-0.008,Domestic
299,299,100,"Jul 22, 2005",The Island,120000000,35818913,163018913,127200000,-84181087,7200000,43018913,-0.024,0.002,0.012,Domestic
300,300,1,"Dec 17, 2010",How Do You Know?,120000000,30212620,49628177,19415557,-89787380,-100584443,-70371823,-0.026,-0.029,-0.02,Domestic
301,301,2,"Jun 23, 2010",Knight and Day,117000000,76423035,258751370,182328335,-40576965,65328335,141751370,-0.012,0.019,0.041,Domestic
302,302,3,"Oct 5, 2018",Venom,116000000,213511408,853628605,640117197,97511408,524117197,737628605,0.028,0.151,0.213,Domestic
303,303,4,"May 19, 1999",Star Wars Ep. I: The Phantom Menace,115000000,474544677,1027044677,552500000,359544677,437500000,912044677,0.104,0.126,0.263,Domestic
304,304,5,"May 19, 2005",Star Wars Ep. III: Revenge of the Sith,115000000,380270577,848998877,468728300,265270577,353728300,733998877,0.077,0.102,0.212,Domestic
305,305,6,"May 16, 2002",Star Wars Ep. II: Attack of the Clones,115000000,310676740,656695615,346018875,195676740,231018875,541695615,0.056,0.067,0.156,Domestic
306,306,7,"Nov 2, 2001","Monsters, Inc.",115000000,289423425,559757719,270334294,174423425,155334294,444757719,0.05,0.045,0.128,Domestic
307,307,8,"Jul 26, 2013",The Wolverine,115000000,132556852,416456852,283900000,17556852,168900000,301456852,0.005,0.049,0.087,Domestic
308,308,9,"Feb 7, 1997",Dante's Peak,115000000,67163857,178200000,111036143,-47836143,-3963857,63200000,-0.014,-0.001,0.018,Domestic
309,309,10,"Apr 22, 2016",The Huntsman: Winterâs War,115000000,48003015,165149302,117146287,-66996985,2146287,50149302,-0.019,0.001,0.014,Domestic
310,310,11,"Jun 14, 2002",Windtalkers,115000000,40914068,77628265,36714197,-74085932,-78285803,-37371735,-0.021,-0.023,-0.011,Domestic
311,311,12,"Jul 4, 2008",AstÃ©rix aux Jeux Olympiques,113500000,999811,132999811,132000000,-112500189,18500000,19499811,-0.032,0.005,0.006,Domestic
312,312,13,"Dec 25, 2010",Gulliver's Travels,112000000,42779261,232017848,189238587,-69220739,77238587,120017848,-0.02,0.022,0.035,Domestic
313,313,14,"Dec 15, 2017",Ferdinand,111000000,84410380,289847930,205437550,-26589620,94437550,178847930,-0.008,0.027,0.052,Domestic
314,314,15,"May 18, 2018",Deadpool 2,110000000,324591735,786680557,462088822,214591735,352088822,676680557,0.062,0.102,0.195,Domestic
315,315,16,"Oct 4, 2013",Gravity,110000000,274092705,693698673,419605968,164092705,309605968,583698673,0.047,0.089,0.169,Domestic
316,316,17,"Dec 22, 2006",Night at the Museum,110000000,250863268,579446407,328583139,140863268,218583139,469446407,0.041,0.063,0.136,Domestic
317,317,18,"Jun 10, 2005",Mr. and Mrs. Smith,110000000,186336279,486124090,299787811,76336279,189787811,376124090,0.022,0.055,0.109,Domestic
318,318,19,"May 29, 2015",San Andreas,110000000,155190832,456258539,301067707,45190832,191067707,346258539,0.013,0.055,0.1,Domestic
319,319,20,"Jul 29, 2011",The Smurfs,110000000,142614158,563749323,421135165,32614158,311135165,453749323,0.009,0.09,0.131,Domestic
320,320,21,"Jun 27, 2007",Live Free or Die Hard,110000000,134529403,382288147,247758744,24529403,137758744,272288147,0.007,0.04,0.079,Domestic
321,321,22,"Mar 20, 2015",The Divergent Series: Insurgent,110000000,130179072,295075882,164896810,20179072,54896810,185075882,0.006,0.016,0.053,Domestic
322,322,23,"Dec 10, 2004",Ocean's Twelve,110000000,125531634,362989076,237457442,15531634,127457442,252989076,0.004,0.037,0.073,Domestic
323,323,24,"Dec 19, 1997",Tomorrow Never Dies,110000000,125304276,339504276,214200000,15304276,104200000,229504276,0.004,0.03,0.066,Domestic
324,324,25,"Jun 28, 2000",The Patriot,110000000,113330342,215300000,101969658,3330342,-8030342,105300000,0.001,-0.002,0.03,Domestic
325,325,26,"Mar 7, 2014",300: Rise of an Empire,110000000,106580051,330780051,224200000,-3419949,114200000,220780051,-0.001,0.033,0.064,Domestic
326,326,27,"Dec 17, 2004",The Aviator,110000000,102608827,208370892,105762065,-7391173,-4237935,98370892,-0.002,-0.001,0.028,Domestic
327,327,28,"Dec 21, 2016",Passengers,110000000,100014699,302239672,202224973,-9985301,92224973,192239672,-0.003,0.027,0.056,Domestic
328,328,29,"Jan 14, 2011",The Green Hornet,110000000,98780042,229155503,130375461,-11219958,20375461,119155503,-0.003,0.006,0.034,Domestic
329,329,30,"Sep 30, 2016",Miss Peregrineâs Home for Peculiar Children,110000000,87242834,295986876,208744042,-22757166,98744042,185986876,-0.007,0.029,0.054,Domestic
330,330,31,"Oct 7, 2011",Real Steel,110000000,85463309,263880341,178417032,-24536691,68417032,153880341,-0.007,0.02,0.044,Domestic
331,331,32,"Jun 11, 2010",The A-Team,110000000,77222099,177241171,100019072,-32777901,-9980928,67241171,-0.009,-0.003,0.019,Domestic
332,332,33,"Jul 31, 2013",The Smurfs 2,110000000,71017784,348547523,277529739,-38982216,167529739,238547523,-0.011,0.048,0.069,Domestic
333,333,34,"Mar 18, 2016",The Divergent Series: Allegiant,110000000,66184051,172022517,105838466,-43815949,-4161534,62022517,-0.013,-0.001,0.018,Domestic
334,334,35,"Jun 12, 2009",The Taking of Pelham 123,110000000,65452312,152364370,86912058,-44547688,-23087942,42364370,-0.013,-0.007,0.012,Domestic
335,335,36,"Nov 1, 2013",Ender's Game,110000000,61737191,127983283,66246092,-48262809,-43753908,17983283,-0.014,-0.013,0.005,Domestic
336,336,37,"Apr 2, 2004",Home on the Range,110000000,50026353,76482461,26456108,-59973647,-83543892,-33517539,-0.017,-0.024,-0.01,Domestic
337,337,38,"Jun 13, 1997",Speed 2: Cruise Control,110000000,48097081,150468000,102370919,-61902919,-7629081,40468000,-0.018,-0.002,0.012,Domestic
338,338,39,"May 6, 2005",Kingdom of Heaven,110000000,47398413,218853353,171454940,-62601587,61454940,108853353,-0.018,0.018,0.031,Domestic
339,339,40,"Mar 31, 2017",Ghost in the Shell,110000000,40563557,167910690,127347133,-69436443,17347133,57910690,-0.02,0.005,0.017,Domestic
340,340,41,"Jun 16, 2004",Around the World in 80 Days,110000000,24004159,72004159,48000000,-85995841,-62000000,-37995841,-0.025,-0.018,-0.011,Domestic
341,341,42,"Jun 14, 2019",Men in Black: International,110000000,3100000,3100000,0,-106900000,-110000000,-106900000,-0.031,-0.032,-0.031,Domestic
342,342,43,"Dec 19, 2001",The Lord of the Rings: The Fellowship of the Ring,109000000,315544750,887210985,571666235,206544750,462666235,778210985,0.06,0.134,0.225,Domestic
343,343,44,"Nov 21, 2003",The Cat in the Hat,109000000,101018283,133818283,32800000,-7981717,-76200000,24818283,-0.002,-0.022,0.007,Domestic
344,344,45,"Dec 25, 2001",Ali,109000000,58183966,87683966,29500000,-50816034,-79500000,-21316034,-0.015,-0.023,-0.006,Domestic
345,345,46,"Oct 2, 2015",The Martian,108000000,228433663,655271443,426837780,120433663,318837780,547271443,0.035,0.092,0.158,Domestic
346,346,47,"Nov 23, 2016",Allied,106000000,40098064,119266661,79168597,-65901936,-26831403,13266661,-0.019,-0.008,0.004,Domestic
347,347,48,"Jul 16, 2004","I, Robot",105000000,144801023,348629585,203828562,39801023,98828562,243629585,0.011,0.029,0.07,Domestic
348,348,49,"Dec 17, 1999",Stuart Little,105000000,140015224,298815224,158800000,35015224,53800000,193815224,0.01,0.016,0.056,Domestic
349,349,50,"Nov 25, 2009",The Princess and the Frog,105000000,104400899,270997378,166596479,-599101,61596479,165997378,-0.0,0.018,0.048,Domestic
350,350,51,"Mar 7, 2008","10,000 B.C.",105000000,94784201,269065678,174281477,-10215799,69281477,164065678,-0.003,0.02,0.047,Domestic
351,351,52,"Jul 22, 2016",Ice Age: Collision Course,105000000,64063008,402156682,338093674,-40936992,233093674,297156682,-0.012,0.067,0.086,Domestic
352,352,53,"Apr 27, 2001",Town & Country,105000000,6712451,10364769,3652318,-98287549,-101347682,-94635231,-0.028,-0.029,-0.027,Domestic
353,353,54,"Sep 22, 2017",Kingsman: The Golden Circle,104000000,100234838,408803696,308568858,-3765162,204568858,304803696,-0.001,0.059,0.088,Domestic
354,354,55,"Jun 9, 2000",Gone in 60 Seconds,103300000,101643008,232643008,131000000,-1656992,27700000,129343008,-0.0,0.008,0.037,Domestic
355,355,56,"May 5, 2000",Gladiator,103000000,187683805,457683805,270000000,84683805,167000000,354683805,0.024,0.048,0.102,Domestic
356,356,57,"May 23, 2013",The Hangover 3,103000000,112200072,362000072,249800000,9200072,146800000,259000072,0.003,0.042,0.075,Domestic
357,357,58,"Mar 9, 2018",A Wrinkle in Time,103000000,100478608,133401882,32923274,-2521392,-70076726,30401882,-0.001,-0.02,0.009,Domestic
358,358,59,"Jul 1, 2009",Public Enemies,102500000,97104620,212282709,115178089,-5395380,12678089,109782709,-0.002,0.004,0.032,Domestic
359,359,60,"Nov 17, 2006",Casino Royale,102000000,167365000,594420283,427055283,65365000,325055283,492420283,0.019,0.094,0.142,Domestic
360,360,61,"Jun 21, 2002",Minority Report,102000000,132024714,358824714,226800000,30024714,124800000,256824714,0.009,0.036,0.074,Domestic
361,361,62,"Dec 21, 2018",Bumblebee,102000000,127195589,465195589,338000000,25195589,236000000,363195589,0.007,0.068,0.105,Domestic
362,362,63,"Oct 26, 2012",Cloud Atlas,102000000,27108272,130673154,103564882,-74891728,1564882,28673154,-0.022,0.0,0.008,Domestic
363,363,64,"Nov 15, 2002",Harry Potter and the Chamber of Secrets,100000000,262233381,879225135,616991754,162233381,516991754,779225135,0.047,0.149,0.225,Domestic
364,364,65,"Jul 2, 1991",Terminator 2: Judgment Day,100000000,203464105,515419827,311955722,103464105,211955722,415419827,0.03,0.061,0.12,Domestic
365,365,66,"Jun 16, 1995",Batman Forever,100000000,184031112,336529144,152498032,84031112,52498032,236529144,0.024,0.015,0.068,Domestic
366,366,67,"Jul 27, 2001",Planet of the Apes,100000000,180011740,362211740,182200000,80011740,82200000,262211740,0.023,0.024,0.076,Domestic
367,367,68,"Nov 19, 2004",National Treasure,100000000,173005002,331323410,158318408,73005002,58318408,231323410,0.021,0.017,0.067,Domestic
368,368,69,"Dec 25, 2012",Django Unchained,100000000,162805434,449948323,287142889,62805434,187142889,349948323,0.018,0.054,0.101,Domestic
369,369,70,"Dec 22, 2010",Little Fockers,100000000,148438600,310650574,162211974,48438600,62211974,210650574,0.014,0.018,0.061,Domestic
370,370,71,"Jul 15, 1994",True Lies,100000000,146282411,365300000,219017589,46282411,119017589,265300000,0.013,0.034,0.077,Domestic
371,371,72,"Nov 2, 2007",American Gangster,100000000,130164645,267985456,137820811,30164645,37820811,167985456,0.009,0.011,0.049,Domestic
372,372,73,"Sep 18, 2009",Cloudy with a Chance of Meatballs,100000000,124870275,236827677,111957402,24870275,11957402,136827677,0.007,0.003,0.04,Domestic
373,373,74,"Aug 6, 2010",The Other Guys,100000000,119219978,170936470,51716492,19219978,-48283508,70936470,0.006,-0.014,0.02,Domestic
374,374,75,"Dec 17, 2004",Lemony Snicket's A Series of Unfortunate Events,100000000,118627117,212956024,94328907,18627117,-5671093,112956024,0.005,-0.002,0.033,Domestic
375,375,76,"Dec 25, 2013",The Wolf of Wall Street,100000000,116900694,389870414,272969720,16900694,172969720,289870414,0.005,0.05,0.084,Domestic
376,376,77,"May 24, 2013",Epic,100000000,107518682,262794441,155275759,7518682,55275759,162794441,0.002,0.016,0.047,Domestic
377,377,78,"Jun 21, 1996",Eraser,100000000,101295562,234400000,133104438,1295562,33104438,134400000,0.0,0.01,0.039,Domestic
378,378,79,"Jun 21, 1996",The Hunchback of Notre Dame,100000000,100138851,325500000,225361149,138851,125361149,225500000,0.0,0.036,0.065,Domestic
379,379,80,"Dec 15, 2000",The Emperor's New Groove,100000000,89296573,169296573,80000000,-10703427,-20000000,69296573,-0.003,-0.006,0.02,Domestic
380,380,81,"Aug 17, 2012",The Expendables 2,100000000,85028192,311979256,226951064,-14971808,126951064,211979256,-0.004,0.037,0.061,Domestic
381,381,82,"Oct 16, 2009",Where the Wild Things Are,100000000,77233467,99123656,21890189,-22766533,-78109811,-876344,-0.007,-0.023,-0.0,Domestic
382,382,83,"Dec 15, 2006",Eragon,100000000,75030163,249488115,174457952,-24969837,74457952,149488115,-0.007,0.021,0.043,Domestic
383,383,84,"Jul 25, 2014",Hercules,100000000,72688614,243388614,170700000,-27311386,70700000,143388614,-0.008,0.02,0.041,Domestic
384,384,85,"Dec 10, 2010",The Tourist,100000000,67631157,278731369,211100212,-32368843,111100212,178731369,-0.009,0.032,0.052,Domestic
385,385,86,"Nov 24, 1999",End of Days,100000000,66889043,212026975,145137932,-33110957,45137932,112026975,-0.01,0.013,0.032,Domestic
386,386,87,"Jun 11, 2004",The Stepford Wives,100000000,59475623,96221971,36746348,-40524377,-63253652,-3778029,-0.012,-0.018,-0.001,Domestic
387,387,88,"Jun 8, 2007",Surf's Up,100000000,58867694,145395745,86528051,-41132306,-13471949,45395745,-0.012,-0.004,0.013,Domestic
388,388,89,"Dec 8, 2006",Blood Diamond,100000000,57377916,171377916,114000000,-42622084,14000000,71377916,-0.012,0.004,0.021,Domestic
389,389,90,"Sep 24, 2010",Legend of the Guardians: The Owls of Ga'Hoole,100000000,55675313,139716717,84041404,-44324687,-15958596,39716717,-0.013,-0.005,0.011,Domestic
390,390,91,"Nov 7, 1997",Starship Troopers,100000000,54768952,121100000,66331048,-45231048,-33668952,21100000,-0.013,-0.01,0.006,Domestic
391,391,92,"Jun 5, 2009",Land of the Lost,100000000,49438370,69548641,20110271,-50561630,-79889729,-30451359,-0.015,-0.023,-0.009,Domestic
392,392,93,"Dec 25, 2003",Peter Pan,100000000,48417850,95255485,46837635,-51582150,-53162365,-4744515,-0.015,-0.015,-0.001,Domestic
393,393,94,"Mar 15, 2019",Wonder Park,100000000,45216793,115149422,69932629,-54783207,-30067371,15149422,-0.016,-0.009,0.004,Domestic
394,394,95,"Jul 23, 2004",Catwoman,100000000,40202379,82145379,41943000,-59797621,-58057000,-17854621,-0.017,-0.017,-0.005,Domestic
395,395,96,"Aug 15, 2014",The Expendables 3,100000000,39322544,209461378,170138834,-60677456,70138834,109461378,-0.018,0.02,0.032,Domestic
396,396,97,"Nov 27, 2002",Treasure Planet,100000000,38120554,91800000,53679446,-61879446,-46320554,-8200000,-0.018,-0.013,-0.002,Domestic
397,397,98,"Mar 12, 2010",Green Zone,100000000,35497337,97523020,62025683,-64502663,-37974317,-2476980,-0.019,-0.011,-0.001,Domestic
398,398,99,"Oct 20, 2017",Geostorm,100000000,33700160,220796009,187095849,-66299840,87095849,120796009,-0.019,0.025,0.035,Domestic
399,399,100,"Dec 25, 2015",Point Break,100000000,28782481,126704591,97922110,-71217519,-2077890,26704591,-0.021,-0.001,0.008,Domestic
400,400,1,"Dec 11, 2015",In the Heart of the Sea,100000000,25020758,89693309,64672551,-74979242,-35327449,-10306691,-0.022,-0.01,-0.003,Domestic
401,401,2,"Apr 18, 2014",Transcendence,100000000,23022309,103039258,80016949,-76977691,-19983051,3039258,-0.022,-0.006,0.001,Domestic
402,402,3,"Feb 18, 2005",Son of the Mask,100000000,17018422,59918422,42900000,-82981578,-57100000,-40081578,-0.024,-0.016,-0.012,Domestic
403,403,4,"Dec 14, 2018",Mortal Engines,100000000,15951040,85287417,69336377,-84048960,-30663623,-14712583,-0.024,-0.009,-0.004,Domestic
404,404,5,"Aug 16, 2002",The Adventures of Pluto Nash,100000000,4411102,7094995,2683893,-95588898,-97316107,-92905005,-0.028,-0.028,-0.027,Domestic
405,405,6,"Jan 20, 2012",Jin lÃ­ng shÃ­ san chai,100000000,311434,98227017,97915583,-99688566,-2084417,-1772983,-0.029,-0.001,-0.001,Domestic
406,406,7,"Nov 6, 2015",The Peanuts Movie,99000000,130178411,250091610,119913199,31178411,20913199,151091610,0.009,0.006,0.044,Domestic
407,407,8,"Feb 8, 2019",The LEGO Movie 2: The Second Part,99000000,105806508,190325698,84519190,6806508,-14480810,91325698,0.002,-0.004,0.026,Domestic
408,408,9,"Nov 21, 2018",Robin Hood,99000000,30824628,84747441,53922813,-68175372,-45077187,-14252559,-0.02,-0.013,-0.004,Domestic
409,409,10,"May 4, 2001",The Mummy Returns,98000000,202007640,435040395,233032755,104007640,135032755,337040395,0.03,0.039,0.097,Domestic
410,410,11,"Dec 20, 2002",Gangs of New York,97000000,77730500,183124621,105394121,-19269500,8394121,86124621,-0.006,0.002,0.025,Domestic
411,411,12,"May 19, 2017",Alien: Covenant,97000000,74262031,238521247,164259216,-22737969,67259216,141521247,-0.007,0.019,0.041,Domestic
412,412,13,"Mar 13, 2015",Cinderella,95000000,201151353,534551353,333400000,106151353,238400000,439551353,0.031,0.069,0.127,Domestic
413,413,14,"Jul 13, 2012",Ice Age: Continental Drift,95000000,161321843,879765137,718443294,66321843,623443294,784765137,0.019,0.18,0.227,Domestic
414,414,15,"Dec 28, 2001",Black Hawk Down,95000000,108638745,159691085,51052340,13638745,-43947660,64691085,0.004,-0.013,0.019,Domestic
415,415,16,"May 27, 2010",Sex and the City 2,95000000,95347692,294680778,199333086,347692,104333086,199680778,0.0,0.03,0.058,Domestic
416,416,17,"Feb 12, 2010",Percy Jackson & the Olympians: The Lightning Thief,95000000,88768303,223050874,134282571,-6231697,39282571,128050874,-0.002,0.011,0.037,Domestic
417,417,18,"Aug 10, 2012",The Campaign,95000000,86907746,104907746,18000000,-8092254,-77000000,9907746,-0.002,-0.022,0.003,Domestic
418,418,19,"Nov 12, 2010",Unstoppable,95000000,81562942,165720921,84157979,-13437058,-10842021,70720921,-0.004,-0.003,0.02,Domestic
419,419,20,"May 9, 1997",The Fifth Element,95000000,63570862,263898761,200327899,-31429138,105327899,168898761,-0.009,0.03,0.049,Domestic
420,420,21,"Mar 31, 2000",The Road to El Dorado,95000000,50802661,65700000,14897339,-44197339,-80102661,-29300000,-0.013,-0.023,-0.008,Domestic
421,421,22,"Dec 11, 2009",The Lovely Bones,95000000,44114232,94894448,50780216,-50885768,-44219784,-105552,-0.015,-0.013,-0.0,Domestic
422,422,23,"Aug 19, 2016",Ben-Hur,95000000,26410477,91669648,65259171,-68589523,-29740829,-3330352,-0.02,-0.009,-0.001,Domestic
423,423,24,"Feb 6, 2015",Seventh Son,95000000,17725785,108874967,91149182,-77274215,-3850818,13874967,-0.022,-0.001,0.004,Domestic
424,424,25,"May 30, 2003",Finding Nemo,94000000,380529370,936429370,555900000,286529370,461900000,842429370,0.083,0.133,0.243,Domestic
425,425,26,"Dec 17, 2003",The Lord of the Rings: The Return of the King,94000000,377845905,1141403341,763557436,283845905,669557436,1047403341,0.082,0.193,0.302,Domestic
426,426,27,"Dec 18, 2002",The Lord of the Rings: The Two Towers,94000000,342548984,934699645,592150661,248548984,498150661,840699645,0.072,0.144,0.243,Domestic
427,427,28,"Jun 15, 2001",Lara Croft: Tomb Raider,94000000,131144183,273330185,142186002,37144183,48186002,179330185,0.011,0.014,0.052,Domestic
428,428,29,"Feb 13, 2015",Kingsman: The Secret Service,94000000,128261724,404561724,276300000,34261724,182300000,310561724,0.01,0.053,0.09,Domestic
429,429,30,"Jul 18, 2001",Jurassic Park III,93000000,181166115,365900000,184733885,88166115,91733885,272900000,0.025,0.026,0.079,Domestic
430,430,31,"Aug 5, 2011",Rise of the Planet of the Apes,93000000,176760185,470986200,294226015,83760185,201226015,377986200,0.024,0.058,0.109,Domestic
431,431,32,"Feb 14, 2008",The Spiderwick Chronicles,92500000,71195053,162839667,91644614,-21304947,-855386,70339667,-0.006,-0.0,0.02,Domestic
432,432,33,"Nov 5, 2004",The Incredibles,92000000,261441092,614726752,353285660,169441092,261285660,522726752,0.049,0.075,0.151,Domestic
433,433,34,"Feb 14, 2013",A Good Day to Die Hard,92000000,67349198,304249198,236900000,-24650802,144900000,212249198,-0.007,0.042,0.061,Domestic
434,434,35,"Apr 9, 2004",The Alamo,92000000,22406362,23911362,1505000,-69593638,-90495000,-68088638,-0.02,-0.026,-0.02,Domestic
435,435,36,"Dec 22, 1995",Cutthroat Island,92000000,10017322,18517322,8500000,-81982678,-83500000,-73482678,-0.024,-0.024,-0.021,Domestic
436,436,37,"Dec 25, 2013",The Secret Life of Walter Mitty,91000000,58236838,187861183,129624345,-32763162,38624345,96861183,-0.009,0.011,0.028,Domestic
437,437,38,"Dec 20, 2017",Jumanji: Welcome to the Jungle,90000000,404508916,964496193,559987277,314508916,469987277,874496193,0.091,0.136,0.252,Domestic
438,438,39,"Jul 1, 1997",Men in Black,90000000,250690539,587790539,337100000,160690539,247100000,497790539,0.046,0.071,0.144,Domestic
439,439,40,"Nov 19, 1999",Toy Story 2,90000000,245852179,511358276,265506097,155852179,175506097,421358276,0.045,0.051,0.122,Domestic
440,440,41,"Aug 3, 2001",Rush Hour 2,90000000,226164286,347425832,121261546,136164286,31261546,257425832,0.039,0.009,0.074,Domestic
441,441,42,"Dec 25, 2009",Sherlock Holmes,90000000,209028679,498438212,289409533,119028679,199409533,408438212,0.034,0.058,0.118,Domestic
442,442,43,"Jul 1, 2009",Ice Age: Dawn of the Dinosaurs,90000000,196573705,859701857,663128152,106573705,573128152,769701857,0.031,0.165,0.222,Domestic
443,443,44,"Dec 14, 2018",Spider-Man: Into The Spider-Verse 3D,90000000,190173195,375381768,185208573,100173195,95208573,285381768,0.029,0.027,0.082,Domestic
444,444,45,"Jul 21, 2000",What Lies Beneath,90000000,155464351,288693989,133229638,65464351,43229638,198693989,0.019,0.012,0.057,Domestic
445,445,46,"Apr 15, 2011",Rio,90000000,143619809,487519809,343900000,53619809,253900000,397519809,0.015,0.073,0.115,Domestic
446,446,47,"Oct 6, 2006",The Departed,90000000,132384315,289660619,157276304,42384315,67276304,199660619,0.012,0.019,0.058,Domestic
447,447,48,"Nov 3, 2000",Charlie's Angels,90000000,125305545,259736090,134430545,35305545,44430545,169736090,0.01,0.013,0.049,Domestic
448,448,49,"Jun 19, 1998",Mulan,90000000,120620254,303500000,182879746,30620254,92879746,213500000,0.009,0.027,0.062,Domestic
449,449,50,"Aug 13, 2008",Tropic Thunder,90000000,110515313,191145256,80629943,20515313,-9370057,101145256,0.006,-0.003,0.029,Domestic
450,450,51,"Dec 20, 2011",The Girl with the Dragon Tattoo,90000000,102515793,239373970,136858177,12515793,46858177,149373970,0.004,0.014,0.043,Domestic
451,451,52,"Jul 11, 1997",Contact,90000000,100920329,165900000,64979671,10920329,-25020329,75900000,0.003,-0.007,0.022,Domestic
452,452,53,"Jun 6, 2008",You Don't Mess With the Zohan,90000000,100018837,202910991,102892154,10018837,12892154,112910991,0.003,0.004,0.033,Domestic
453,453,54,"May 19, 1995",Die Hard: With a Vengeance,90000000,100012499,366101666,266089167,10012499,176089167,276101666,0.003,0.051,0.08,Domestic
454,454,55,"Sep 23, 2016",The Magnificent Seven,90000000,93432655,162525156,69092501,3432655,-20907499,72525156,0.001,-0.006,0.021,Domestic
455,455,56,"Dec 18, 2015",Alvin and the Chipmunks: The Road Chip,90000000,85886987,249517956,163630969,-4113013,73630969,159517956,-0.001,0.021,0.046,Domestic
456,456,57,"Jun 8, 2001",Atlantis: The Lost Empire,90000000,84052762,186049020,101996258,-5947238,11996258,96049020,-0.002,0.003,0.028,Domestic
457,457,58,"Dec 25, 2008",Valkyrie,90000000,83107829,203932174,120824345,-6892171,30824345,113932174,-0.002,0.009,0.033,Domestic
458,458,59,"Jul 24, 2015",Pixels,90000000,78765986,244041804,165275818,-11234014,75275818,154041804,-0.003,0.022,0.044,Domestic
459,459,60,"Jun 29, 2001",Artificial Intelligence: AI,90000000,78616689,235900000,157283311,-11383311,67283311,145900000,-0.003,0.019,0.042,Domestic
460,460,61,"Nov 26, 2003",The Haunted Mansion,90000000,75817994,155750628,79932634,-14182006,-10067366,65750628,-0.004,-0.003,0.019,Domestic
461,461,62,"Aug 4, 2000",Hollow Man,90000000,73209340,191200000,117990660,-16790660,27990660,101200000,-0.005,0.008,0.029,Domestic
462,462,63,"Apr 22, 2005",The Interpreter,90000000,72708161,162753837,90045676,-17291839,45676,72753837,-0.005,0.0,0.021,Domestic
463,463,64,"Aug 7, 2013",Percy Jackson: Sea of Monsters,90000000,68559554,200859554,132300000,-21440446,42300000,110859554,-0.006,0.012,0.032,Domestic
464,464,65,"Jul 25, 2003",Lara Croft: Tomb Raider: The Cradle of Life,90000000,65653758,157092943,91439185,-24346242,1439185,67092943,-0.007,0.0,0.019,Domestic
465,465,66,"Jun 10, 2016",Now You See Me 2,90000000,65075540,328325007,263249467,-24924460,173249467,238325007,-0.007,0.05,0.069,Domestic
466,466,67,"Nov 21, 2001",Spy Game,90000000,62362560,143049560,80687000,-27637440,-9313000,53049560,-0.008,-0.003,0.015,Domestic
467,467,68,"Apr 4, 1997",The Saint,90000000,61363304,169400000,108036696,-28636696,18036696,79400000,-0.008,0.005,0.023,Domestic
468,468,69,"Mar 10, 2000",Mission to Mars,90000000,60874615,106000000,45125385,-29125385,-44874615,16000000,-0.008,-0.013,0.005,Domestic
469,469,70,"Mar 16, 2018",Tomb Raider,90000000,58250803,273477501,215226698,-31749197,125226698,183477501,-0.009,0.036,0.053,Domestic
470,470,71,"Dec 17, 1999",Bicentennial Man,90000000,58220776,87420776,29200000,-31779224,-60800000,-2579224,-0.009,-0.018,-0.001,Domestic
471,471,72,"Jul 7, 2004",King Arthur,90000000,51877963,203877963,152000000,-38122037,62000000,113877963,-0.011,0.018,0.033,Domestic
472,472,73,"Apr 25, 1997",Volcano,90000000,47546796,120100000,72553204,-42453204,-17446796,30100000,-0.012,-0.005,0.009,Domestic
473,473,74,"Mar 26, 1997",The Devil's Own,90000000,42885593,140900000,98014407,-47114407,8014407,50900000,-0.014,0.002,0.015,Domestic
474,474,75,"Jul 19, 2002",K-19: The Widowmaker,90000000,35168966,65716126,30547160,-54831034,-59452840,-24283874,-0.016,-0.017,-0.007,Domestic
475,475,76,"Aug 19, 2011",Conan the Barbarian,90000000,21295021,63356133,42061112,-68704979,-47938888,-26643867,-0.02,-0.014,-0.008,Domestic
476,476,77,"Oct 21, 2011",The Three Musketeers,90000000,20377913,139877913,119500000,-69622087,29500000,49877913,-0.02,0.009,0.014,Domestic
477,477,78,"Apr 21, 2017",The Promise,90000000,8224288,10551417,2327129,-81775712,-87672871,-79448583,-0.024,-0.025,-0.023,Domestic
478,478,79,"Nov 24, 2010",The Nutcracker in 3D,90000000,195459,20466016,20270557,-89804541,-69729443,-69533984,-0.026,-0.02,-0.02,Domestic
481,481,82,"May 10, 1996",Twister,88000000,241688385,495700000,254011615,153688385,166011615,407700000,0.044,0.048,0.118,Domestic
482,482,83,"Jun 3, 2005",Cinderella Man,88000000,61649911,105021488,43371577,-26350089,-44628423,17021488,-0.008,-0.013,0.005,Domestic
483,483,84,"Sep 14, 2018",The Predator,88000000,51024708,159487563,108462855,-36975292,20462855,71487563,-0.011,0.006,0.021,Domestic
484,484,85,"Jul 8, 2005",Fantastic Four,87500000,154696080,333132750,178436670,67196080,90936670,245632750,0.019,0.026,0.071,Domestic
485,485,86,"Feb 9, 2001",Hannibal,87000000,165092266,350100280,185008014,78092266,98008014,263100280,0.023,0.028,0.076,Domestic
486,486,87,"Jul 25, 2003",Seabiscuit,86000000,120277854,148715342,28437488,34277854,-57562512,62715342,0.01,-0.017,0.018,Domestic
487,487,88,"Dec 22, 2000",Cast Away,85000000,233632142,427230516,193598374,148632142,108598374,342230516,0.043,0.031,0.099,Domestic
488,488,89,"Nov 17, 2006",Happy Feet,85000000,198000317,385000317,187000000,113000317,102000000,300000317,0.033,0.029,0.087,Domestic
489,489,90,"Dec 7, 2001",Ocean's Eleven,85000000,183417150,450728529,267311379,98417150,182311379,365728529,0.028,0.053,0.106,Domestic
490,490,91,"Jul 23, 2004",The Bourne Supremacy,85000000,176087450,311001124,134913674,91087450,49913674,226001124,0.026,0.014,0.065,Domestic
491,491,92,"Jul 25, 1997",Air Force One,85000000,172956409,315268353,142311944,87956409,57311944,230268353,0.025,0.017,0.066,Domestic
492,492,93,"Apr 3, 2009",Fast & Furious,85000000,155064265,363064265,208000000,70064265,123000000,278064265,0.02,0.036,0.08,Domestic
493,493,94,"Mar 14, 2008",Horton Hears a Who,85000000,154529439,299477886,144948447,69529439,59948447,214477886,0.02,0.017,0.062,Domestic
494,494,95,"Mar 21, 2014",Divergent,85000000,150947895,276014965,125067070,65947895,40067070,191014965,0.019,0.012,0.055,Domestic
495,495,96,"Sep 28, 2012",Hotel Transylvania,85000000,148313048,378505812,230192764,63313048,145192764,293505812,0.018,0.042,0.085,Domestic
496,496,97,"Apr 5, 2019",Shazam!,85000000,139606856,362899733,223292877,54606856,138292877,277899733,0.016,0.04,0.08,Domestic
497,497,98,"Nov 21, 2007",Enchanted,85000000,127706877,340384141,212677264,42706877,127677264,255384141,0.012,0.037,0.074,Domestic
498,498,99,"Feb 10, 2012",Safe House,85000000,126181630,208542162,82360532,41181630,-2639468,123542162,0.012,-0.001,0.036,Domestic
499,499,100,"Jul 20, 2007",I Now Pronounce You Chuck and Larry,85000000,119725280,185708462,65983182,34725280,-19016818,100708462,0.01,-0.005,0.029,Domestic
500,500,1,"Jun 8, 2007",Ocean's Thirteen,85000000,117144465,311744465,194600000,32144465,109600000,226744465,0.009,0.032,0.065,Domestic
501,501,2,"Dec 25, 2009",Itâs Complicated,85000000,112735375,224614744,111879369,27735375,26879369,139614744,0.008,0.008,0.04,Domestic
502,502,3,"Nov 20, 1998",Enemy of the State,85000000,111549836,250649836,139100000,26549836,54100000,165649836,0.008,0.016,0.048,Domestic
503,503,4,"Sep 29, 2006",Open Season,85000000,85105259,191932158,106826899,105259,21826899,106932158,0.0,0.006,0.031,Domestic
504,504,5,"Nov 4, 2011",Tower Heist,85000000,78046570,150422946,72376376,-6953430,-12623624,65422946,-0.002,-0.004,0.019,Domestic
505,505,6,"Nov 22, 2000",102 Dalmatians,85000000,66941559,66941559,0,-18058441,-85000000,-18058441,-0.005,-0.025,-0.005,Domestic
506,506,7,"Mar 30, 2012",Mirror Mirror,85000000,64935167,173613482,108678315,-20064833,23678315,88613482,-0.006,0.007,0.026,Domestic
507,507,8,"Dec 8, 2006",The Holiday,85000000,63280000,205190324,141910324,-21720000,56910324,120190324,-0.006,0.016,0.035,Domestic
508,508,9,"Jun 16, 2006",The Fast and the Furious: Tokyo Drift,85000000,62615510,157794205,95178695,-22384490,10178695,72794205,-0.006,0.003,0.021,Domestic
509,509,10,"Dec 9, 2005",Memoirs of a Geisha,85000000,57010853,161510853,104500000,-27989147,19500000,76510853,-0.008,0.006,0.022,Domestic
510,510,11,"Mar 16, 2001",Enemy at the Gates,85000000,51396781,96971293,45574512,-33603219,-39425488,11971293,-0.01,-0.011,0.003,Domestic
511,511,12,"Jun 18, 1993",Last Action Hero,85000000,50016394,137298489,87282095,-34983606,2282095,52298489,-0.01,0.001,0.015,Domestic
512,512,13,"Sep 26, 2003",The Rundown,85000000,47641743,80831893,33190150,-37358257,-51809850,-4168107,-0.011,-0.015,-0.001,Domestic
513,513,14,"Nov 23, 2011",Arthur Christmas,85000000,46462469,149717124,103254655,-38537531,18254655,64717124,-0.011,0.005,0.019,Domestic
514,514,15,"Jan 20, 2017",xXx: Return of Xander Cage,85000000,44898413,345033359,300134946,-40101587,215134946,260033359,-0.012,0.062,0.075,Domestic
515,515,16,"Nov 13, 1998",Meet Joe Black,85000000,44650003,44650003,0,-40349997,-85000000,-40349997,-0.012,-0.025,-0.012,Domestic
516,516,17,"Jul 30, 2010",Cats & Dogs: The Revenge of Kitty Galore,85000000,43585753,113026383,69440630,-41414247,-15559370,28026383,-0.012,-0.004,0.008,Domestic
517,517,18,"Feb 8, 2002",Collateral Damage,85000000,40048332,78353508,38305176,-44951668,-46694824,-6646492,-0.013,-0.013,-0.002,Domestic
518,518,19,"Mar 15, 2002",Showtime,85000000,37948765,78948765,41000000,-47051235,-44000000,-6051235,-0.014,-0.013,-0.002,Domestic
519,519,20,"Jun 30, 1995",Judge Dredd,85000000,34687912,113487912,78800000,-50312088,-6200000,28487912,-0.015,-0.002,0.008,Domestic
520,520,21,"Mar 2, 2007",Zodiac,85000000,33080084,83080084,50000000,-51919916,-35000000,-1919916,-0.015,-0.01,-0.001,Domestic
521,521,22,"Aug 13, 2010",Scott Pilgrim vs. The World,85000000,31611316,48056764,16445448,-53388684,-68554552,-36943236,-0.015,-0.02,-0.011,Domestic
522,522,23,"Mar 28, 2003",The Core,85000000,31111260,74132631,43021371,-53888740,-41978629,-10867369,-0.016,-0.012,-0.003,Domestic
523,523,24,"May 9, 1997",Father's Day,85000000,28681080,35681080,7000000,-56318920,-78000000,-49318920,-0.016,-0.023,-0.014,Domestic
524,524,25,"Dec 20, 2017",The Greatest Showman,84000000,174340174,386665550,212325376,90340174,128325376,302665550,0.026,0.037,0.087,Domestic
525,525,26,"Jun 14, 2002",Scooby-Doo,84000000,153294164,276294164,123000000,69294164,39000000,192294164,0.02,0.011,0.056,Domestic
526,526,27,"Jul 28, 2000",Nutty Professor II: The Klumps,84000000,123307945,166307945,43000000,39307945,-41000000,82307945,0.011,-0.012,0.024,Domestic
527,527,28,"Jul 19, 2013",RED 2,84000000,53262560,141507355,88244795,-30737440,4244795,57507355,-0.009,0.001,0.017,Domestic
528,528,29,"Jun 23, 2006",Click,82500000,137355633,237685089,100329456,54855633,17829456,155185089,0.016,0.005,0.045,Domestic
529,529,30,"Dec 15, 2006",Charlotte's Web,82500000,82985708,143985708,61000000,485708,-21500000,61485708,0.0,-0.006,0.018,Domestic
530,530,31,"Feb 14, 2008",Jumper,82500000,80172128,222640812,142468684,-2327872,59968684,140140812,-0.001,0.017,0.04,Domestic
531,531,32,"Jul 11, 2008",Hellboy II: The Golden Army,82500000,75986503,160388063,84401560,-6513497,1901560,77888063,-0.002,0.001,0.022,Domestic
532,532,33,"May 27, 2005",The Longest Yard,82000000,158119460,191558505,33439045,76119460,-48560955,109558505,0.022,-0.014,0.032,Domestic
533,533,34,"Aug 13, 2010",The Expendables,82000000,103068524,268268174,165199650,21068524,83199650,186268174,0.006,0.024,0.054,Domestic
534,534,35,"Nov 17, 2000",The 6th Day,82000000,34543701,96024898,61481197,-47456299,-20518803,14024898,-0.014,-0.006,0.004,Domestic
536,536,37,"May 23, 2003",Bruce Almighty,81000000,242704995,484468608,241763613,161704995,160763613,403468608,0.047,0.046,0.116,Domestic
537,537,38,"Mar 23, 2012",The Hunger Games,80000000,408010692,677923379,269912687,328010692,189912687,597923379,0.095,0.055,0.173,Domestic
538,538,39,"May 26, 2011",The Hangover Part II,80000000,254464305,586464305,332000000,174464305,252000000,506464305,0.05,0.073,0.146,Domestic
539,539,40,"May 21, 1996",Mission: Impossible,80000000,180981886,457697994,276716108,100981886,196716108,377697994,0.029,0.057,0.109,Domestic
540,540,41,"Feb 10, 2017",The Lego Batman Movie,80000000,175750384,310660018,134909634,95750384,54909634,230660018,0.028,0.016,0.067,Domestic
541,541,42,"Sep 25, 2015",Hotel Transylvania 2,80000000,169700110,469500298,299800188,89700110,219800188,389500298,0.026,0.063,0.112,Domestic
542,542,43,"Jun 18, 1992",Batman Returns,80000000,162833635,266824291,103990656,82833635,23990656,186824291,0.024,0.007,0.054,Domestic
543,543,44,"May 7, 1999",The Mummy,80000000,155385488,416385488,261000000,75385488,181000000,336385488,0.022,0.052,0.097,Domestic
544,544,45,"May 19, 2006",Over the Hedge,80000000,155019340,343397247,188377907,75019340,108377907,263397247,0.022,0.031,0.076,Domestic
545,545,46,"Jun 21, 2002",Lilo & Stitch,80000000,145771527,245800000,100028473,65771527,20028473,165800000,0.019,0.006,0.048,Domestic
546,546,47,"May 8, 1998",Deep Impact,80000000,140464664,349464664,209000000,60464664,129000000,269464664,0.017,0.037,0.078,Domestic
547,547,48,"Jul 12, 2013",Grown Ups 2,80000000,133668525,247023808,113355283,53668525,33355283,167023808,0.015,0.01,0.048,Domestic
548,548,49,"Dec 16, 2011",Alvin and the Chipmunks: Chipwrecked,80000000,133107389,349088523,215981134,53107389,135981134,269088523,0.015,0.039,0.078,Domestic
549,549,50,"Jun 20, 2008",Get Smart,80000000,130319208,226739416,96420208,50319208,16420208,146739416,0.015,0.005,0.042,Domestic
550,550,51,"Mar 11, 2005",Robots,80000000,128200012,260700012,132500000,48200012,52500000,180700012,0.014,0.015,0.052,Domestic
551,551,52,"Feb 19, 2010",Shutter Island,80000000,128012934,299461782,171448848,48012934,91448848,219461782,0.014,0.026,0.063,Domestic
552,552,53,"Dec 12, 2003",Something's Gotta Give,80000000,124685242,266685242,142000000,44685242,62000000,186685242,0.013,0.018,0.054,Domestic
553,553,54,"Nov 26, 2008",Four Christmases,80000000,120146040,168311558,48165518,40146040,-31834482,88311558,0.012,-0.009,0.025,Domestic
554,554,55,"Jun 27, 1997",Face/Off,80000000,112276146,241200000,128923854,32276146,48923854,161200000,0.009,0.014,0.047,Domestic
555,555,56,"Dec 25, 2008",Bedtime Stories,80000000,110101975,221468935,111366960,30101975,31366960,141468935,0.009,0.009,0.041,Domestic
556,556,57,"Jul 12, 2002",Road to Perdition,80000000,104054514,183354514,79300000,24054514,-700000,103354514,0.007,-0.0,0.03,Domestic
557,557,58,"Feb 11, 2011",Just Go With It,80000000,103028109,214974953,111946844,23028109,31946844,134974953,0.007,0.009,0.039,Domestic
558,558,59,"Feb 14, 2003",Daredevil,80000000,102543518,182782518,80239000,22543518,239000,102782518,0.007,0.0,0.03,Domestic
559,559,60,"Sep 26, 2008",Eagle Eye,80000000,101440743,180585259,79144516,21440743,-855484,100585259,0.006,-0.0,0.029,Domestic
560,560,61,"Jun 6, 1997",Con Air,80000000,101117573,224117573,123000000,21117573,43000000,144117573,0.006,0.012,0.042,Domestic
561,561,62,"Dec 17, 2010",Yogi Bear,80000000,100246011,204774690,104528679,20246011,24528679,124774690,0.006,0.007,0.036,Domestic
562,562,63,"Dec 25, 2003",Cold Mountain,80000000,95632614,165173909,69541295,15632614,-10458705,85173909,0.005,-0.003,0.025,Domestic
563,563,64,"Jan 15, 2010",The Book of Eli,80000000,94835059,158750817,63915758,14835059,-16084242,78750817,0.004,-0.005,0.023,Domestic
564,564,65,"Nov 26, 1997",Flubber,80000000,92993801,177993801,85000000,12993801,5000000,97993801,0.004,0.001,0.028,Domestic
565,565,66,"Jul 23, 1999",The Haunting,80000000,91188905,180188905,89000000,11188905,9000000,100188905,0.003,0.003,0.029,Domestic
566,566,67,"Nov 15, 1996",Space Jam,80000000,90463534,250200000,159736466,10463534,79736466,170200000,0.003,0.023,0.049,Domestic
567,567,68,"Oct 17, 2014",Fury,80000000,85817906,210315681,124497775,5817906,44497775,130315681,0.002,0.013,0.038,Domestic
568,568,69,"Sep 28, 2018",Smallfoot,80000000,83240103,213691277,130451174,3240103,50451174,133691277,0.001,0.015,0.039,Domestic
569,569,70,"Feb 10, 2006",The Pink Panther,80000000,82226474,158926474,76700000,2226474,-3300000,78926474,0.001,-0.001,0.023,Domestic
570,570,71,"Jul 8, 2011",Zookeeper,80000000,80360866,170805525,90444659,360866,10444659,90805525,0.0,0.003,0.026,Domestic
571,571,72,"Dec 12, 2008",The Day the Earth Stood Still,80000000,79366978,237370350,158003372,-633022,78003372,157370350,-0.0,0.023,0.045,Domestic
572,572,73,"Aug 8, 1997",Conspiracy Theory,80000000,76118990,142783718,66664728,-3881010,-13335272,62783718,-0.001,-0.004,0.018,Domestic
573,573,74,"Jun 12, 1998","Six Days, Seven Nights",80000000,74339294,164800000,90460706,-5660706,10460706,84800000,-0.002,0.003,0.024,Domestic
574,574,75,"May 24, 2002",Spirit: Stallion of the Cimarron,80000000,73215310,106515310,33300000,-6784690,-46700000,26515310,-0.002,-0.013,0.008,Domestic
575,575,76,"Jun 8, 2001",Swordfish,80000000,69772969,147080413,77307444,-10227031,-2692556,67080413,-0.003,-0.001,0.019,Domestic
576,576,77,"Dec 31, 1999",Fantasia 2000 (Theatrical Release),80000000,69610858,69618634,7776,-10389142,-79992224,-10381366,-0.003,-0.023,-0.003,Domestic
577,577,78,"Apr 3, 1998",Lost In Space,80000000,69117629,136047317,66929688,-10882371,-13070312,56047317,-0.003,-0.004,0.016,Domestic
578,578,79,"Jul 30, 2004",The Manchurian Candidate,80000000,65948711,96148711,30200000,-14051289,-49800000,16148711,-0.004,-0.014,0.005,Domestic
579,579,80,"Nov 22, 2006",DÃ©jÃ Vu,80000000,64038616,181038616,117000000,-15961384,37000000,101038616,-0.005,0.011,0.029,Domestic
580,580,81,"Jun 7, 2019",The Secret Life of Pets 2,80000000,63795655,113351496,49555841,-16204345,-30444159,33351496,-0.005,-0.009,0.01,Domestic
581,581,82,"Jun 24, 2005",Bewitched,80000000,63313159,131159306,67846147,-16686841,-12153853,51159306,-0.005,-0.004,0.015,Domestic
582,582,83,"Mar 8, 2002",The Time Machine,80000000,56684819,98983590,42298771,-23315181,-37701229,18983590,-0.007,-0.011,0.005,Domestic
583,583,84,"Oct 2, 1998",What Dreams May Come,80000000,55485043,71485043,16000000,-24514957,-64000000,-8514957,-0.007,-0.018,-0.002,Domestic
584,584,85,"Dec 25, 1998",Mighty Joe Young,80000000,50632037,50632037,0,-29367963,-80000000,-29367963,-0.008,-0.023,-0.008,Domestic
585,585,86,"Oct 28, 2005",The Legend of Zorro,80000000,45575336,141475336,95900000,-34424664,15900000,61475336,-0.01,0.005,0.018,Domestic
586,586,87,"Nov 10, 2000",Little Nicky,80000000,39442871,58270391,18827520,-40557129,-61172480,-21729609,-0.012,-0.018,-0.006,Domestic
587,587,88,"Sep 25, 2009",Surrogates,80000000,38577772,119668350,81090578,-41422228,1090578,39668350,-0.012,0.0,0.011,Domestic
588,588,89,"Jun 8, 2001",Evolution,80000000,38311134,98341932,60030798,-41688866,-19969202,18341932,-0.012,-0.006,0.005,Domestic
589,589,90,"Aug 26, 2005",The Brothers Grimm,80000000,37899638,105299638,67400000,-42100362,-12600000,25299638,-0.012,-0.004,0.007,Domestic
590,590,91,"Dec 13, 1996",Mars Attacks!,80000000,37771017,101371017,63600000,-42228983,-16400000,21371017,-0.012,-0.005,0.006,Domestic
591,591,92,"Apr 14, 2006",The Wild,80000000,37384046,99010667,61626621,-42615954,-18373379,19010667,-0.012,-0.005,0.005,Domestic
592,592,93,"Dec 20, 2013",Walking with Dinosaurs,80000000,36076121,123368842,87292721,-43923879,7292721,43368842,-0.013,0.002,0.013,Domestic
593,593,94,"Dec 22, 2000",Thirteen Days,80000000,34566746,66554547,31987801,-45433254,-48012199,-13445453,-0.013,-0.014,-0.004,Domestic
594,594,95,"Dec 6, 1996",Daylight,80000000,32908290,158908290,126000000,-47091710,46000000,78908290,-0.014,0.013,0.023,Domestic
595,595,96,"Oct 23, 2015",The Last Witch Hunter,80000000,27367660,130818912,103451252,-52632340,23451252,50818912,-0.015,0.007,0.015,Domestic
596,596,97,"Feb 21, 2014",Pompeii,80000000,23169033,108469033,85300000,-56830967,5300000,28469033,-0.016,0.002,0.008,Domestic
597,597,98,"May 12, 2000",Battlefield Earth: A Saga of the Year 3000,80000000,21471685,29725663,8253978,-58528315,-71746022,-50274337,-0.017,-0.021,-0.015,Domestic
598,598,99,"Nov 14, 2003",Looney Tunes: Back in Action,80000000,20950820,54540662,33589842,-59049180,-46410158,-25459338,-0.017,-0.013,-0.007,Domestic
599,599,100,"Dec 18, 2009",Nine,80000000,19676965,53508858,33831893,-60323035,-46168107,-26491142,-0.017,-0.013,-0.008,Domestic
600,600,1,"Nov 26, 2003",Timeline,80000000,19480739,26703184,7222445,-60519261,-72777555,-53296816,-0.017,-0.021,-0.015,Domestic
601,601,2,"Apr 22, 2010",Oceans,80000000,19422319,86787530,67365211,-60577681,-12634789,6787530,-0.017,-0.004,0.002,Domestic
602,602,3,"Nov 25, 1998",Babe: Pig in the City,80000000,18319860,69131860,50812000,-61680140,-29188000,-10868140,-0.018,-0.008,-0.003,Domestic
603,603,4,"Dec 25, 1997",The Postman,80000000,17650704,20841123,3190419,-62349296,-76809581,-59158877,-0.018,-0.022,-0.017,Domestic
604,604,5,"Nov 10, 2000",Red Planet,80000000,17480890,33463969,15983079,-62519110,-64016921,-46536031,-0.018,-0.018,-0.013,Domestic
605,605,6,"Jan 12, 2007",Arthur et les Minimoys,80000000,15132763,113325743,98192980,-64867237,18192980,33325743,-0.019,0.005,0.01,Domestic
606,606,7,"Aug 17, 2007",The Invasion,80000000,15074191,40147042,25072851,-64925809,-54927149,-39852958,-0.019,-0.016,-0.012,Domestic
607,607,8,"Sep 2, 2005",A Sound of Thunder,80000000,1900451,6300451,4400000,-78099549,-75600000,-73699549,-0.023,-0.022,-0.021,Domestic
608,608,9,"Jun 15, 1994",The Lion King,79300000,421785283,986214868,564429585,342485283,485129585,906914868,0.099,0.14,0.262,Domestic
609,609,10,"Feb 10, 2012",Journey 2: The Mysterious Island,79000000,103860290,318146162,214285872,24860290,135285872,239146162,0.007,0.039,0.069,Domestic
610,610,11,"Nov 11, 2011",Jack and Jill,79000000,74158157,150519217,76361060,-4841843,-2638940,71519217,-0.001,-0.001,0.021,Domestic
611,611,12,"Dec 21, 2001",A Beautiful Mind,78000000,170708996,317668058,146959062,92708996,68959062,239668058,0.027,0.02,0.069,Domestic
612,612,13,"Sep 27, 2013",Cloudy with a Chance of Meatballs 2,78000000,119793567,274392649,154599082,41793567,76599082,196392649,0.012,0.022,0.057,Domestic
613,613,14,"Oct 4, 2002",Red Dragon,78000000,92955420,206455420,113500000,14955420,35500000,128455420,0.004,0.01,0.037,Domestic
614,614,15,"Mar 5, 2004",Hidalgo,78000000,67286731,108086731,40800000,-10713269,-37200000,30086731,-0.003,-0.011,0.009,Domestic
615,615,16,"Jul 11, 2003",The League of Extraordinary Gentlemen,78000000,66465204,179265204,112800000,-11534796,34800000,101265204,-0.003,0.01,0.029,Domestic
616,616,17,"Aug 20, 2004",Exorcist: The Beginning,78000000,41814863,43957541,2142678,-36185137,-75857322,-34042459,-0.01,-0.022,-0.01,Domestic
618,618,19,"Feb 12, 2016",The Little Prince,77500000,1311213,102028919,100717706,-76188787,23217706,24528919,-0.022,0.007,0.007,Domestic
620,620,21,"Jul 20, 2018",The Equalizer 2,77000000,102084362,190453132,88368770,25084362,11368770,113453132,0.007,0.003,0.033,Domestic
621,621,22,"Jul 3, 2013",Despicable Me 2,76000000,368065385,975216835,607151450,292065385,531151450,899216835,0.084,0.153,0.26,Domestic
622,622,23,"Jun 6, 2003",2 Fast 2 Furious,76000000,127120058,236410607,109290549,51120058,33290549,160410607,0.015,0.01,0.046,Domestic
623,623,24,"Dec 25, 2006",Children of Men,76000000,35552383,69845011,34292628,-40447617,-41707372,-6154989,-0.012,-0.012,-0.002,Domestic
624,624,25,"Jun 30, 2000",The Adventures of Rocky & Bullwinkle,76000000,26000610,35129610,9129000,-49999390,-66871000,-40870390,-0.014,-0.019,-0.012,Domestic
625,625,26,"Jul 8, 2016",The Secret Life of Pets,75000000,368384330,886750534,518366204,293384330,443366204,811750534,0.085,0.128,0.234,Domestic
626,626,27,"Jul 2, 1996",Independence Day,75000000,306169255,817400878,511231623,231169255,436231623,742400878,0.067,0.126,0.214,Domestic
627,627,28,"Nov 9, 2018",Dr. Seussâ The Grinch,75000000,270620950,511002426,240381476,195620950,165381476,436002426,0.056,0.048,0.126,Domestic
628,628,29,"Dec 21, 2016",Sing,75000000,270329045,634454789,364125744,195329045,289125744,559454789,0.056,0.083,0.162,Domestic
629,629,30,"Jun 30, 2017",Despicable Me 3,75000000,264624300,1034727750,770103450,189624300,695103450,959727750,0.055,0.201,0.277,Domestic
630,630,31,"May 22, 1997",The Lost World: Jurassic Park,75000000,229086679,618638999,389552320,154086679,314552320,543638999,0.044,0.091,0.157,Domestic
631,631,32,"Mar 31, 2006",Ice Age: The Meltdown,75000000,195330621,651899282,456568661,120330621,381568661,576899282,0.035,0.11,0.167,Domestic
632,632,33,"May 27, 2005",Madagascar,75000000,193595521,556559566,362964045,118595521,287964045,481559566,0.034,0.083,0.139,Domestic
633,633,34,"Jun 25, 2010",Grown Ups,75000000,162001186,272223430,110222244,87001186,35222244,197223430,0.025,0.01,0.057,Domestic
634,634,35,"Oct 1, 2004",Shark Tale,75000000,161412000,371917043,210505043,86412000,135505043,296917043,0.025,0.039,0.086,Domestic
635,635,36,"Jul 14, 2000",X-Men,75000000,157299717,296872367,139572650,82299717,64572650,221872367,0.024,0.019,0.064,Domestic
636,636,37,"Jun 27, 2008",Wanted,75000000,134508551,342416460,207907909,59508551,132907909,267416460,0.017,0.038,0.077,Domestic
637,637,38,"Jun 7, 1996",The Rock,75000000,134069511,336069511,202000000,59069511,127000000,261069511,0.017,0.037,0.075,Domestic
638,638,39,"Feb 13, 2004",50 First Dates,75000000,120776832,196320329,75543497,45776832,543497,121320329,0.013,0.0,0.035,Domestic
639,639,40,"Jul 20, 2007",Hairspray,75000000,118871849,203035572,84163723,43871849,9163723,128035572,0.013,0.003,0.037,Domestic
640,640,41,"May 31, 2013",Now You See Me,75000000,117723989,342769200,225045211,42723989,150045211,267769200,0.012,0.043,0.077,Domestic
641,641,42,"Dec 15, 2006",Dreamgirls,75000000,103365956,155708695,52342739,28365956,-22657261,80708695,0.008,-0.007,0.023,Domestic
642,642,43,"Aug 3, 2018",Christopher Robin,75000000,99215042,197504758,98289716,24215042,23289716,122504758,0.007,0.007,0.035,Domestic
643,643,44,"Jul 23, 1999",Inspector Gadget,75000000,97387965,97387965,0,22387965,-75000000,22387965,0.006,-0.022,0.006,Domestic
644,644,45,"Nov 11, 2011",Immortals,75000000,83504017,211562435,128058418,8504017,53058418,136562435,0.002,0.015,0.039,Domestic
645,645,46,"Jun 18, 2004",The Terminal,75000000,77073959,218673959,141600000,2073959,66600000,143673959,0.001,0.019,0.041,Domestic
646,646,47,"Feb 18, 2005",Constantine,75000000,75976178,221594911,145618733,976178,70618733,146594911,0.0,0.02,0.042,Domestic
647,647,48,"Jul 21, 2006",Monster House,75000000,73661010,141267370,67606360,-1338990,-7393640,66267370,-0.0,-0.002,0.019,Domestic
648,648,49,"Dec 8, 2000",Vertical Limit,75000000,68473360,213500000,145026640,-6526640,70026640,138500000,-0.002,0.02,0.04,Domestic
649,649,50,"Dec 21, 2007",Charlie Wilson's War,75000000,66661095,119512771,52851676,-8338905,-22148324,44512771,-0.002,-0.006,0.013,Domestic
650,650,51,"Apr 16, 1999",Life,75000000,64062587,73521587,9459000,-10937413,-65541000,-1478413,-0.003,-0.019,-0.0,Domestic
651,651,52,"Mar 4, 2005",Be Cool,75000000,55849401,94944017,39094616,-19150599,-35905384,19944017,-0.006,-0.01,0.006,Domestic
652,652,53,"Dec 23, 2005",Munich,75000000,47379090,131492772,84113682,-27620910,9113682,56492772,-0.008,0.003,0.016,Domestic
653,653,54,"Jun 4, 2010",Killers,75000000,47059963,95572749,48512786,-27940037,-26487214,20572749,-0.008,-0.008,0.006,Domestic
654,654,55,"Aug 14, 2015",The Man From U.N.C.L.E.,75000000,45445109,104949584,59504475,-29554891,-15495525,29949584,-0.009,-0.004,0.009,Domestic
655,655,56,"Mar 7, 2003",Tears of the Sun,75000000,43632458,85632458,42000000,-31367542,-33000000,10632458,-0.009,-0.01,0.003,Domestic
656,656,57,"Jul 21, 2006",Lady in the Water,75000000,42285169,72785169,30500000,-32714831,-44500000,-2214831,-0.009,-0.013,-0.001,Domestic
657,657,58,"Dec 17, 2004",Spanglish,75000000,42044321,54344321,12300000,-32955679,-62700000,-20655679,-0.01,-0.018,-0.006,Domestic
658,658,59,"Oct 12, 2001",Bandits,75000000,41523271,71523271,30000000,-33476729,-45000000,-3476729,-0.01,-0.013,-0.001,Domestic
659,659,60,"Dec 17, 1999",Anna and the King,75000000,39251128,39251128,0,-35748872,-75000000,-35748872,-0.01,-0.022,-0.01,Domestic
660,660,61,"Jul 7, 1995",First Knight,75000000,37361412,127361412,90000000,-37638588,15000000,52361412,-0.011,0.004,0.015,Domestic
661,661,62,"Mar 25, 2011",Sucker Punch,75000000,36392502,89758389,53365887,-38607498,-21634113,14758389,-0.011,-0.006,0.004,Domestic
662,662,63,"Mar 11, 2005",Hostage,75000000,34636443,77636443,43000000,-40363557,-32000000,2636443,-0.012,-0.009,0.001,Domestic
663,663,64,"Oct 28, 2016",Inferno,75000000,34343574,219519367,185175793,-40656426,110175793,144519367,-0.012,0.032,0.042,Domestic
664,664,65,"Jun 13, 2003",Hollywood Homicide,75000000,30207785,50409753,20201968,-44792215,-54798032,-24590247,-0.013,-0.016,-0.007,Domestic
665,665,66,"Jun 16, 2000",Titan A.E.,75000000,22751979,36751979,14000000,-52248021,-61000000,-38248021,-0.015,-0.018,-0.011,Domestic
666,666,67,"Dec 17, 2004",Flight of the Phoenix,75000000,21009180,34009180,13000000,-53990820,-62000000,-40990820,-0.016,-0.018,-0.012,Domestic
667,667,68,"Oct 23, 1998",Soldier,75000000,14623082,14623082,0,-60376918,-75000000,-60376918,-0.017,-0.022,-0.017,Domestic
668,668,69,"Jan 15, 1999",Virus,75000000,14010690,30626690,16616000,-60989310,-58384000,-44373310,-0.018,-0.017,-0.013,Domestic
669,669,70,"Feb 23, 2001",Monkeybone,75000000,5409517,5409517,0,-69590483,-75000000,-69590483,-0.02,-0.022,-0.02,Domestic
672,672,73,"Jul 10, 2015",Minions,74000000,336045770,1160336173,824290403,262045770,750290403,1086336173,0.076,0.217,0.314,Domestic
673,673,74,"Feb 6, 2015",The SpongeBob Movie: Sponge Out of Water,74000000,162994032,311013181,148019149,88994032,74019149,237013181,0.026,0.021,0.068,Domestic
674,674,75,"Nov 22, 2000",Unbreakable,73243106,94999143,248099143,153100000,21756037,79856894,174856037,0.006,0.023,0.05,Domestic
675,675,76,"Aug 4, 2006",Talladega Nights: The Ballad of Ricky Bobby,73000000,148213377,162870525,14657148,75213377,-58342852,89870525,0.022,-0.017,0.026,Domestic
676,676,77,"May 20, 2016",The Angry Birds Movie,73000000,107509366,352327887,244818521,34509366,171818521,279327887,0.01,0.05,0.081,Domestic
677,677,78,"Aug 7, 1998",Snake Eyes,73000000,55591409,103891409,48300000,-17408591,-24700000,30891409,-0.005,-0.007,0.009,Domestic
678,678,79,"Feb 13, 1998",Sphere,73000000,37068294,50168294,13100000,-35931706,-59900000,-22831706,-0.01,-0.017,-0.007,Domestic
679,679,80,"Jul 27, 2007",The Simpsons Movie,72500000,183135014,527071022,343936008,110635014,271436008,454571022,0.032,0.078,0.131,Domestic
680,680,81,"Feb 8, 2008",Fool's Gold,72500000,70231041,109362966,39131925,-2268959,-33368075,36862966,-0.001,-0.01,0.011,Domestic
681,681,82,"Jul 31, 2009",Funny People,72500000,51855045,71880305,20025260,-20644955,-52474740,-619695,-0.006,-0.015,-0.0,Domestic
682,682,83,"Sep 28, 2007",The Kingdom,72500000,47467250,86509602,39042352,-25032750,-33457648,14009602,-0.007,-0.01,0.004,Domestic
683,683,84,"Jun 22, 2001",Dr. Dolittle 2,72000000,112950721,176101721,63151000,40950721,-8849000,104101721,0.012,-0.003,0.03,Domestic
684,684,85,"May 24, 1995",Braveheart,72000000,75545647,209045244,133499597,3545647,61499597,137045244,0.001,0.018,0.04,Domestic
685,685,86,"Nov 4, 2005",Jarhead,72000000,62647540,96947540,34300000,-9352460,-37700000,24947540,-0.003,-0.011,0.007,Domestic
686,686,87,"Apr 27, 2001",Driven,72000000,32616869,54616869,22000000,-39383131,-50000000,-17383131,-0.011,-0.014,-0.005,Domestic
687,687,88,"Dec 21, 2001",The Majestic,72000000,27796042,37306334,9510292,-44203958,-62489708,-34693666,-0.013,-0.018,-0.01,Domestic
688,688,89,"Jun 25, 2004",Two Brothers,72000000,19176754,62176754,43000000,-52823246,-29000000,-9823246,-0.015,-0.008,-0.003,Domestic
689,689,90,"Jul 30, 2004",The Village,71682975,114197520,257641634,143444114,42514545,71761139,185958659,0.012,0.021,0.054,Domestic
690,690,91,"Jun 26, 1998",Doctor Dolittle,71500000,144156605,294156605,150000000,72656605,78500000,222656605,0.021,0.023,0.064,Domestic
691,691,92,"Aug 2, 2002",Signs,70702619,227969295,408269295,180300000,157266676,109597381,337566676,0.045,0.032,0.097,Domestic
692,692,93,"May 19, 2004",Shrek 2,70000000,441226247,937008132,495781885,371226247,425781885,867008132,0.107,0.123,0.25,Domestic
693,693,94,"Jun 9, 2006",Cars,70000000,244082982,461651246,217568264,174082982,147568264,391651246,0.05,0.043,0.113,Domestic
694,694,95,"Dec 23, 2009",Alvin and the Chipmunks: The Squeakquel,70000000,219614612,443483213,223868601,149614612,153868601,373483213,0.043,0.044,0.108,Domestic
695,695,96,"Jun 22, 1988",Who Framed Roger Rabbit?,70000000,154112492,351500000,197387508,84112492,127387508,281500000,0.024,0.037,0.081,Domestic
696,696,97,"Jul 30, 1999",Runaway Bride,70000000,152257509,310138178,157880669,82257509,87880669,240138178,0.024,0.025,0.069,Domestic
697,697,98,"Aug 9, 2002",xXx,70000000,141930000,267200000,125270000,71930000,55270000,197200000,0.021,0.016,0.057,Domestic
698,698,99,"Jun 8, 2018",Oceanâs 8,70000000,140218711,297115976,156897265,70218711,86897265,227115976,0.02,0.025,0.066,Domestic
699,699,100,"Nov 8, 1996",Ransom,70000000,136492681,308700000,172207319,66492681,102207319,238700000,0.019,0.03,0.069,Domestic
700,700,1,"Aug 21, 2009",Inglourious Basterds,70000000,120774594,316915264,196140670,50774594,126140670,246915264,0.015,0.036,0.071,Domestic
701,701,2,"Dec 11, 1991",Hook,70000000,119654823,300854823,181200000,49654823,111200000,230854823,0.014,0.032,0.067,Domestic
702,702,3,"Jul 3, 1990",Die Hard 2,70000000,117323878,239814025,122490147,47323878,52490147,169814025,0.014,0.015,0.049,Domestic
703,703,4,"Aug 8, 2003",S.W.A.T.,70000000,116877597,207154748,90277151,46877597,20277151,137154748,0.014,0.006,0.04,Domestic
704,704,5,"Nov 10, 2017",Daddyâs Home 2,70000000,104029443,175807183,71777740,34029443,1777740,105807183,0.01,0.001,0.031,Domestic
705,705,6,"Nov 19, 1999",Sleepy Hollow,70000000,101068340,207068340,106000000,31068340,36000000,137068340,0.009,0.01,0.04,Domestic
706,706,7,"Dec 14, 2001",Vanilla Sky,70000000,100614858,202726605,102111747,30614858,32111747,132726605,0.009,0.009,0.038,Domestic
707,707,8,"Jun 13, 1997",Hercules,70000000,99112101,250700000,151587899,29112101,81587899,180700000,0.008,0.024,0.052,Domestic
708,708,9,"Mar 22, 2013",Olympus Has Fallen,70000000,98927592,172878928,73951336,28927592,3951336,102878928,0.008,0.001,0.03,Domestic
709,709,10,"Mar 11, 2011",Battle: Los Angeles,70000000,83552429,213463976,129911547,13552429,59911547,143463976,0.004,0.017,0.041,Domestic
710,710,11,"Aug 13, 2004",AVP: Alien Vs. Predator,70000000,80281096,172543519,92262423,10281096,22262423,102543519,0.003,0.006,0.03,Domestic
711,711,12,"Dec 25, 2011",War Horse,70000000,79883359,156815529,76932170,9883359,6932170,86815529,0.003,0.002,0.025,Domestic
712,712,13,"Mar 1, 2002",We Were Soldiers,70000000,78120196,114658262,36538066,8120196,-33461934,44658262,0.002,-0.01,0.013,Domestic
713,713,14,"Feb 7, 2014",The Monuments Men,70000000,78031620,158702748,80671128,8031620,10671128,88702748,0.002,0.003,0.026,Domestic
714,714,15,"Sep 23, 2016",Storks,70000000,72679278,183353431,110674153,2679278,40674153,113353431,0.001,0.012,0.033,Domestic
715,715,16,"Dec 11, 1998",Star Trek: Insurrection,70000000,70187658,117800000,47612342,187658,-22387658,47800000,0.0,-0.006,0.014,Domestic
716,716,17,"Dec 10, 2003",Big Fish,70000000,66432867,123954323,57521456,-3567133,-12478544,53954323,-0.001,-0.004,0.016,Domestic
717,717,18,"Jun 17, 1994",Wolf,70000000,65011757,131011757,66000000,-4988243,-4000000,61011757,-0.001,-0.001,0.018,Domestic
718,718,19,"Jan 20, 2012",Underworld: Awakening,70000000,62321039,160379930,98058891,-7678961,28058891,90379930,-0.002,0.008,0.026,Domestic
719,719,20,"Sep 22, 2017",The Lego Ninjago Movie,70000000,59281555,122737201,63455646,-10718445,-6544354,52737201,-0.003,-0.002,0.015,Domestic
720,720,21,"Oct 10, 2014",Dracula Untold,70000000,55991880,220241723,164249843,-14008120,94249843,150241723,-0.004,0.027,0.043,Domestic
721,721,22,"Sep 29, 2006",The Guardian,70000000,55011732,94973540,39961808,-14988268,-30038192,24973540,-0.004,-0.009,0.007,Domestic
722,722,23,"Aug 9, 1989",The Abyss,70000000,54243125,54243125,0,-15756875,-70000000,-15756875,-0.005,-0.02,-0.005,Domestic
723,723,24,"Sep 24, 2010",Wall Street 2: Money Never Sleeps,70000000,52474616,137431619,84957003,-17525384,14957003,67431619,-0.005,0.004,0.019,Domestic
724,724,25,"Jan 14, 2011",The Dilemma,70000000,48475290,70546865,22071575,-21524710,-47928425,546865,-0.006,-0.014,0.0,Domestic
725,725,26,"Dec 25, 2005",Rumor Has It,70000000,42996140,88933562,45937422,-27003860,-24062578,18933562,-0.008,-0.007,0.005,Domestic
726,726,27,"Nov 6, 1998",The Siege,70000000,40934175,116625798,75691623,-29065825,5691623,46625798,-0.008,0.002,0.013,Domestic
727,727,28,"Aug 10, 2007",Stardust,70000000,38634938,137022245,98387307,-31365062,28387307,67022245,-0.009,0.008,0.019,Domestic
728,728,29,"Jun 15, 2012",Rock of Ages,70000000,38518613,61031932,22513319,-31481387,-47486681,-8968068,-0.009,-0.014,-0.003,Domestic
729,729,30,"Oct 8, 1997",Seven Years in Tibet,70000000,37945884,131445884,93500000,-32054116,23500000,61445884,-0.009,0.007,0.018,Domestic
730,730,31,"Sep 17, 2004",Sky Captain and the World of Tomorrow,70000000,37760080,49730854,11970774,-32239920,-58029226,-20269146,-0.009,-0.017,-0.006,Domestic
731,731,32,"Sep 14, 2007",The Brave One,70000000,36793804,69792704,32998900,-33206196,-37001100,-207296,-0.01,-0.011,-0.0,Domestic
732,732,33,"Nov 1, 2002",I Spy,70000000,33561137,60279822,26718685,-36438863,-43281315,-9720178,-0.011,-0.012,-0.003,Domestic
733,733,34,"Jun 7, 2002",Bad Company,70000000,30157016,69157016,39000000,-39842984,-31000000,-842984,-0.012,-0.009,-0.0,Domestic
734,734,35,"Oct 21, 2005",Doom,70000000,28212337,58757178,30544841,-41787663,-39455159,-11242822,-0.012,-0.011,-0.003,Domestic
735,735,36,"Jan 29, 2016",The Finest Hours,70000000,27569558,49252761,21683203,-42430442,-48316797,-20747239,-0.012,-0.014,-0.006,Domestic
736,736,37,"Oct 18, 2013",Escape Plan,70000000,25135965,103735965,78600000,-44864035,8600000,33735965,-0.013,0.002,0.01,Domestic
737,737,38,"Sep 23, 2011",Killer Elite,70000000,25124986,65409046,40284060,-44875014,-29715940,-4590954,-0.013,-0.009,-0.001,Domestic
738,738,39,"Jan 16, 1998",Hard Rain,70000000,19870567,19870567,0,-50129433,-70000000,-50129433,-0.014,-0.02,-0.014,Domestic
739,739,40,"Feb 15, 2002",Hart's War,70000000,19076815,33076815,14000000,-50923185,-56000000,-36923185,-0.015,-0.016,-0.011,Domestic
740,740,41,"Feb 8, 2002",Rollerball,70000000,18990542,25852508,6861966,-51009458,-63138034,-44147492,-0.015,-0.018,-0.013,Domestic
741,741,42,"Jan 10, 2014",The Legend of Hercules,70000000,18848538,58953319,40104781,-51151462,-29895219,-11046681,-0.015,-0.009,-0.003,Domestic
742,742,43,"Apr 27, 2007",Next,70000000,18211013,73591500,55380487,-51788987,-14619513,3591500,-0.015,-0.004,0.001,Domestic
743,743,44,"Sep 20, 2002",Ballistic: Ecks vs. Sever,70000000,14294842,14294842,0,-55705158,-70000000,-55705158,-0.016,-0.02,-0.016,Domestic
744,744,45,"Aug 10, 2001",Osmosis Jones,70000000,13596911,13596911,0,-56403089,-70000000,-56403089,-0.016,-0.02,-0.016,Domestic
745,745,46,"May 9, 2014",Legends of Oz: Dorothyâs Return,70000000,8462347,20107933,11645586,-61537653,-58354414,-49892067,-0.018,-0.017,-0.014,Domestic
746,746,47,"Jan 16, 2015",Blackhat,70000000,8005980,19665004,11659024,-61994020,-58340976,-50334996,-0.018,-0.017,-0.015,Domestic
747,747,48,"Mar 31, 2006",Basic Instinct 2,70000000,5946136,35417162,29471026,-64053864,-40528974,-34582838,-0.018,-0.012,-0.01,Domestic
748,748,49,"May 28, 2010",Agora,70000000,619423,38992292,38372869,-69380577,-31627131,-31007708,-0.02,-0.009,-0.009,Domestic
749,749,50,"Jul 9, 2010",Despicable Me,69000000,251513985,543464573,291950588,182513985,222950588,474464573,0.053,0.064,0.137,Domestic
750,750,51,"Jul 30, 2010",Dinner for Schmucks,69000000,73026337,86796502,13770165,4026337,-55229835,17796502,0.001,-0.016,0.005,Domestic
751,751,52,"Mar 2, 2018",Red Sparrow,69000000,46874505,145951861,99077356,-22125495,30077356,76951861,-0.006,0.009,0.022,Domestic
752,752,53,"Jun 30, 2010",The Twilight Saga: Eclipse,68000000,300531751,706102828,405571077,232531751,337571077,638102828,0.067,0.097,0.184,Domestic
753,753,54,"May 31, 2002",The Sum of All Fears,68000000,118471320,193500000,75028680,50471320,7028680,125500000,0.015,0.002,0.036,Domestic
754,754,55,"Jun 26, 2015",Ted 2,68000000,81476385,217214143,135737758,13476385,67737758,149214143,0.004,0.02,0.043,Domestic
755,755,56,"Jul 13, 2001",The Score,68000000,71069884,113542091,42472207,3069884,-25527793,45542091,0.001,-0.007,0.013,Domestic
756,756,57,"Feb 25, 2011",Hall Pass,68000000,45060734,87173475,42112741,-22939266,-25887259,19173475,-0.007,-0.007,0.006,Domestic
757,757,58,"Nov 22, 1995",Money Train,68000000,35324232,77224232,41900000,-32675768,-26100000,9224232,-0.009,-0.008,0.003,Domestic
758,758,59,"Mar 21, 2003",Dreamcatcher,68000000,33685268,75685268,42000000,-34314732,-26000000,7685268,-0.01,-0.008,0.002,Domestic
759,759,60,"Aug 6, 1999",Mystery Men,68000000,29762011,33462011,3700000,-38237989,-64300000,-34537989,-0.011,-0.019,-0.01,Domestic
760,760,61,"Nov 5, 1999",The Insider,68000000,28965197,60265197,31300000,-39034803,-36700000,-7734803,-0.011,-0.011,-0.002,Domestic
761,761,62,"Dec 22, 2017",Downsizing,68000000,24449754,54462971,30013217,-43550246,-37986783,-13537029,-0.013,-0.011,-0.004,Domestic
762,762,63,"Mar 2, 2012",Doctor Seuss' The Lorax,67500000,214030500,350976753,136946253,146530500,69446253,283476753,0.042,0.02,0.082,Domestic
763,763,64,"Oct 10, 2008",Body of Lies,67500000,39394666,118556530,79161864,-28105334,11661864,51056530,-0.008,0.003,0.015,Domestic
764,764,65,"Jun 22, 2012",Abraham Lincoln: Vampire Hunter,67500000,37519139,137489730,99970591,-29980861,32470591,69989730,-0.009,0.009,0.02,Domestic
765,765,66,"Sep 20, 1996",Last Man Standing,67000000,18115927,18115927,0,-48884073,-67000000,-48884073,-0.014,-0.019,-0.014,Domestic
766,766,67,"Aug 17, 2007",The Last Legion,67000000,5932060,25357771,19425711,-61067940,-47574289,-41642229,-0.018,-0.014,-0.012,Domestic
767,767,68,"Apr 30, 1999",Entrapment,66000000,87707396,211700000,123992604,21707396,57992604,145700000,0.006,0.017,0.042,Domestic
768,768,69,"Jun 19, 1998",The X Files: Fight the Future,66000000,83898313,189176423,105278110,17898313,39278110,123176423,0.005,0.011,0.036,Domestic
769,769,70,"Mar 14, 2014",Need for Speed,66000000,43568507,194169619,150601112,-22431493,84601112,128169619,-0.006,0.024,0.037,Domestic
770,770,71,"Jul 24, 1998",Saving Private Ryan,65000000,216335085,485035085,268700000,151335085,203700000,420035085,0.044,0.059,0.121,Domestic
771,771,72,"Dec 15, 2000",What Women Want,65000000,182805123,374105123,191300000,117805123,126300000,309105123,0.034,0.036,0.089,Domestic
772,772,73,"Nov 9, 2012",Lincoln,65000000,182207973,273346281,91138308,117207973,26138308,208346281,0.034,0.008,0.06,Domestic
773,773,74,"Mar 15, 2002",Ice Age,65000000,176387405,386116343,209728938,111387405,144728938,321116343,0.032,0.042,0.093,Domestic
774,774,75,"Jun 30, 1995",Apollo 13,65000000,173772767,335802271,162029504,108772767,97029504,270802271,0.031,0.028,0.078,Domestic
775,775,76,"Mar 31, 1999",The Matrix,65000000,171479930,463517383,292037453,106479930,227037453,398517383,0.031,0.066,0.115,Domestic
776,776,77,"Jul 13, 2018",Hotel Transylvania 3: Summer Vacation,65000000,167500092,527079962,359579870,102500092,294579870,462079962,0.03,0.085,0.133,Domestic
777,777,78,"Dec 25, 2012",Les Miserables,65000000,148809770,442169052,293359282,83809770,228359282,377169052,0.024,0.066,0.109,Domestic
778,778,79,"Nov 1, 2002",The Santa Clause 2,65000000,139225854,172825854,33600000,74225854,-31400000,107825854,0.021,-0.009,0.031,Domestic
779,779,80,"Jun 1, 1990",Total Recall,65000000,119394839,261400000,142005161,54394839,77005161,196400000,0.016,0.022,0.057,Domestic
780,780,81,"Dec 18, 1998",You've Got Mail,65000000,115821495,250800000,134978505,50821495,69978505,185800000,0.015,0.02,0.054,Domestic
781,781,82,"Dec 25, 2014",Unbroken,65000000,115637895,163527824,47889929,50637895,-17110071,98527824,0.015,-0.005,0.028,Domestic
782,782,83,"Jun 5, 2015",Spy!,65000000,110825712,232585748,121760036,45825712,56760036,167585748,0.013,0.016,0.048,Domestic
783,783,84,"Nov 5, 2010",Due Date,65000000,100539043,211739043,111200000,35539043,46200000,146739043,0.01,0.013,0.042,Domestic
784,784,85,"Jul 25, 2008",Step Brothers,65000000,100468793,128468793,28000000,35468793,-37000000,63468793,0.01,-0.011,0.018,Domestic
785,785,86,"Dec 15, 1995",Jumanji,65000000,100458310,262758310,162300000,35458310,97300000,197758310,0.01,0.028,0.057,Domestic
786,786,87,"Jul 17, 1998",The Mask of Zorro,65000000,93828745,233700000,139871255,28828745,74871255,168700000,0.008,0.022,0.049,Domestic
787,787,88,"Aug 4, 2000",Space Cowboys,65000000,90454043,128874043,38420000,25454043,-26580000,63874043,0.007,-0.008,0.018,Domestic
788,788,89,"Dec 19, 2014",Annie,65000000,85911262,139829625,53918363,20911262,-11081637,74829625,0.006,-0.003,0.022,Domestic
789,789,90,"May 28, 1993",Cliffhanger,65000000,84049211,255000000,170950789,19049211,105950789,190000000,0.006,0.031,0.055,Domestic
790,790,91,"Aug 12, 2016",Peteâs Dragon,65000000,76233151,137768975,61535824,11233151,-3464176,72768975,0.003,-0.001,0.021,Domestic
791,791,92,"Feb 9, 1996",Broken Arrow,65000000,70645997,148345997,77700000,5645997,12700000,83345997,0.002,0.004,0.024,Domestic
792,792,93,"Aug 9, 2006",World Trade Center,65000000,70278893,163295654,93016761,5278893,28016761,98295654,0.002,0.008,0.028,Domestic
793,793,94,"Jul 7, 2000",The Kid,65000000,69688384,69688384,0,4688384,-65000000,4688384,0.001,-0.019,0.001,Domestic
794,794,95,"Dec 19, 2003",Mona Lisa Smile,65000000,63803100,141205169,77402069,-1196900,12402069,76205169,-0.0,0.004,0.022,Domestic
795,795,96,"May 16, 2012",The Dictator,65000000,59650222,180148897,120498675,-5349778,55498675,115148897,-0.002,0.016,0.033,Domestic
796,796,97,"Jul 16, 1999",Eyes Wide Shut,65000000,55691208,104267443,48576235,-9308792,-16423765,39267443,-0.003,-0.005,0.011,Domestic
797,797,98,"Feb 17, 2012",This Means War,65000000,54760791,156974557,102213766,-10239209,37213766,91974557,-0.003,0.011,0.027,Domestic
798,798,99,"Feb 27, 2015",Focus,65000000,53862963,168065700,114202737,-11137037,49202737,103065700,-0.003,0.014,0.03,Domestic
799,799,100,"Dec 8, 2004",Blade: Trinity,65000000,52397389,131353165,78955776,-12602611,13955776,66353165,-0.004,0.004,0.019,Domestic
800,800,1,"Nov 21, 2012",Red Dawn,65000000,44806783,48164150,3357367,-20193217,-61642633,-16835850,-0.006,-0.018,-0.005,Domestic
801,801,2,"Dec 22, 2006",We Are Marshall,65000000,43545364,43545364,0,-21454636,-65000000,-21454636,-0.006,-0.019,-0.006,Domestic
802,802,3,"Sep 18, 2015",Everest,65000000,43482270,221297061,177814791,-21517730,112814791,156297061,-0.006,0.033,0.045,Domestic
803,803,4,"Sep 14, 2012",Resident Evil: Retribution,65000000,42345531,240647629,198302098,-22654469,133302098,175647629,-0.007,0.038,0.051,Domestic
804,804,5,"Mar 20, 1998",Primary Colors,65000000,39017984,39017984,0,-25982016,-65000000,-25982016,-0.008,-0.019,-0.008,Domestic
805,805,6,"Oct 15, 1999",Fight Club,65000000,37030102,100851705,63821603,-27969898,-1178397,35851705,-0.008,-0.0,0.01,Domestic
806,806,7,"Aug 22, 2008",Death Race,65000000,36316032,72516819,36200787,-28683968,-28799213,7516819,-0.008,-0.008,0.002,Domestic
807,807,8,"Oct 11, 1996",The Long Kiss Goodnight,65000000,33447612,33447612,0,-31552388,-65000000,-31552388,-0.009,-0.019,-0.009,Domestic
808,808,9,"Dec 8, 2000",Proof of Life,65000000,32598931,62761005,30162074,-32401069,-34837926,-2238995,-0.009,-0.01,-0.001,Domestic
809,809,10,"Nov 11, 2005",Zathura,65000000,28045540,58545540,30500000,-36954460,-34500000,-6454460,-0.011,-0.01,-0.002,Domestic
810,810,11,"Nov 26, 2003",The Missing,65000000,26900336,38253433,11353097,-38099664,-53646903,-26746567,-0.011,-0.015,-0.008,Domestic
811,811,12,"Jan 14, 2005",Elektra,65000000,24409722,56824633,32414911,-40590278,-32585089,-8175367,-0.012,-0.009,-0.002,Domestic
812,812,13,"Oct 23, 2009",Astro Boy,65000000,19551067,41636243,22085176,-45448933,-42914824,-23363757,-0.013,-0.012,-0.007,Domestic
813,813,14,"Jan 24, 2014","I, Frankenstein",65000000,19075290,74575290,55500000,-45924710,-9500000,9575290,-0.013,-0.003,0.003,Domestic
814,814,15,"May 24, 1991",Hudson Hawk,65000000,17218916,17218916,0,-47781084,-65000000,-47781084,-0.014,-0.019,-0.014,Domestic
815,815,16,"Aug 22, 2014",Sin City: A Dame to Kill For,65000000,13757804,40650842,26893038,-51242196,-38106962,-24349158,-0.015,-0.011,-0.007,Domestic
816,816,17,"Dec 25, 2016",Live by Night,65000000,10378555,21774432,11395877,-54621445,-53604123,-43225568,-0.016,-0.015,-0.012,Domestic
817,817,18,"Oct 27, 2000",Lucky Numbers,65000000,10014234,10014234,0,-54985766,-65000000,-54985766,-0.016,-0.019,-0.016,Domestic
818,818,19,"Sep 23, 2005",Oliver Twist,65000000,2070920,26670920,24600000,-62929080,-40400000,-38329080,-0.018,-0.012,-0.011,Domestic
819,819,20,"Sep 4, 2015",Tian jiang xiong shi,65000000,74070,122519874,122445804,-64925930,57445804,57519874,-0.019,0.017,0.017,Domestic
821,821,22,"Jul 14, 2006",Little Man,64000000,58636047,101636047,43000000,-5363953,-21000000,37636047,-0.002,-0.006,0.011,Domestic
822,822,23,"Oct 8, 1999",Random Hearts,64000000,31054924,63200000,32145076,-32945076,-31854924,-800000,-0.01,-0.009,-0.0,Domestic
823,823,24,"Dec 27, 2006",Perfume: The Story of a Murderer,63700000,2223293,133603463,131380170,-61476707,67680170,69903463,-0.018,0.02,0.02,Domestic
824,824,25,"Jun 11, 1993",Jurassic Park,63000000,395708305,1038812584,643104279,332708305,580104279,975812584,0.096,0.167,0.282,Domestic
825,825,26,"Jul 25, 2002",Austin Powers in Goldmember,63000000,213117789,296338663,83220874,150117789,20220874,233338663,0.043,0.006,0.067,Domestic
826,826,27,"Apr 1, 2011",Hop,63000000,108085305,188657593,80572288,45085305,17572288,125657593,0.013,0.005,0.036,Domestic
827,827,28,"Sep 15, 2017",American Assassin,63000000,36249674,68310140,32060466,-26750326,-30939534,5310140,-0.008,-0.009,0.002,Domestic
828,828,29,"Jun 24, 1994",Wyatt Earp,63000000,25052000,25052000,0,-37948000,-63000000,-37948000,-0.011,-0.018,-0.011,Domestic
829,829,30,"Aug 3, 1994",Clear and Present Danger,62000000,122012656,207500000,85487344,60012656,23487344,145500000,0.017,0.007,0.042,Domestic
830,830,31,"Apr 21, 2000",U-571,62000000,77086030,127630030,50544000,15086030,-11456000,65630030,0.004,-0.003,0.019,Domestic
831,831,32,"Nov 17, 1995",The American President,62000000,60022813,107822813,47800000,-1977187,-14200000,45822813,-0.001,-0.004,0.013,Domestic
832,832,33,"Dec 25, 2015",The Hateful Eight,62000000,54117416,147864886,93747470,-7882584,31747470,85864886,-0.002,0.009,0.025,Domestic
833,833,34,"Jun 20, 2008",The Love Guru,62000000,32235793,40159017,7923224,-29764207,-54076776,-21840983,-0.009,-0.016,-0.006,Domestic
834,834,35,"Feb 23, 2001",3000 Miles to Graceland,62000000,15738632,18708848,2970216,-46261368,-59029784,-43291152,-0.013,-0.017,-0.012,Domestic
835,835,36,"Oct 3, 2014",Gone Girl,61000000,167767189,368567189,200800000,106767189,139800000,307567189,0.031,0.04,0.089,Domestic
836,836,37,"Mar 30, 2007",Blades of Glory,61000000,118594548,145594548,27000000,57594548,-34000000,84594548,0.017,-0.01,0.024,Domestic
837,837,38,"Sep 18, 2015",Maze Runner: The Scorch Trials,61000000,81697192,310566162,228868970,20697192,167868970,249566162,0.006,0.048,0.072,Domestic
838,838,39,"Aug 2, 2013",2 Guns,61000000,75612460,132493015,56880555,14612460,-4119445,71493015,0.004,-0.001,0.021,Domestic
839,839,40,"Jan 26, 2018",Maze Runner: The Death Cure,61000000,58032443,265878536,207846093,-2967557,146846093,204878536,-0.001,0.042,0.059,Domestic
840,840,41,"Jan 11, 2019",A Dogâs Way Home,61000000,41952715,81149689,39196974,-19047285,-21803026,20149689,-0.005,-0.006,0.006,Domestic
841,841,42,"Feb 19, 2016",Mei Ren Yu,60720000,3229457,554516671,551287214,-57490543,490567214,493796671,-0.017,0.142,0.143,Domestic
842,842,43,"Dec 22, 2004",Meet the Fockers,60000000,279167575,516567575,237400000,219167575,177400000,456567575,0.063,0.051,0.132,Domestic
843,843,44,"Feb 7, 2014",The Lego Movie,60000000,257784718,457729388,199944670,197784718,139944670,397729388,0.057,0.04,0.115,Domestic
844,844,45,"Mar 9, 2007",300,60000000,210614939,454161935,243546996,150614939,183546996,394161935,0.043,0.053,0.114,Domestic
845,845,46,"Mar 2, 2007",Wild Hogs,60000000,168213584,253555383,85341799,108213584,25341799,193555383,0.031,0.007,0.056,Domestic
846,846,47,"Dec 25, 2008",Marley & Me,60000000,143153751,247812011,104658260,83153751,44658260,187812011,0.024,0.013,0.054,Domestic
847,847,48,"Dec 10, 1999",The Green Mile,60000000,136801374,290701374,153900000,76801374,93900000,230701374,0.022,0.027,0.067,Domestic
848,848,49,"Jun 5, 1998",The Truman Show,60000000,125618201,264118201,138500000,65618201,78500000,204118201,0.019,0.023,0.059,Domestic
849,849,50,"Sep 9, 2016",Sully,60000000,125070033,238524556,113454523,65070033,53454523,178524556,0.019,0.015,0.052,Domestic
850,850,51,"Jun 14, 2002",The Bourne Identity,60000000,121468960,214357371,92888411,61468960,32888411,154357371,0.018,0.009,0.045,Domestic
851,851,52,"Oct 9, 2009",Couples Retreat,60000000,109205660,172450423,63244763,49205660,3244763,112450423,0.014,0.001,0.032,Domestic
852,852,53,"Nov 17, 1995",Goldeneye,60000000,106429941,356429941,250000000,46429941,190000000,296429941,0.013,0.055,0.086,Domestic
853,853,54,"May 30, 2003",The Italian Job,60000000,106126012,176262839,70136827,46126012,10136827,116262839,0.013,0.003,0.034,Domestic
854,854,55,"May 9, 2003",Daddy Day Care,60000000,104148781,164285587,60136806,44148781,136806,104285587,0.013,0.0,0.03,Domestic
855,855,56,"Jun 18, 1999",The General's Daughter,60000000,102705852,149705852,47000000,42705852,-13000000,89705852,0.012,-0.004,0.026,Domestic
856,856,57,"Dec 18, 1998",The Prince of Egypt,60000000,101413188,218613188,117200000,41413188,57200000,158613188,0.012,0.017,0.046,Domestic
857,857,58,"Aug 6, 2004",Collateral,60000000,100170152,217670152,117500000,40170152,57500000,157670152,0.012,0.017,0.046,Domestic
858,858,59,"Jul 4, 2001",Cats & Dogs,60000000,93375151,200700000,107324849,33375151,47324849,140700000,0.01,0.014,0.041,Domestic
859,859,60,"Dec 20, 2002",Two Weeks Notice,60000000,93354918,199043309,105688391,33354918,45688391,139043309,0.01,0.013,0.04,Domestic
860,860,61,"Oct 2, 1998",Antz,60000000,90757863,152457863,61700000,30757863,1700000,92457863,0.009,0.0,0.027,Domestic
861,861,62,"Apr 19, 2002",The Scorpion King,60000000,90580000,165890634,75310634,30580000,15310634,105890634,0.009,0.004,0.031,Domestic
862,862,63,"Oct 15, 2010",Red,60000000,90380162,196439693,106059531,30380162,46059531,136439693,0.009,0.013,0.039,Domestic
863,863,64,"Mar 5, 2004",Starsky & Hutch,60000000,88200225,170200225,82000000,28200225,22000000,110200225,0.008,0.006,0.032,Domestic
864,864,65,"Jun 27, 1990",Days of Thunder,60000000,82670733,157670733,75000000,22670733,15000000,97670733,0.007,0.004,0.028,Domestic
865,865,66,"Dec 21, 2005",Cheaper by the Dozen 2,60000000,82571173,135015330,52444157,22571173,-7555843,75015330,0.007,-0.002,0.022,Domestic
866,866,67,"Aug 13, 2010",Eat Pray Love,60000000,80574010,206598789,126024779,20574010,66024779,146598789,0.006,0.019,0.042,Domestic
867,867,68,"Dec 21, 2012",Jack Reacher,60000000,80070736,217370736,137300000,20070736,77300000,157370736,0.006,0.022,0.045,Domestic
868,868,69,"Apr 23, 2004",Man on Fire,60000000,77906816,130968579,53061763,17906816,-6938237,70968579,0.005,-0.002,0.02,Domestic
869,869,70,"Dec 22, 2000",The Family Man,60000000,75764085,124715863,48951778,15764085,-11048222,64715863,0.005,-0.003,0.019,Domestic
870,870,71,"Sep 9, 2011",Contagion,60000000,75658097,137551594,61893497,15658097,1893497,77551594,0.005,0.001,0.022,Domestic
871,871,72,"Dec 22, 1999",Any Given Sunday,60000000,75530832,100230832,24700000,15530832,-35300000,40230832,0.004,-0.01,0.012,Domestic
872,872,73,"May 15, 1998",The Horse Whisperer,60000000,75383563,186883563,111500000,15383563,51500000,126883563,0.004,0.015,0.037,Domestic
873,873,74,"Feb 6, 2009",Coraline,60000000,75286229,126037057,50750828,15286229,-9249172,66037057,0.004,-0.003,0.019,Domestic
874,874,75,"Oct 1, 2004",Ladder 49,60000000,74541707,102332848,27791141,14541707,-32208859,42332848,0.004,-0.009,0.012,Domestic
875,875,76,"Jul 28, 1999",Deep Blue Sea,60000000,73648228,165048228,91400000,13648228,31400000,105048228,0.004,0.009,0.03,Domestic
876,876,77,"Oct 28, 2009",Michael Jackson's This Is It,60000000,72091016,252091016,180000000,12091016,120000000,192091016,0.003,0.035,0.055,Domestic
877,877,78,"Jan 17, 2003",Kangaroo Jack,60000000,66723216,90723216,24000000,6723216,-36000000,30723216,0.002,-0.01,0.009,Domestic
878,878,79,"Jun 13, 2008",The Happening,60000000,64506874,162778384,98271510,4506874,38271510,102778384,0.001,0.011,0.03,Domestic
879,879,80,"Mar 4, 2016",London Has Fallen,60000000,62524260,195194085,132669825,2524260,72669825,135194085,0.001,0.021,0.039,Domestic
880,880,81,"Apr 7, 2000",Rules of Engagement,60000000,61322858,71719931,10397073,1322858,-49602927,11719931,0.0,-0.014,0.003,Domestic
881,881,82,"Mar 10, 2006",The Shaggy Dog,60000000,61123569,87123569,26000000,1123569,-34000000,27123569,0.0,-0.01,0.008,Domestic
882,882,83,"Nov 22, 1996",Jingle All the Way,60000000,60592389,129832389,69240000,592389,9240000,69832389,0.0,0.003,0.02,Domestic
883,883,84,"Apr 2, 2004",Hellboy,60000000,59623958,99823958,40200000,-376042,-19800000,39823958,-0.0,-0.006,0.011,Domestic
884,884,85,"Oct 21, 2016",Jack Reacher: Never Go Back,60000000,58697076,159946489,101249413,-1302924,41249413,99946489,-0.0,0.012,0.029,Domestic
885,885,86,"May 25, 2017",Baywatch,60000000,58060186,175863783,117803597,-1939814,57803597,115863783,-0.001,0.017,0.033,Domestic
886,886,87,"Dec 25, 1998",A Civil Action,60000000,56709981,56709981,0,-3290019,-60000000,-3290019,-0.001,-0.017,-0.001,Domestic
887,887,88,"Dec 25, 2015",Joy,60000000,56451232,101134059,44682827,-3548768,-15317173,41134059,-0.001,-0.004,0.012,Domestic
888,888,89,"Aug 17, 2012",ParaNorman,60000000,56003051,108119662,52116611,-3996949,-7883389,48119662,-0.001,-0.002,0.014,Domestic
889,889,90,"Nov 14, 1997",The Jackal,60000000,54956941,159356941,104400000,-5043059,44400000,99356941,-0.001,0.013,0.029,Domestic
890,890,91,"Dec 25, 2003",Paycheck,60000000,53789313,98819789,45030476,-6210687,-14969524,38819789,-0.002,-0.004,0.011,Domestic
891,891,92,"Mar 1, 1996",Up Close & Personal,60000000,51045801,100645801,49600000,-8954199,-10400000,40645801,-0.003,-0.003,0.012,Domestic
892,892,93,"Dec 19, 2008",The Tale of Despereaux,60000000,50877145,90482317,39605172,-9122855,-20394828,30482317,-0.003,-0.006,0.009,Domestic
893,893,94,"Sep 26, 2014",The Boxtrolls,60000000,50837305,111946251,61108946,-9162695,1108946,51946251,-0.003,0.0,0.015,Domestic
894,894,95,"Aug 4, 2017",The Dark Tower,60000000,50701325,113461527,62760202,-9298675,2760202,53461527,-0.003,0.001,0.015,Domestic
895,895,96,"Sep 27, 2002",The Tuxedo,60000000,50586000,104429625,53843625,-9414000,-6156375,44429625,-0.003,-0.002,0.013,Domestic
896,896,97,"Jan 17, 2014",Jack Ryan: Shadow Recruit,60000000,50577412,131377412,80800000,-9422588,20800000,71377412,-0.003,0.006,0.021,Domestic
897,897,98,"Jul 14, 1995",Under Siege 2: Dark Territory,60000000,50024083,104324083,54300000,-9975917,-5700000,44324083,-0.003,-0.002,0.013,Domestic
898,898,99,"Mar 24, 2005",Miss Congeniality 2: Armed and Fabulous,60000000,48478006,101382396,52904390,-11521994,-7095610,41382396,-0.003,-0.002,0.012,Domestic
899,899,100,"Dec 25, 2018",Vice,60000000,47836282,70883171,23046889,-12163718,-36953111,10883171,-0.004,-0.011,0.003,Domestic
900,900,1,"Nov 26, 1997",Alien: Resurrection,60000000,47795018,160700000,112904982,-12204982,52904982,100700000,-0.004,0.015,0.029,Domestic
901,901,2,"Mar 23, 2007",Shooter,60000000,47003582,95538560,48534978,-12996418,-11465022,35538560,-0.004,-0.003,0.01,Domestic
902,902,3,"Oct 16, 1998",Practical Magic,60000000,46850558,68336997,21486439,-13149442,-38513561,8336997,-0.004,-0.011,0.002,Domestic
903,903,4,"Jan 11, 2013",Gangster Squad,60000000,46000903,104100903,58100000,-13999097,-1900000,44100903,-0.004,-0.001,0.013,Domestic
904,904,5,"Apr 7, 2017",Smurfs: The Lost Village,60000000,45020282,197578586,152558304,-14979718,92558304,137578586,-0.004,0.027,0.04,Domestic
905,905,6,"Oct 12, 2018",First Man,60000000,44936545,105203825,60267280,-15063455,267280,45203825,-0.004,0.0,0.013,Domestic
906,906,7,"Jun 19, 2009",Year One,60000000,43337279,57604723,14267444,-16662721,-45732556,-2395277,-0.005,-0.013,-0.001,Domestic
907,907,8,"Jan 29, 2010",Edge of Darkness,60000000,43313890,82812456,39498566,-16686110,-20501434,22812456,-0.005,-0.006,0.007,Domestic
908,908,9,"Dec 13, 2002",Star Trek: Nemesis,60000000,43254409,67312826,24058417,-16745591,-35941583,7312826,-0.005,-0.01,0.002,Domestic
909,909,10,"Feb 19, 2002",Reign of Fire,60000000,43061982,82150183,39088201,-16938018,-20911799,22150183,-0.005,-0.006,0.006,Domestic
910,910,11,"Nov 20, 2009",Planet 51,60000000,42194060,108996113,66802053,-17805940,6802053,48996113,-0.005,0.002,0.014,Domestic
911,911,12,"Mar 20, 2009",Duplicity,60000000,40572825,81079566,40506741,-19427175,-19493259,21079566,-0.006,-0.006,0.006,Domestic
912,912,13,"Sep 12, 2008",Righteous Kill,60000000,40081410,78481410,38400000,-19918590,-21600000,18481410,-0.006,-0.006,0.005,Domestic
913,913,14,"Dec 11, 2009",Invictus,60000000,37491364,124514011,87022647,-22508636,27022647,64514011,-0.006,0.008,0.019,Domestic
914,914,15,"Apr 17, 2009",State of Play,60000000,37017955,88832210,51814255,-22982045,-8185745,28832210,-0.007,-0.002,0.008,Domestic
915,915,16,"Feb 12, 1999",My Favorite Martian,60000000,36850101,36850101,0,-23149899,-60000000,-23149899,-0.007,-0.017,-0.007,Domestic
916,916,17,"Apr 21, 2006",The Sentinel,60000000,36280697,78080697,41800000,-23719303,-18200000,18080697,-0.007,-0.005,0.005,Domestic
917,917,18,"Sep 21, 2012",Trouble with the Curve,60000000,35763137,47818913,12055776,-24236863,-47944224,-12181087,-0.007,-0.014,-0.004,Domestic
918,918,19,"Oct 10, 2003",Intolerable Cruelty,60000000,35327628,121327628,86000000,-24672372,26000000,61327628,-0.007,0.008,0.018,Domestic
919,919,20,"Jan 10, 1997",The Relic,60000000,33956608,33956608,0,-26043392,-60000000,-26043392,-0.008,-0.017,-0.008,Domestic
920,920,21,"Apr 3, 1998",Mercury Rising,60000000,32983332,32983332,0,-27016668,-60000000,-27016668,-0.008,-0.017,-0.008,Domestic
921,921,22,"Sep 15, 2000",Almost Famous,60000000,32522352,47371191,14848839,-27477648,-45151161,-12628809,-0.008,-0.013,-0.004,Domestic
922,922,23,"Feb 8, 2019",Cold Pursuit,60000000,32138862,62599159,30460297,-27861138,-29539703,2599159,-0.008,-0.009,0.001,Domestic
923,923,24,"Dec 6, 2002",Analyze That,60000000,32122249,54994757,22872508,-27877751,-37127492,-5005243,-0.008,-0.011,-0.001,Domestic
924,924,25,"Apr 24, 2009",The Soloist,60000000,31853584,38522450,6668866,-28146416,-53331134,-21477550,-0.008,-0.015,-0.006,Domestic
925,925,26,"Aug 21, 2013",The Mortal Instruments: City of Bones,60000000,31165421,75965567,44800146,-28834579,-15199854,15965567,-0.008,-0.004,0.005,Domestic
926,926,27,"Nov 3, 2000",The Legend of Bagger Vance,60000000,30695227,39235486,8540259,-29304773,-51459741,-20764514,-0.008,-0.015,-0.006,Domestic
927,927,28,"Feb 22, 2002",Dragonfly,60000000,30063805,30063805,0,-29936195,-60000000,-29936195,-0.009,-0.017,-0.009,Domestic
928,928,29,"May 13, 2011",Priest,60000000,29136626,84154026,55017400,-30863374,-4982600,24154026,-0.009,-0.001,0.007,Domestic
929,929,30,"Jun 16, 2006",Garfield: A Tail of Two Kitties,60000000,28426747,147985373,119558626,-31573253,59558626,87985373,-0.009,0.017,0.025,Domestic
930,930,31,"Apr 29, 2005",XXX: State of the Union,60000000,26873932,71073932,44200000,-33126068,-15800000,11073932,-0.01,-0.005,0.003,Domestic
931,931,32,"Aug 15, 1997",Event Horizon,60000000,26673242,26673242,0,-33326758,-60000000,-33326758,-0.01,-0.017,-0.01,Domestic
932,932,33,"Jul 2, 2003",Sinbad: Legend of the Seven Seas,60000000,26483452,80767884,54284432,-33516548,-5715568,20767884,-0.01,-0.002,0.006,Domestic
933,933,34,"Jul 8, 2005",Dark Water,60000000,25473093,49473093,24000000,-34526907,-36000000,-10526907,-0.01,-0.01,-0.003,Domestic
934,934,35,"Aug 14, 1998",The Avengers,60000000,23385416,48585416,25200000,-36614584,-34800000,-11414584,-0.011,-0.01,-0.003,Domestic
935,935,36,"Sep 15, 2006",The Black Dahlia,60000000,22672813,49238525,26565712,-37327187,-33434288,-10761475,-0.011,-0.01,-0.003,Domestic
936,936,37,"Mar 26, 1999",EDtv,60000000,22508689,35319689,12811000,-37491311,-47189000,-24680311,-0.011,-0.014,-0.007,Domestic
937,937,38,"Dec 25, 2008",The Spirit,60000000,19806188,39006188,19200000,-40193812,-40800000,-20993812,-0.012,-0.012,-0.006,Domestic
938,938,39,"Oct 19, 2001",The Last Castle,60000000,18208078,20541668,2333590,-41791922,-57666410,-39458332,-0.012,-0.017,-0.011,Domestic
939,939,40,"Jan 23, 2009",Inkheart,60000000,17303424,66655938,49352514,-42696576,-10647486,6655938,-0.012,-0.003,0.002,Domestic
940,940,41,"Jan 14, 2000",Supernova,60000000,14218868,14816494,597626,-45781132,-59402374,-45183506,-0.013,-0.017,-0.013,Domestic
941,941,42,"Sep 22, 2006",Flyboys,60000000,13090630,14816379,1725749,-46909370,-58274251,-45183621,-0.014,-0.017,-0.013,Domestic
942,942,43,"Feb 14, 2014",Winterâs Tale,60000000,12600231,29575033,16974802,-47399769,-43025198,-30424967,-0.014,-0.012,-0.009,Domestic
943,943,44,"Oct 9, 1998",Holy Man,60000000,12069719,12069719,0,-47930281,-60000000,-47930281,-0.014,-0.017,-0.014,Domestic
944,944,45,"Jul 11, 2008",Meet Dave,60000000,11803254,50648806,38845552,-48196746,-21154448,-9351194,-0.014,-0.006,-0.003,Domestic
945,945,46,"Aug 12, 2005",The Great Raid,60000000,10166502,10597070,430568,-49833498,-59569432,-49402930,-0.014,-0.017,-0.014,Domestic
946,946,47,"Feb 24, 2017",Rock Dog,60000000,9420546,24148488,14727942,-50579454,-45272058,-35851512,-0.015,-0.013,-0.01,Domestic
947,947,48,"Jan 23, 2015",Mortdecai,60000000,7696134,30396134,22700000,-52303866,-37300000,-29603866,-0.015,-0.011,-0.009,Domestic
948,948,49,"Jan 11, 2008",In the Name of the King: A Dungeon Siege Tale,60000000,4775656,13233220,8457564,-55224344,-51542436,-46766780,-0.016,-0.015,-0.014,Domestic
949,949,50,"Oct 24, 2003",Beyond Borders,60000000,4426297,11427090,7000793,-55573703,-52999207,-48572910,-0.016,-0.015,-0.014,Domestic
950,950,51,"Feb 5, 2016",Xi You Ji zhi Sun Wu Kong San Da Bai Gu Jing,60000000,709982,194058503,193348521,-59290018,133348521,134058503,-0.017,0.039,0.039,Domestic
953,953,54,"Mar 23, 2018",Sherlock Gnomes,59000000,43242871,87527651,44284780,-15757129,-14715220,28527651,-0.005,-0.004,0.008,Domestic
954,954,55,"Jan 25, 2019",The Kid Who Would Be King,59000000,16790790,28348446,11557656,-42209210,-47442344,-30651554,-0.012,-0.014,-0.009,Domestic
955,955,56,"Feb 12, 2016",Deadpool,58000000,363070709,801025593,437954884,305070709,379954884,743025593,0.088,0.11,0.215,Domestic
956,956,57,"Dec 25, 2014",American Sniper,58000000,350126372,547326372,197200000,292126372,139200000,489326372,0.084,0.04,0.141,Domestic
957,957,58,"Oct 16, 2015",Goosebumps,58000000,80069458,158905324,78835866,22069458,20835866,100905324,0.006,0.006,0.029,Domestic
958,958,59,"May 25, 1988",Rambo III,58000000,53715611,188715611,135000000,-4284389,77000000,130715611,-0.001,0.022,0.038,Domestic
959,959,60,"Dec 15, 1995",Sabrina,58000000,53458319,87100000,33641681,-4541681,-24358319,29100000,-0.001,-0.007,0.008,Domestic
960,960,61,"Jan 20, 2012",Red Tails,58000000,49876377,50365498,489121,-8123623,-57510879,-7634502,-0.002,-0.017,-0.002,Domestic
961,961,62,"Sep 16, 2005",Just Like Heaven,58000000,48318130,100687083,52368953,-9681870,-5631047,42687083,-0.003,-0.002,0.012,Domestic
962,962,63,"Jun 7, 2013",The Internship,58000000,44672764,93672764,49000000,-13327236,-9000000,35672764,-0.004,-0.003,0.01,Domestic
963,963,64,"Apr 28, 2000",The Flintstones in Viva Rock Vegas,58000000,35231365,59431365,24200000,-22768635,-33800000,1431365,-0.007,-0.01,0.0,Domestic
964,964,65,"Apr 4, 2008",Leatherheads,58000000,31373938,41348628,9974690,-26626062,-48025310,-16651372,-0.008,-0.014,-0.005,Domestic
965,965,66,"Mar 24, 2017",Life,58000000,30234022,100929666,70695644,-27765978,12695644,42929666,-0.008,0.004,0.012,Domestic
966,966,67,"Dec 18, 2009",Did You Hear About the Morgans?,58000000,29580087,80480566,50900479,-28419913,-7099521,22480566,-0.008,-0.002,0.006,Domestic
967,967,68,"Dec 12, 2008","Che, Part 1: The Argentine",58000000,1802521,31627370,29824849,-56197479,-28175151,-26372630,-0.016,-0.008,-0.008,Domestic
968,968,69,"May 30, 2008",Sex and the City,57500000,152647258,415247258,262600000,95147258,205100000,357747258,0.027,0.059,0.103,Domestic
969,969,70,"Sep 10, 2010",Resident Evil: Afterlife,57500000,60128566,295874190,235745624,2628566,178245624,238374190,0.001,0.051,0.069,Domestic
970,970,71,"Jun 15, 2012",That's My Boy,57500000,36931089,58085235,21154146,-20568911,-36345854,585235,-0.006,-0.01,0.0,Domestic
971,971,72,"Oct 17, 1997",Devil's Advocate,57000000,61007424,153007424,92000000,4007424,35000000,96007424,0.001,0.01,0.028,Domestic
972,972,73,"Feb 17, 2012",Ghost Rider: Spirit of Vengeance,57000000,51774002,149217355,97443353,-5225998,40443353,92217355,-0.002,0.012,0.027,Domestic
973,973,74,"May 31, 1996",Dragonheart,57000000,51364680,104364680,53000000,-5635320,-4000000,47364680,-0.002,-0.001,0.014,Domestic
974,974,75,"Nov 12, 2004",After the Sunset,57000000,28328132,38329114,10000982,-28671868,-46999018,-18670886,-0.008,-0.014,-0.005,Domestic
975,975,76,"Aug 17, 2001",Captain Corelli's Mandolin,57000000,25528495,62097495,36569000,-31471505,-20431000,5097495,-0.009,-0.006,0.001,Domestic
976,976,77,"Dec 25, 2014",Into the Woods,56200000,128002372,213116401,85114029,71802372,28914029,156916401,0.021,0.008,0.045,Domestic
977,977,78,"Apr 11, 2003",Anger Management,56000000,135560942,195660942,60100000,79560942,4100000,139660942,0.023,0.001,0.04,Domestic
978,978,79,"Mar 4, 2005",The Pacifier,56000000,113006880,198006880,85000000,57006880,29000000,142006880,0.016,0.008,0.041,Domestic
979,979,80,"Apr 2, 2004",Walking Tall,56000000,46213824,47313824,1100000,-9786176,-54900000,-8686176,-0.003,-0.016,-0.003,Domestic
980,980,81,"Jan 22, 2016",Zhuo yao ji,56000000,32766,359495591,359462825,-55967234,303462825,303495591,-0.016,0.088,0.088,Domestic
981,981,82,"Jul 6, 1994",Forrest Gump,55000000,330151138,679850637,349699499,275151138,294699499,624850637,0.079,0.085,0.18,Domestic
982,982,83,"Dec 14, 2007",Alvin and the Chipmunks,55000000,217326974,362605033,145278059,162326974,90278059,307605033,0.047,0.026,0.089,Domestic
983,983,84,"Nov 2, 2018",Bohemian Rhapsody,55000000,216303339,894985342,678682003,161303339,623682003,839985342,0.047,0.18,0.243,Domestic
984,984,85,"Feb 11, 2005",Hitch,55000000,177784257,366784257,189000000,122784257,134000000,311784257,0.035,0.039,0.09,Domestic
985,985,86,"Oct 6, 2000",Meet the Parents,55000000,166225040,330425040,164200000,111225040,109200000,275425040,0.032,0.032,0.08,Domestic
986,986,87,"Dec 15, 2006",The Pursuit of Happyness,55000000,162586036,307311093,144725057,107586036,89725057,252311093,0.031,0.026,0.073,Domestic
987,987,88,"Jun 10, 1995",Pocahontas,55000000,141579773,347100000,205520227,86579773,150520227,292100000,0.025,0.043,0.084,Domestic
988,988,89,"Dec 15, 1978",Superman,55000000,134218018,300200000,165981982,79218018,110981982,245200000,0.023,0.032,0.071,Domestic
989,989,90,"Jun 28, 1996",The Nutty Professor,55000000,128814019,273814019,145000000,73814019,90000000,218814019,0.021,0.026,0.063,Domestic
990,990,91,"Feb 10, 2017",Fifty Shades Darker,55000000,114434010,381398492,266964482,59434010,211964482,326398492,0.017,0.061,0.094,Domestic
991,991,92,"Oct 11, 2013",Captain Phillips,55000000,107136417,220648184,113511767,52136417,58511767,165648184,0.015,0.017,0.048,Domestic
992,992,93,"Jul 16, 1997",George Of The Jungle,55000000,105263257,174463257,69200000,50263257,14200000,119463257,0.015,0.004,0.034,Domestic
993,993,94,"Aug 1, 2003",American Wedding,55000000,104354205,126425115,22070910,49354205,-32929090,71425115,0.014,-0.01,0.021,Domestic
994,994,95,"Nov 10, 2017",Murder on the Orient Express,55000000,102826543,345922730,243096187,47826543,188096187,290922730,0.014,0.054,0.084,Domestic
995,995,96,"Sep 26, 2014",The Equalizer,55000000,101530738,192903624,91372886,46530738,36372886,137903624,0.013,0.011,0.04,Domestic
996,996,97,"Feb 9, 2018",Fifty Shades Freed,55000000,100407760,371350619,270942859,45407760,215942859,316350619,0.013,0.062,0.091,Domestic
997,997,98,"May 26, 1995",Casper,55000000,100328194,282300000,181971806,45328194,126971806,227300000,0.013,0.037,0.066,Domestic
998,998,99,"Apr 9, 2010",Date Night,55000000,98711404,152269033,53557629,43711404,-1442371,97269033,0.013,-0.0,0.028,Domestic
999,999,100,"Dec 13, 2002",Maid in Manhattan,55000000,93932896,163838217,69905321,38932896,14905321,108838217,0.011,0.004,0.031,Domestic
1000,1000,1,"May 12, 1995",Crimson Tide,55000000,91387195,159387195,68000000,36387195,13000000,104387195,0.011,0.004,0.03,Domestic
1001,1001,2,"Sep 23, 2005",Flightplan,55000000,89706988,214392904,124685916,34706988,69685916,159392904,0.01,0.02,0.046,Domestic
1002,1002,3,"Dec 9, 1994",Disclosure,55000000,83015089,212200000,129184911,28015089,74184911,157200000,0.008,0.021,0.045,Domestic
1003,1003,4,"Apr 10, 1998",City of Angels,55000000,78750909,198750909,120000000,23750909,65000000,143750909,0.007,0.019,0.042,Domestic
1004,1004,5,"Jan 16, 2015",Paddington,55000000,76223578,258789097,182565519,21223578,127565519,203789097,0.006,0.037,0.059,Domestic
1005,1005,6,"Apr 28, 2006",R.V.,55000000,71724497,87473024,15748527,16724497,-39251473,32473024,0.005,-0.011,0.009,Domestic
1006,1006,7,"Oct 28, 1994",Stargate,55000000,71565669,196565669,125000000,16565669,70000000,141565669,0.005,0.02,0.041,Domestic
1007,1007,8,"Oct 10, 2003",Kill Bill: Volume 1,55000000,70098138,176469428,106371290,15098138,51371290,121469428,0.004,0.015,0.035,Domestic
1008,1008,9,"Jun 17, 2011",Mr. Poppers's Penguins,55000000,68224452,189624452,121400000,13224452,66400000,134624452,0.004,0.019,0.039,Domestic
1009,1009,10,"Aug 13, 1999",Bowfinger,55000000,66458769,98699769,32241000,11458769,-22759000,43699769,0.003,-0.007,0.013,Domestic
1010,1010,11,"Apr 16, 2004",Kill Bill: Volume 2,55000000,66207920,153535982,87328062,11207920,32328062,98535982,0.003,0.009,0.028,Domestic
1011,1011,12,"Dec 22, 1989",Tango & Cash,55000000,63408614,63408614,0,8408614,-55000000,8408614,0.002,-0.016,0.002,Domestic
1012,1012,13,"Jul 31, 1992",Death Becomes Her,55000000,58422650,149022650,90600000,3422650,35600000,94022650,0.001,0.01,0.027,Domestic
1013,1013,14,"May 26, 2000",Shanghai Noon,55000000,56932305,71189835,14257530,1932305,-40742470,16189835,0.001,-0.012,0.005,Domestic
1014,1014,15,"Mar 15, 1996",Executive Decision,55000000,56679192,122079192,65400000,1679192,10400000,67079192,0.0,0.003,0.019,Domestic
1015,1015,16,"Nov 1, 2013",Free Birds,55000000,55750480,110387072,54636592,750480,-363408,55387072,0.0,-0.0,0.016,Domestic
1016,1016,17,"May 22, 1992",Alien 3,55000000,54927174,158500000,103572826,-72826,48572826,103500000,-0.0,0.014,0.03,Domestic
1017,1017,18,"Apr 18, 2008",The Forbidden Kingdom,55000000,52075270,129075270,77000000,-2924730,22000000,74075270,-0.001,0.006,0.021,Domestic
1018,1018,19,"Dec 22, 2004",The Phantom of the Opera,55000000,51225796,153770052,102544256,-3774204,47544256,98770052,-0.001,0.014,0.029,Domestic
1019,1019,20,"Mar 21, 2014",Muppets Most Wanted,55000000,51178893,79312301,28133408,-3821107,-26866592,24312301,-0.001,-0.008,0.007,Domestic
1020,1020,21,"Dec 25, 1996",Evita,55000000,50047179,151947179,101900000,-4952821,46900000,96947179,-0.001,0.014,0.028,Domestic
1021,1021,22,"Aug 19, 2016",Kubo and the Two Strings,55000000,48023088,77548122,29525034,-6976912,-25474966,22548122,-0.002,-0.007,0.007,Domestic
1022,1022,23,"Sep 25, 1998",Ronin,55000000,41610884,70692101,29081217,-13389116,-25918783,15692101,-0.004,-0.007,0.005,Domestic
1023,1023,24,"Nov 24, 2010",Burlesque,55000000,39440655,90552675,51112020,-15559345,-3887980,35552675,-0.004,-0.001,0.01,Domestic
1024,1024,25,"Oct 11, 1996",The Ghost and the Darkness,55000000,38564422,38564422,0,-16435578,-55000000,-16435578,-0.005,-0.016,-0.005,Domestic
1025,1025,26,"Oct 24, 2008",Changeling,55000000,35739802,113805580,78065778,-19260198,23065778,58805580,-0.006,0.007,0.017,Domestic
1026,1026,27,"Jul 27, 2012",The Watch,55000000,34353000,67130045,32777045,-20647000,-22222955,12130045,-0.006,-0.006,0.004,Domestic
1027,1027,28,"Mar 14, 2003",The Hunted,55000000,34234008,47213095,12979087,-20765992,-42020913,-7786905,-0.006,-0.012,-0.002,Domestic
1028,1028,29,"Jun 4, 1999",Instinct,55000000,34105207,34105207,0,-20894793,-55000000,-20894793,-0.006,-0.016,-0.006,Domestic
1029,1029,30,"Dec 12, 2003",Stuck On You,55000000,33832741,63537164,29704423,-21167259,-25295577,8537164,-0.006,-0.007,0.002,Domestic
1030,1030,31,"Feb 29, 2008",Semi-Pro,55000000,33479698,43980363,10500665,-21520302,-44499335,-11019637,-0.006,-0.013,-0.003,Domestic
1031,1031,32,"Feb 23, 2018",Annihilation,55000000,32732301,43070915,10338614,-22267699,-44661386,-11929085,-0.006,-0.013,-0.003,Domestic
1032,1032,33,"Oct 16, 2015",Crimson Peak,55000000,31090320,74966854,43876534,-23909680,-11123466,19966854,-0.007,-0.003,0.006,Domestic
1033,1033,34,"Apr 27, 2012",The Pirates! Band of Misfits,55000000,31051126,136143605,105092479,-23948874,50092479,81143605,-0.007,0.014,0.023,Domestic
1034,1034,35,"Dec 2, 2005",Aeon Flux,55000000,25857987,53913573,28055586,-29142013,-26944414,-1086427,-0.008,-0.008,-0.0,Domestic
1035,1035,36,"Aug 2, 1996",Chain Reaction,55000000,21226204,60209334,38983130,-33773796,-16016870,5209334,-0.01,-0.005,0.002,Domestic
1036,1036,37,"Aug 16, 1996",The Fan,55000000,18582965,18582965,0,-36417035,-55000000,-36417035,-0.011,-0.016,-0.011,Domestic
1037,1037,38,"Oct 12, 2007",Elizabeth: The Golden Age,55000000,16285240,74870866,58585626,-38714760,3585626,19870866,-0.011,0.001,0.006,Domestic
1038,1038,39,"Jun 12, 2009",Imagine That,55000000,16222392,22438144,6215752,-38777608,-48784248,-32561856,-0.011,-0.014,-0.009,Domestic
1039,1039,40,"Feb 21, 2003",Gods and Generals,55000000,12882934,12923936,41002,-42117066,-54958998,-42076064,-0.012,-0.016,-0.012,Domestic
1040,1040,41,"Jan 10, 1997",Turbulence,55000000,11532774,11532774,0,-43467226,-55000000,-43467226,-0.013,-0.016,-0.013,Domestic
1041,1041,42,"Feb 1, 2013",Bullet to the Head,55000000,9489829,22597969,13108140,-45510171,-41891860,-32402031,-0.013,-0.012,-0.009,Domestic
1042,1042,43,"Sep 22, 2006",All the King's Men,55000000,7221458,9521458,2300000,-47778542,-52700000,-45478542,-0.014,-0.015,-0.013,Domestic
1043,1043,44,"Jul 30, 2004",Thunderbirds,55000000,6768055,28231444,21463389,-48231945,-33536611,-26768556,-0.014,-0.01,-0.008,Domestic
1044,1044,45,"Nov 26, 2004",Un long dimanche de fianÃ§ailles,55000000,6167817,69759296,63591479,-48832183,8591479,14759296,-0.014,0.002,0.004,Domestic
1045,1045,46,"May 4, 2007",Lucky You,55000000,5755286,6521829,766543,-49244714,-54233457,-48478171,-0.014,-0.016,-0.014,Domestic
1046,1046,47,"Jul 22, 1998",Lolita,55000000,1147784,1147784,0,-53852216,-55000000,-53852216,-0.016,-0.016,-0.016,Domestic
1047,1047,48,"Sep 20, 2002",Eye See You,55000000,79161,1807990,1728829,-54920839,-53271171,-53192010,-0.016,-0.015,-0.015,Domestic
1048,1048,49,"Jun 19, 1981",Superman II,54000000,108185706,108185706,0,54185706,-54000000,54185706,0.016,-0.016,0.016,Domestic
1049,1049,50,"Mar 22, 2002",Blade 2,54000000,81676888,154338601,72661713,27676888,18661713,100338601,0.008,0.005,0.029,Domestic
1050,1050,51,"Jul 14, 2006","You, Me and Dupree",54000000,75802010,130402010,54600000,21802010,600000,76402010,0.006,0.0,0.022,Domestic
1051,1051,52,"Dec 19, 2008",Seven Pounds,54000000,69951824,166617328,96665504,15951824,42665504,112617328,0.005,0.012,0.033,Domestic
1052,1052,53,"Dec 25, 1990",The Godfather: Part III,54000000,66520529,66520529,0,12520529,-54000000,12520529,0.004,-0.016,0.004,Domestic
1053,1053,54,"Oct 14, 2005",Elizabethtown,54000000,26850426,50719373,23868947,-27149574,-30131053,-3280627,-0.008,-0.009,-0.001,Domestic
1054,1054,55,"Aug 1, 2003",Gigli,54000000,6087542,7126002,1038460,-47912458,-52961540,-46873998,-0.014,-0.015,-0.014,Domestic
1055,1055,56,"Jun 16, 2000",Shaft,53012938,70327868,107190108,36862240,17314930,-16150698,54177170,0.005,-0.005,0.016,Domestic
1056,1056,57,"Aug 5, 2005",The Dukes of Hazzard,53000000,80270227,109848461,29578234,27270227,-23421766,56848461,0.008,-0.007,0.016,Domestic
1057,1057,58,"Oct 16, 2009",Law Abiding Citizen,53000000,73357727,131159781,57802054,20357727,4802054,78159781,0.006,0.001,0.023,Domestic
1058,1058,59,"Sep 18, 2015",Black Mass,53000000,62575678,98837872,36262194,9575678,-16737806,45837872,0.003,-0.005,0.013,Domestic
1059,1059,60,"Nov 14, 1997",Anastasia,53000000,58403409,139801096,81397687,5403409,28397687,86801096,0.002,0.008,0.025,Domestic
1060,1060,61,"May 18, 2001",Moulin Rouge,53000000,57386369,179200588,121814219,4386369,68814219,126200588,0.001,0.02,0.036,Domestic
1061,1061,62,"Nov 2, 2001",Domestic Disturbance,53000000,45207112,54207112,9000000,-7792888,-44000000,1207112,-0.002,-0.013,0.0,Domestic
1062,1062,63,"Oct 20, 2006",Flags of Our Fathers,53000000,33602376,63657941,30055565,-19397624,-22944435,10657941,-0.006,-0.007,0.003,Domestic
1063,1063,64,"Apr 6, 2007",Grindhouse,53000000,25031037,50187789,25156752,-27968963,-27843248,-2812211,-0.008,-0.008,-0.001,Domestic
1064,1064,65,"Oct 16, 1998",Beloved,53000000,22852487,22852487,0,-30147513,-53000000,-30147513,-0.009,-0.015,-0.009,Domestic
1065,1065,66,"Dec 19, 2012",Zero Dark Thirty,52500000,95720716,134612435,38891719,43220716,-13608281,82112435,0.012,-0.004,0.024,Domestic
1066,1066,67,"Dec 25, 2002",Catch Me if You Can,52000000,164606800,355612291,191005491,112606800,139005491,303612291,0.033,0.04,0.088,Domestic
1067,1067,68,"Jul 18, 2008",Mamma Mia!,52000000,144130063,615748772,471618709,92130063,419618709,563748772,0.027,0.121,0.163,Domestic
1068,1068,69,"Jun 2, 2006",The Break-Up,52000000,118703275,205727307,87024032,66703275,35024032,153727307,0.019,0.01,0.044,Domestic
1069,1069,70,"Feb 12, 2010",Valentine's Day,52000000,110485654,217569328,107083674,58485654,55083674,165569328,0.017,0.016,0.048,Domestic
1070,1070,71,"Nov 22, 1995",Casino,52000000,42438300,110400000,67961700,-9561700,15961700,58400000,-0.003,0.005,0.017,Domestic
1071,1071,72,"Aug 5, 2011",The Change-Up,52000000,37243418,75997067,38753649,-14756582,-13246351,23997067,-0.004,-0.004,0.007,Domestic
1072,1072,73,"Dec 23, 1998",The Thin Red Line,52000000,36400491,97709034,61308543,-15599509,9308543,45709034,-0.005,0.003,0.013,Domestic
1073,1073,74,"Dec 22, 1999",Man on the Moon,52000000,34580635,47407635,12827000,-17419365,-39173000,-4592365,-0.005,-0.011,-0.001,Domestic
1074,1074,75,"Feb 5, 2010",From Paris With Love,52000000,24077427,53139168,29061741,-27922573,-22938259,1139168,-0.008,-0.007,0.0,Domestic
1075,1075,76,"Apr 16, 2003",Bulletproof Monk,52000000,23010607,23010607,0,-28989393,-52000000,-28989393,-0.008,-0.015,-0.008,Domestic
1076,1076,77,"Jun 23, 2000","Me, Myself & Irene",51000000,90570999,149270999,58700000,39570999,7700000,98270999,0.011,0.002,0.028,Domestic
1077,1077,78,"Aug 4, 2006",Barnyard: The Original Party Animals,51000000,72779000,118583844,45804844,21779000,-5195156,67583844,0.006,-0.002,0.02,Domestic
1078,1078,79,"Aug 17, 2018",Alpha,51000000,35851379,99624873,63773494,-15148621,12773494,48624873,-0.004,0.004,0.014,Domestic
1079,1079,80,"Nov 22, 2006",Deck the Halls,51000000,35093569,46815807,11722238,-15906431,-39277762,-4184193,-0.005,-0.011,-0.001,Domestic
1080,1080,81,"Mar 4, 2011",The Adjustment Bureau,50200000,62495645,126931325,64435680,12295645,14235680,76731325,0.004,0.004,0.022,Domestic
1081,1081,82,"Nov 20, 2009",The Twilight Saga: New Moon,50000000,296623634,687557727,390934093,246623634,340934093,637557727,0.071,0.098,0.184,Domestic
1082,1082,83,"May 18, 2001",Shrek,50000000,267655011,491812794,224157783,217655011,174157783,441812794,0.063,0.05,0.128,Domestic
1083,1083,84,"Jun 29, 2012",Ted,50000000,218665740,556016627,337350887,168665740,287350887,506016627,0.049,0.083,0.146,Domestic
1084,1084,85,"Jun 13, 2014",22 Jump Street,50000000,191719337,331333876,139614539,141719337,89614539,281333876,0.041,0.026,0.081,Domestic
1085,1085,86,"Jun 14, 1991",Robin Hood: Prince of Thieves,50000000,165493908,390500000,225006092,115493908,175006092,340500000,0.033,0.051,0.098,Domestic
1086,1086,87,"Dec 13, 1996",Jerry Maguire,50000000,153952592,274000000,120047408,103952592,70047408,224000000,0.03,0.02,0.065,Domestic
1087,1087,88,"Dec 25, 2015",Daddyâs Home,50000000,150357137,242757137,92400000,100357137,42400000,192757137,0.029,0.012,0.056,Domestic
1088,1088,89,"Dec 24, 1997",As Good as it Gets,50000000,148478011,314111923,165633912,98478011,115633912,264111923,0.028,0.033,0.076,Domestic
1089,1089,90,"Dec 25, 1998",Patch Adams,50000000,135014968,202173000,67158032,85014968,17158032,152173000,0.025,0.005,0.044,Domestic
1090,1090,91,"Jun 17, 2016",Central Intelligence,50000000,127440871,217194805,89753934,77440871,39753934,167194805,0.022,0.011,0.048,Domestic
1091,1091,92,"Dec 18, 2013",Anchorman 2: The Legend Continues,50000000,127352707,172185754,44833047,77352707,-5166953,122185754,0.022,-0.001,0.035,Domestic
1092,1092,93,"Jun 10, 2011",Super 8,50000000,127004179,257972745,130968566,77004179,80968566,207972745,0.022,0.023,0.06,Domestic
1093,1093,94,"Jun 28, 2002",Mr. Deeds,50000000,126293452,171269535,44976083,76293452,-5023917,121269535,0.022,-0.001,0.035,Domestic
1094,1094,95,"Mar 17, 2000",Erin Brockovich,50000000,125548685,257805243,132256558,75548685,82256558,207805243,0.022,0.024,0.06,Domestic
1095,1095,96,"Nov 21, 2018",Creed II,50000000,115715889,213591522,97875633,65715889,47875633,163591522,0.019,0.014,0.047,Domestic
1096,1096,97,"Feb 9, 2018",Peter Rabbit,50000000,115234093,347136477,231902384,65234093,181902384,297136477,0.019,0.053,0.086,Domestic
1097,1097,98,"Feb 7, 2003",How to Lose a Guy in 10 Days,50000000,105807520,178890782,73083262,55807520,23083262,128890782,0.016,0.007,0.037,Domestic
1098,1098,99,"Nov 11, 1994",Interview with the Vampire: The Vampire Chronicles,50000000,105264608,223564608,118300000,55264608,68300000,173564608,0.016,0.02,0.05,Domestic
1099,1099,100,"Dec 14, 2018",The Mule,50000000,103804407,170857676,67053269,53804407,17053269,120857676,0.016,0.005,0.035,Domestic
1100,1100,1,"Dec 19, 2008",Yes Man,50000000,97690976,225990976,128300000,47690976,78300000,175990976,0.014,0.023,0.051,Domestic
1101,1101,2,"Feb 28, 2014",Non-Stop,50000000,91742160,222383055,130640895,41742160,80640895,172383055,0.012,0.023,0.05,Domestic
1102,1102,3,"Dec 25, 1998",Stepmom,50000000,91137662,159745279,68607617,41137662,18607617,109745279,0.012,0.005,0.032,Domestic
1103,1103,4,"Aug 9, 2013",Disney Planes,50000000,90282580,238059569,147776989,40282580,97776989,188059569,0.012,0.028,0.054,Domestic
1104,1104,5,"Mar 10, 2006",Failure to Launch,50000000,88715192,128402901,39687709,38715192,-10312291,78402901,0.011,-0.003,0.023,Domestic
1105,1105,6,"Mar 24, 2006",Inside Man,50000000,88634237,185798265,97164028,38634237,47164028,135798265,0.011,0.014,0.039,Domestic
1106,1106,7,"Jul 28, 2017",The Emoji Movie,50000000,86089513,216562312,130472799,36089513,80472799,166562312,0.01,0.023,0.048,Domestic
1107,1107,8,"Jul 29, 2011","Crazy, Stupid, Love",50000000,84351197,147142328,62791131,34351197,12791131,97142328,0.01,0.004,0.028,Domestic
1108,1108,9,"Dec 22, 2017",The Post,50000000,81903458,179748880,97845422,31903458,47845422,129748880,0.009,0.014,0.037,Domestic
1109,1109,10,"Feb 5, 1999",Payback,50000000,81526121,161626121,80100000,31526121,30100000,111626121,0.009,0.009,0.032,Domestic
1110,1110,11,"Jun 9, 1995",Congo,50000000,81022333,152022333,71000000,31022333,21000000,102022333,0.009,0.006,0.029,Domestic
1111,1111,12,"Mar 20, 2009",Knowing,50000000,79957634,186450317,106492683,29957634,56492683,136450317,0.009,0.016,0.039,Domestic
1112,1112,13,"Mar 18, 2005",The Ring Two,50000000,75941727,161941727,86000000,25941727,36000000,111941727,0.007,0.01,0.032,Domestic
1113,1113,14,"Dec 23, 2011",We Bought a Zoo,50000000,75624550,118729073,43104523,25624550,-6895477,68729073,0.007,-0.002,0.02,Domestic
1114,1114,15,"Sep 23, 2011",Moneyball,50000000,75605492,111300835,35695343,25605492,-14304657,61300835,0.007,-0.004,0.018,Domestic
1115,1115,16,"Jun 11, 2004",Garfield: The Movie,50000000,75367693,208094550,132726857,25367693,82726857,158094550,0.007,0.024,0.046,Domestic
1116,1116,17,"Nov 24, 2004",Christmas with the Kranks,50000000,73701902,96469187,22767285,23701902,-27232715,46469187,0.007,-0.008,0.013,Domestic
1117,1117,18,"Mar 17, 2006",V for Vendetta,50000000,70511035,130214162,59703127,20511035,9703127,80214162,0.006,0.003,0.023,Domestic
1118,1118,19,"Mar 10, 1995",Outbreak,50000000,67823573,190023573,122200000,17823573,72200000,140023573,0.005,0.021,0.04,Domestic
1119,1119,20,"Mar 13, 2009",Race to Witch Mountain,50000000,67172595,105103784,37931189,17172595,-12068811,55103784,0.005,-0.003,0.016,Domestic
1120,1120,21,"Sep 24, 2004",The Forgotten,50000000,66711892,117211892,50500000,16711892,500000,67211892,0.005,0.0,0.019,Domestic
1121,1121,22,"Jun 22, 2005",Herbie: Fully Loaded,50000000,66010682,144110682,78100000,16010682,28100000,94110682,0.005,0.008,0.027,Domestic
1122,1122,23,"Feb 7, 2003",Shanghai Knights,50000000,60470220,88316835,27846615,10470220,-22153385,38316835,0.003,-0.006,0.011,Domestic
1123,1123,24,"Jul 18, 2014",Planes: Fire and Rescue,50000000,59157732,156399644,97241912,9157732,47241912,106399644,0.003,0.014,0.031,Domestic
1124,1124,25,"Feb 10, 2006",Curious George,50000000,58640119,71052604,12412485,8640119,-37587515,21052604,0.002,-0.011,0.006,Domestic
1125,1125,26,"Apr 6, 2012",American Reunion,50000000,56758835,236799211,180040376,6758835,130040376,186799211,0.002,0.038,0.054,Domestic
1126,1126,27,"Jan 25, 2013",Hansel & Gretel: Witch Hunters,50000000,55703475,214949716,159246241,5703475,109246241,164949716,0.002,0.032,0.048,Domestic
1127,1127,28,"Feb 18, 2011",I am Number Four,50000000,55100437,146195159,91094722,5100437,41094722,96195159,0.001,0.012,0.028,Domestic
1128,1128,29,"Sep 28, 2001",Donât Say a Word,50000000,54997476,104488383,49490907,4997476,-509093,54488383,0.001,-0.0,0.016,Domestic
1129,1129,30,"Jan 15, 2016",13 Hours: The Secret Soldiers of Benghazi,50000000,52853219,69411370,16558151,2853219,-33441849,19411370,0.001,-0.01,0.006,Domestic
1130,1130,31,"May 8, 2002",Unfaithful,50000000,52752475,119114494,66362019,2752475,16362019,69114494,0.001,0.005,0.02,Domestic
1131,1131,32,"Sep 29, 2017",American Made,50000000,51342000,135569212,84227212,1342000,34227212,85569212,0.0,0.01,0.025,Domestic
1132,1132,33,"Nov 23, 2005",Syriana,50000000,50824620,92690959,41866339,824620,-8133661,42690959,0.0,-0.002,0.012,Domestic
1133,1133,34,"Sep 10, 2004",Resident Evil: Apocalypse,50000000,50740078,125168734,74428656,740078,24428656,75168734,0.0,0.007,0.022,Domestic
1134,1134,35,"Oct 17, 2014",The Book of Life,50000000,50151543,97651543,47500000,151543,-2500000,47651543,0.0,-0.001,0.014,Domestic
1135,1135,36,"Feb 14, 1997",Absolute Power,50000000,50068310,50068310,0,68310,-50000000,68310,0.0,-0.014,0.0,Domestic
1136,1136,37,"Feb 10, 2006",Firewall,50000000,48751189,82751189,34000000,-1248811,-16000000,32751189,-0.0,-0.005,0.009,Domestic
1137,1137,38,"Sep 12, 1997",The Game,50000000,48265581,80369970,32104389,-1734419,-17895611,30369970,-0.001,-0.005,0.009,Domestic
1138,1138,39,"Aug 22, 1997",G.I. Jane,50000000,48169156,48169156,0,-1830844,-50000000,-1830844,-0.001,-0.014,-0.001,Domestic
1139,1139,40,"Aug 8, 2014",Into the Storm,50000000,47602194,150429371,102827177,-2397806,52827177,100429371,-0.001,0.015,0.029,Domestic
1140,1140,41,"Oct 10, 2014",The Judge,50000000,47119388,76119388,29000000,-2880612,-21000000,26119388,-0.001,-0.006,0.008,Domestic
1141,1141,42,"Apr 21, 2006",Silent Hill,50000000,46982632,94704227,47721595,-3017368,-2278405,44704227,-0.001,-0.001,0.013,Domestic
1142,1142,43,"Aug 11, 2000",The Replacements,50000000,44737059,50054511,5317452,-5262941,-44682548,54511,-0.002,-0.013,0.0,Domestic
1143,1143,44,"Jul 29, 1998",The Negotiator,50000000,44705766,49105766,4400000,-5294234,-45600000,-894234,-0.002,-0.013,-0.0,Domestic
1144,1144,45,"Aug 19, 2016",War Dogs,50000000,43034523,86234503,43199980,-6965477,-6800020,36234503,-0.002,-0.002,0.01,Domestic
1145,1145,46,"May 25, 1994",Beverly Hills Cop III,50000000,42586861,119180938,76594077,-7413139,26594077,69180938,-0.002,0.008,0.02,Domestic
1146,1146,47,"Jun 15, 1990",Gremlins 2: The New Batch,50000000,41476097,41476097,0,-8523903,-50000000,-8523903,-0.002,-0.014,-0.002,Domestic
1147,1147,48,"Sep 26, 1997",The Peacemaker,50000000,41263140,62967368,21704228,-8736860,-28295772,12967368,-0.003,-0.008,0.004,Domestic
1148,1148,49,"Oct 3, 2003",Out of Time,50000000,41083108,55489826,14406718,-8916892,-35593282,5489826,-0.003,-0.01,0.002,Domestic
1149,1149,50,"Nov 12, 2004",Bridget Jones: The Edge Of Reason,50000000,40203020,263894551,223691531,-9796980,173691531,213894551,-0.003,0.05,0.062,Domestic
1150,1150,51,"Feb 11, 2000",The Beach,50000000,39778599,39778599,0,-10221401,-50000000,-10221401,-0.003,-0.014,-0.003,Domestic
1151,1151,52,"Jun 10, 2005",The Adventures of Sharkboy and Lavagirl in 3-D,50000000,39177684,69425966,30248282,-10822316,-19751718,19425966,-0.003,-0.006,0.006,Domestic
1152,1152,53,"Feb 18, 1994",On Deadly Ground,50000000,38590458,38590458,0,-11409542,-50000000,-11409542,-0.003,-0.014,-0.003,Domestic
1153,1153,54,"Nov 25, 2009",Ninja Assassin,50000000,38122883,62209892,24087009,-11877117,-25912991,12209892,-0.003,-0.007,0.004,Domestic
1154,1154,55,"May 28, 2004",Raising Helen,50000000,37485528,49928680,12443152,-12514472,-37556848,-71320,-0.004,-0.011,-0.0,Domestic
1155,1155,56,"May 20, 2016",The Nice Guys,50000000,36261763,59596747,23334984,-13738237,-26665016,9596747,-0.004,-0.008,0.003,Domestic
1156,1156,57,"Sep 17, 1999",For Love of the Game,50000000,35188640,46112640,10924000,-14811360,-39076000,-3887360,-0.004,-0.011,-0.001,Domestic
1157,1157,58,"Dec 11, 1998",Jack Frost,50000000,34645374,34645374,0,-15354626,-50000000,-15354626,-0.004,-0.014,-0.004,Domestic
1158,1158,59,"Jun 4, 2010",Marmaduke,50000000,33644788,89895930,56251142,-16355212,6251142,39895930,-0.005,0.002,0.012,Domestic
1159,1159,60,"Jun 28, 1996",Striptease,50000000,33109743,113309743,80200000,-16890257,30200000,63309743,-0.005,0.009,0.018,Domestic
1160,1160,61,"Oct 15, 2010",Hereafter,50000000,32746941,108660270,75913329,-17253059,25913329,58660270,-0.005,0.007,0.017,Domestic
1161,1161,62,"Apr 19, 2002",Murder by Numbers,50000000,31874869,56643267,24768398,-18125131,-25231602,6643267,-0.005,-0.007,0.002,Domestic
1162,1162,63,"Oct 6, 1995",Assassins,50000000,30306268,83306268,53000000,-19693732,3000000,33306268,-0.006,0.001,0.01,Domestic
1163,1163,64,"Feb 12, 2016",Zoolander 2,50000000,28848693,55348693,26500000,-21151307,-23500000,5348693,-0.006,-0.007,0.002,Domestic
1164,1164,65,"Jan 16, 2009",Defiance,50000000,28644813,52987754,24342941,-21355187,-25657059,2987754,-0.006,-0.007,0.001,Domestic
1165,1165,66,"Feb 9, 2007",Hannibal Rising,50000000,27669725,80583311,52913586,-22330275,2913586,30583311,-0.006,0.001,0.009,Domestic
1166,1166,67,"Oct 15, 1999",The Story of Us,50000000,27100030,27100030,0,-22899970,-50000000,-22899970,-0.007,-0.014,-0.007,Domestic
1167,1167,68,"Mar 29, 2013",The Host,50000000,26623701,64477051,37853350,-23376299,-12146650,14477051,-0.007,-0.004,0.004,Domestic
1168,1168,69,"Mar 28, 2003",Basic,50000000,26599248,42598498,15999250,-23400752,-34000750,-7401502,-0.007,-0.01,-0.002,Domestic
1169,1169,70,"Mar 13, 2015",Run All Night,50000000,26461644,66961644,40500000,-23538356,-9500000,16961644,-0.007,-0.003,0.005,Domestic
1170,1170,71,"Aug 9, 2002",Blood Work,50000000,26199517,26199517,0,-23800483,-50000000,-23800483,-0.007,-0.014,-0.007,Domestic
1171,1171,72,"Feb 13, 2009",The International,50000000,25450527,53850527,28400000,-24549473,-21600000,3850527,-0.007,-0.006,0.001,Domestic
1172,1172,73,"Aug 9, 1996",Escape from L.A.,50000000,25426861,25426861,0,-24573139,-50000000,-24573139,-0.007,-0.014,-0.007,Domestic
1173,1173,74,"Feb 27, 2004",Twisted,50000000,25195050,40119848,14924798,-24804950,-35075202,-9880152,-0.007,-0.01,-0.003,Domestic
1174,1174,75,"Dec 10, 2004",The Life Aquatic with Steve Zissou,50000000,24006726,34806726,10800000,-25993274,-39200000,-15193274,-0.008,-0.011,-0.004,Domestic
1175,1175,76,"Aug 4, 1999",The Iron Giant,50000000,23159305,31333917,8174612,-26840695,-41825388,-18666083,-0.008,-0.012,-0.005,Domestic
1176,1176,77,"Apr 12, 2019",Hellboy,50000000,21903748,40725492,18821744,-28096252,-31178256,-9274508,-0.008,-0.009,-0.003,Domestic
1177,1177,78,"Apr 8, 2011",Your Highness,50000000,21596445,26121638,4525193,-28403555,-45474807,-23878362,-0.008,-0.013,-0.007,Domestic
1178,1178,79,"Sep 16, 2016",Snowden,50000000,21587519,35380918,13793399,-28412481,-36206601,-14619082,-0.008,-0.01,-0.004,Domestic
1179,1179,80,"Sep 30, 2011",Dream House,50000000,21302340,41642166,20339826,-28697660,-29660174,-8357834,-0.008,-0.009,-0.002,Domestic
1180,1180,81,"Jun 24, 2016",Free State of Jones,50000000,20810036,23237252,2427216,-29189964,-47572784,-26762748,-0.008,-0.014,-0.008,Domestic
1181,1181,82,"Sep 4, 2009",Gamer,50000000,20534907,42002029,21467122,-29465093,-28532878,-7997971,-0.009,-0.008,-0.002,Domestic
1182,1182,83,"Feb 25, 2005",Man of the House,50000000,19699706,22099706,2400000,-30300294,-47600000,-27900294,-0.009,-0.014,-0.008,Domestic
1183,1183,84,"Feb 21, 2003",The Life of David Gale,50000000,19694635,28920188,9225553,-30305365,-40774447,-21079812,-0.009,-0.012,-0.006,Domestic
1184,1184,85,"Feb 14, 2013",Beautiful Creatures,50000000,19452138,60282876,40830738,-30547862,-9169262,10282876,-0.009,-0.003,0.003,Domestic
1185,1185,86,"Sep 30, 2005",Into the Blue,50000000,18782227,41982227,23200000,-31217773,-26800000,-8017773,-0.009,-0.008,-0.002,Domestic
1186,1186,87,"Sep 14, 2007",Eastern Promises,50000000,17181265,56077088,38895823,-32818735,-11104177,6077088,-0.009,-0.003,0.002,Domestic
1187,1187,88,"Jul 1, 1994",Baby's Day Out,50000000,16581575,16581575,0,-33418425,-50000000,-33418425,-0.01,-0.014,-0.01,Domestic
1188,1188,89,"Nov 12, 1999",The Messenger: The Story of Joan of Arc,50000000,14271297,14271297,0,-35728703,-50000000,-35728703,-0.01,-0.014,-0.01,Domestic
1189,1189,90,"Nov 3, 1995",Fair Game,50000000,11497497,26097497,14600000,-38502503,-35400000,-23902503,-0.011,-0.01,-0.007,Domestic
1190,1190,91,"Feb 25, 2011",Drive Angry,50000000,10721033,41042583,30321550,-39278967,-19678450,-8957417,-0.011,-0.006,-0.003,Domestic
1191,1191,92,"Nov 7, 1997",Mad City,50000000,10561038,10561038,0,-39438962,-50000000,-39438962,-0.011,-0.014,-0.011,Domestic
1192,1192,93,"Oct 13, 1995",The Scarlet Letter,50000000,10359006,10359006,0,-39640994,-50000000,-39640994,-0.011,-0.014,-0.011,Domestic
1193,1193,94,"Oct 14, 2005",Domino,50000000,10169202,23574057,13404855,-39830798,-36595145,-26425943,-0.012,-0.011,-0.008,Domestic
1194,1194,95,"Oct 13, 1995",Jade,50000000,9812870,9812870,0,-40187130,-50000000,-40187130,-0.012,-0.014,-0.012,Domestic
1195,1195,96,"Feb 27, 2009",Street Fighter: The Legend of Chun-Li,50000000,8742261,12660287,3918026,-41257739,-46081974,-37339713,-0.012,-0.013,-0.011,Domestic
1196,1196,97,"Mar 29, 2002",Death to Smoochy,50000000,8355815,8374062,18247,-41644185,-49981753,-41625938,-0.012,-0.014,-0.012,Domestic
1197,1197,98,"Feb 16, 2018",Early Man,50000000,8267544,45285890,37018346,-41732456,-12981654,-4714110,-0.012,-0.004,-0.001,Domestic
1198,1198,99,"Nov 13, 2009",The Boat That Rocked,50000000,8017467,37472651,29455184,-41982533,-20544816,-12527349,-0.012,-0.006,-0.004,Domestic
1199,1199,100,"Jan 30, 2004",The Big Bounce,50000000,6471394,6626115,154721,-43528606,-49845279,-43373885,-0.013,-0.014,-0.013,Domestic
1200,1200,1,"Mar 3, 2000",What Planet Are You From?,50000000,6291602,6291602,0,-43708398,-50000000,-43708398,-0.013,-0.014,-0.013,Domestic
1201,1201,2,"Apr 17, 2015",Child 44,50000000,1224330,8004221,6779891,-48775670,-43220109,-41995779,-0.014,-0.012,-0.012,Domestic
1202,1202,3,"Jan 23, 2009",Outlander,50000000,166003,1250617,1084614,-49833997,-48915386,-48749383,-0.014,-0.014,-0.014,Domestic
1203,1203,4,"Mar 15, 2013",Upside Down,50000000,102118,26387039,26284921,-49897882,-23715079,-23612961,-0.014,-0.007,-0.007,Domestic
1204,1204,5,"Oct 2, 2015",Shanghai,50000000,46425,15505922,15459497,-49953575,-34540503,-34494078,-0.014,-0.01,-0.01,Domestic
1209,1209,10,"Nov 2, 2001",The One,49000000,43905746,72689126,28783380,-5094254,-20216620,23689126,-0.001,-0.006,0.007,Domestic
1210,1210,11,"Mar 6, 2015",Chappie,49000000,31569268,105002056,73432788,-17430732,24432788,56002056,-0.005,0.007,0.016,Domestic
1211,1211,12,"Jul 11, 1990",The Adventures of Ford Fairlane,49000000,20423389,20423389,0,-28576611,-49000000,-28576611,-0.008,-0.014,-0.008,Domestic
1212,1212,13,"Nov 16, 2012",Anna Karenina,49000000,12816367,71004627,58188260,-36183633,9188260,22004627,-0.01,0.003,0.006,Domestic
1213,1213,14,"May 24, 1989",Indiana Jones and the Last Crusade,48000000,197171806,474171806,277000000,149171806,229000000,426171806,0.043,0.066,0.123,Domestic
1214,1214,15,"Oct 18, 2002",The Ring,48000000,129094024,248218486,119124462,81094024,71124462,200218486,0.023,0.021,0.058,Domestic
1215,1215,16,"Dec 27, 2000",Traffic,48000000,124107476,208300000,84192524,76107476,36192524,160300000,0.022,0.01,0.046,Domestic
1216,1216,17,"Mar 29, 2002",Panic Room,48000000,95308367,196308367,101000000,47308367,53000000,148308367,0.014,0.015,0.043,Domestic
1217,1217,18,"Jan 9, 2015",Taken 3,48000000,89256424,327656424,238400000,41256424,190400000,279656424,0.012,0.055,0.081,Domestic
1218,1218,19,"Aug 6, 1999",The Thomas Crown Affair,48000000,69304264,124304264,55000000,21304264,7000000,76304264,0.006,0.002,0.022,Domestic
1219,1219,20,"Nov 16, 2018",Instant Family,48000000,67363237,119736188,52372951,19363237,4372951,71736188,0.006,0.001,0.021,Domestic
1220,1220,21,"Nov 5, 1999",The Bone Collector,48000000,66488090,151463090,84975000,18488090,36975000,103463090,0.005,0.011,0.03,Domestic
1221,1221,22,"Oct 1, 1999",Three Kings,48000000,60652036,107752036,47100000,12652036,-900000,59752036,0.004,-0.0,0.017,Domestic
1222,1222,23,"Jan 22, 2010",Tooth Fairy,48000000,60022256,112610386,52588130,12022256,4588130,64610386,0.003,0.001,0.019,Domestic
1223,1223,24,"Aug 17, 2001",Rat Race,48000000,56607223,86607223,30000000,8607223,-18000000,38607223,0.002,-0.005,0.011,Domestic
1224,1224,25,"Sep 7, 2007",3:10 to Yuma,48000000,53606916,71171825,17564909,5606916,-30435091,23171825,0.002,-0.009,0.007,Domestic
1225,1225,26,"Aug 13, 2001",K-PAX,48000000,50315140,50315140,0,2315140,-48000000,2315140,0.001,-0.014,0.001,Domestic
1226,1226,27,"Dec 25, 2001",Kate and Leopold,48000000,47095453,70937778,23842325,-904547,-24157675,22937778,-0.0,-0.007,0.007,Domestic
1227,1227,28,"Oct 20, 2000",Bedazzled,48000000,37879996,90376224,52496228,-10120004,4496228,42376224,-0.003,0.001,0.012,Domestic
1228,1228,29,"Jun 26, 1998",Out of Sight,48000000,37562568,77562568,40000000,-10437432,-8000000,29562568,-0.003,-0.002,0.009,Domestic
1229,1229,30,"Dec 14, 1984",The Cotton Club,48000000,25928721,25928721,0,-22071279,-48000000,-22071279,-0.006,-0.014,-0.006,Domestic
1230,1230,31,"Jan 25, 2008",Rambo,47500000,42754105,112214531,69460426,-4745895,21960426,64714531,-0.001,0.006,0.019,Domestic
1231,1231,32,"Jul 13, 2016",The Infiltrator,47500000,15436808,20718104,5281296,-32063192,-42218704,-26781896,-0.009,-0.012,-0.008,Domestic
1232,1232,33,"Jun 15, 1990",Dick Tracy,47000000,103738726,162738726,59000000,56738726,12000000,115738726,0.016,0.003,0.033,Domestic
1233,1233,34,"Nov 11, 2016",Arrival,47000000,100546139,203127894,102581755,53546139,55581755,156127894,0.015,0.016,0.045,Domestic
1234,1234,35,"Jun 14, 1996",The Cable Guy,47000000,60240295,102825796,42585501,13240295,-4414499,55825796,0.004,-0.001,0.016,Domestic
1235,1235,36,"Apr 22, 2009",Earth,47000000,32011576,116773317,84761741,-14988424,37761741,69773317,-0.004,0.011,0.02,Domestic
1236,1236,37,"Oct 19, 2001",Riding in Cars with Boys,47000000,29781453,29781453,0,-17218547,-47000000,-17218547,-0.005,-0.014,-0.005,Domestic
1237,1237,38,"Jan 5, 2007",Happily N'Ever After,47000000,15849032,37923818,22074786,-31150968,-24925214,-9076182,-0.009,-0.007,-0.003,Domestic
1238,1238,39,"Nov 27, 2002",Solaris,47000000,14970038,14970038,0,-32029962,-47000000,-32029962,-0.009,-0.014,-0.009,Domestic
1239,1239,40,"Jun 18, 2010",Jonah Hex,47000000,10547117,11022696,475579,-36452883,-46524421,-35977304,-0.011,-0.013,-0.01,Domestic
1240,1240,41,"Feb 23, 1996",Mary Reilly,47000000,5707094,12900000,7192906,-41292906,-39807094,-34100000,-0.012,-0.011,-0.01,Domestic
1241,1241,42,"Dec 23, 2016",Silence,46500000,7100177,23726626,16626449,-39399823,-29873551,-22773374,-0.011,-0.009,-0.007,Domestic
1242,1242,43,"Nov 1, 2013",Mr. Nobody,46500000,3622,22254,18632,-46496378,-46481368,-46477746,-0.013,-0.013,-0.013,Domestic
1243,1243,44,"Jun 20, 1997",My Best Friend's Wedding,46000000,126813153,298923419,172110266,80813153,126110266,252923419,0.023,0.036,0.073,Domestic
1244,1244,45,"Jul 20, 2001",America's Sweethearts,46000000,93607673,160648493,67040820,47607673,21040820,114648493,0.014,0.006,0.033,Domestic
1245,1245,46,"Nov 22, 1996",Star Trek: First Contact,46000000,92027888,150000000,57972112,46027888,11972112,104000000,0.013,0.003,0.03,Domestic
1246,1246,47,"May 24, 2002",Insomnia,46000000,67263182,113622499,46359317,21263182,359317,67622499,0.006,0.0,0.02,Domestic
1247,1247,48,"Sep 20, 2013",Prisoners,46000000,61002302,113402302,52400000,15002302,6400000,67402302,0.004,0.002,0.019,Domestic
1248,1248,49,"Jul 12, 1996",Courage Under Fire,46000000,59003384,100833145,41829761,13003384,-4170239,54833145,0.004,-0.001,0.016,Domestic
1249,1249,50,"Sep 17, 1982",Inchon,46000000,4408636,4408636,0,-41591364,-46000000,-41591364,-0.012,-0.013,-0.012,Domestic
1250,1250,51,"Dec 31, 2010",Arthur and the War of Two Worlds,45500000,347136,36180824,35833688,-45152864,-9666312,-9319176,-0.013,-0.003,-0.003,Domestic
1251,1251,52,"Mar 21, 1997",Liar Liar,45000000,181410615,302710615,121300000,136410615,76300000,257710615,0.039,0.022,0.074,Domestic
1252,1252,53,"Nov 20, 1998",A Bug's Life,45000000,162798565,363095319,200296754,117798565,155296754,318095319,0.034,0.045,0.092,Domestic
1253,1253,54,"Oct 5, 2012",Taken 2,45000000,139854287,377807404,237953117,94854287,192953117,332807404,0.027,0.056,0.096,Domestic
1254,1254,55,"May 27, 1994",The Flintstones,45000000,130531208,358500000,227968792,85531208,182968792,313500000,0.025,0.053,0.091,Domestic
1255,1255,56,"Oct 24, 2003",Scary Movie 3,45000000,110000082,155200000,45199918,65000082,199918,110200000,0.019,0.0,0.032,Domestic
1256,1256,57,"Dec 22, 2000",Miss Congeniality,45000000,106807667,213420951,106613284,61807667,61613284,168420951,0.018,0.018,0.049,Domestic
1257,1257,58,"Dec 22, 2017",Pitch Perfect 3,45000000,104897530,185736412,80838882,59897530,35838882,140736412,0.017,0.01,0.041,Domestic
1258,1258,59,"Jul 11, 2008",Journey to the Center of the Earth,45000000,101704370,243180937,141476567,56704370,96476567,198180937,0.016,0.028,0.057,Domestic
1259,1259,60,"Dec 17, 1993",The Pelican Brief,45000000,100768056,187995859,87227803,55768056,42227803,142995859,0.016,0.012,0.041,Domestic
1260,1260,61,"Aug 11, 2004",The Princess Diaries 2: Royal Engagement,45000000,95149435,122071435,26922000,50149435,-18078000,77071435,0.014,-0.005,0.022,Domestic
1261,1261,62,"Dec 25, 2007",The Bucket List,45000000,93466502,174807445,81340943,48466502,36340943,129807445,0.014,0.01,0.037,Domestic
1262,1262,63,"Jul 20, 1994",The Client,45000000,92115211,117615211,25500000,47115211,-19500000,72615211,0.014,-0.006,0.021,Domestic
1263,1263,64,"Nov 23, 2011",The Muppets,45000000,88625922,160971922,72346000,43625922,27346000,115971922,0.013,0.008,0.033,Domestic
1264,1264,65,"Jun 5, 1992",Patriot Games,45000000,83287363,178100000,94812637,38287363,49812637,133100000,0.011,0.014,0.038,Domestic
1265,1265,66,"May 13, 2005",Monster-in-Law,45000000,82931301,155931301,73000000,37931301,28000000,110931301,0.011,0.008,0.032,Domestic
1266,1266,67,"Oct 5, 2001",Training Day,45000000,76261036,104505362,28244326,31261036,-16755674,59505362,0.009,-0.005,0.017,Domestic
1267,1267,68,"Oct 7, 2016",The Girl on the Train,45000000,75395035,174278214,98883179,30395035,53883179,129278214,0.009,0.016,0.037,Domestic
1268,1268,69,"Dec 24, 1999",Galaxy Quest,45000000,71423726,90523726,19100000,26423726,-25900000,45523726,0.008,-0.007,0.013,Domestic
1269,1269,70,"Jul 4, 2001",Scary Movie 2,45000000,71277420,141189101,69911681,26277420,24911681,96189101,0.008,0.007,0.028,Domestic
1270,1270,71,"Aug 21, 1998",Blade,45000000,70141876,131237688,61095812,25141876,16095812,86237688,0.007,0.005,0.025,Domestic
1271,1271,72,"Jan 14, 2005",Coach Carter,45000000,67264877,76665507,9400630,22264877,-35599370,31665507,0.006,-0.01,0.009,Domestic
1272,1272,73,"Mar 19, 2010",The Bounty Hunter,45000000,67061228,135808837,68747609,22061228,23747609,90808837,0.006,0.007,0.026,Domestic
1273,1273,74,"Apr 12, 2002",Changing Lanes,45000000,66790248,66790248,0,21790248,-45000000,21790248,0.006,-0.013,0.006,Domestic
1274,1274,75,"Apr 11, 1997",Anaconda,45000000,65598907,136998907,71400000,20598907,26400000,91998907,0.006,0.008,0.027,Domestic
1275,1275,76,"Jan 20, 2006",Underworld: Evolution,45000000,62318875,113417762,51098887,17318875,6098887,68417762,0.005,0.002,0.02,Domestic
1276,1276,77,"Aug 4, 2000",Coyote Ugly,45000000,60786269,113916474,53130205,15786269,8130205,68916474,0.005,0.002,0.02,Domestic
1277,1277,78,"Nov 7, 2003",Love Actually,45000000,59472278,248505300,189033022,14472278,144033022,203505300,0.004,0.042,0.059,Domestic
1278,1278,79,"Aug 9, 1996",Jack,45000000,58617334,58617334,0,13617334,-45000000,13617334,0.004,-0.013,0.004,Domestic
1279,1279,80,"Oct 7, 1994",The Specialist,45000000,57362581,57362581,0,12362581,-45000000,12362581,0.004,-0.013,0.004,Domestic
1280,1280,81,"Dec 9, 2016",Office Christmas Party,45000000,54767494,91323299,36555805,9767494,-8444195,46323299,0.003,-0.002,0.013,Domestic
1281,1281,82,"Aug 16, 1996",Tin Cup,45000000,53854588,75854588,22000000,8854588,-23000000,30854588,0.003,-0.007,0.009,Domestic
1282,1282,83,"Nov 23, 2005","Yours, Mine and Ours",45000000,53359917,72359917,19000000,8359917,-26000000,27359917,0.002,-0.008,0.008,Domestic
1283,1283,84,"May 13, 2005",Kicking and Screaming,45000000,52842724,55842724,3000000,7842724,-42000000,10842724,0.002,-0.012,0.003,Domestic
1284,1284,85,"Apr 29, 2005",The Hitchhiker's Guide to the Galaxy,45000000,51019112,102746214,51727102,6019112,6727102,57746214,0.002,0.002,0.017,Domestic
1285,1285,86,"Sep 21, 2007",Resident Evil: Extinction,45000000,50648679,149871103,99222424,5648679,54222424,104871103,0.002,0.016,0.03,Domestic
1286,1286,87,"Dec 25, 2004",Fat Albert,45000000,48114556,48563556,449000,3114556,-44551000,3563556,0.001,-0.013,0.001,Domestic
1287,1287,88,"Jul 6, 2012",Savages,45000000,47323100,82513490,35190390,2323100,-9809610,37513490,0.001,-0.003,0.011,Domestic
1288,1288,89,"Sep 30, 1994",The River Wild,45000000,46815000,94215000,47400000,1815000,2400000,49215000,0.001,0.001,0.014,Domestic
1289,1289,90,"May 23, 2014",Blended,45000000,46290741,127990741,81700000,1290741,36700000,82990741,0.0,0.011,0.024,Domestic
1290,1290,91,"Jun 16, 2017",All Eyez on Me,45000000,44922302,54876855,9954553,-77698,-35045447,9876855,-0.0,-0.01,0.003,Domestic
1291,1291,92,"Jan 13, 2006",Last Holiday,45000000,38399961,43343247,4943286,-6600039,-40056714,-1656753,-0.002,-0.012,-0.0,Domestic
1292,1292,93,"Mar 3, 2006",16 Blocks,45000000,36895141,65595141,28700000,-8104859,-16300000,20595141,-0.002,-0.005,0.006,Domestic
1293,1293,94,"Jul 14, 1995",The Indian in the Cupboard,45000000,35627222,35627222,0,-9372778,-45000000,-9372778,-0.003,-0.013,-0.003,Domestic
1294,1294,95,"Sep 10, 2004",Cellular,45000000,32003620,61475984,29472364,-12996380,-15527636,16475984,-0.004,-0.004,0.005,Domestic
1295,1295,96,"Jul 28, 2006",The Ant Bully,45000000,28142535,49610898,21468363,-16857465,-23531637,4610898,-0.005,-0.007,0.001,Domestic
1296,1296,97,"Jul 18, 2003",Johnny English,45000000,28013509,163126676,135113167,-16986491,90113167,118126676,-0.005,0.026,0.034,Domestic
1297,1297,98,"Dec 14, 1984",Dune,45000000,27447471,27447471,0,-17552529,-45000000,-17552529,-0.005,-0.013,-0.005,Domestic
1298,1298,99,"Jul 31, 2009",Aliens in the Attic,45000000,25200412,59551283,34350871,-19799588,-10649129,14551283,-0.006,-0.003,0.004,Domestic
1299,1299,100,"Sep 14, 2007",Across the Universe,45000000,24343673,29367143,5023470,-20656327,-39976530,-15632857,-0.006,-0.012,-0.005,Domestic
1300,1300,1,"Dec 26, 2008",Revolutionary Road,45000000,22951340,79604820,56653480,-22048660,11653480,34604820,-0.006,0.003,0.01,Domestic
1301,1301,2,"Aug 29, 2008",Babylon A.D.,45000000,22532572,70216497,47683925,-22467428,2683925,25216497,-0.006,0.001,0.007,Domestic
1302,1302,3,"Nov 4, 1994",Frankenstein,45000000,22006296,112006296,90000000,-22993704,45000000,67006296,-0.007,0.013,0.019,Domestic
1303,1303,4,"Oct 4, 1996",The Glimmer Man,45000000,20404841,36404841,16000000,-24595159,-29000000,-8595159,-0.007,-0.008,-0.002,Domestic
1304,1304,5,"Jul 17, 1996",Multiplicity,45000000,20133326,20133326,0,-24866674,-45000000,-24866674,-0.007,-0.013,-0.007,Domestic
1305,1305,6,"May 3, 2019",UglyDolls,45000000,19894664,24644664,4750000,-25105336,-40250000,-20355336,-0.007,-0.012,-0.006,Domestic
1306,1306,7,"Jan 19, 2001",The Pledge,45000000,19719930,29406132,9686202,-25280070,-35313798,-15593868,-0.007,-0.01,-0.005,Domestic
1307,1307,8,"Dec 16, 2005",The Producers: The Movie Musical,45000000,19398532,32952995,13554463,-25601468,-31445537,-12047005,-0.007,-0.009,-0.003,Domestic
1308,1308,9,"Jun 7, 1996",The Phantom,45000000,17220599,17220599,0,-27779401,-45000000,-27779401,-0.008,-0.013,-0.008,Domestic
1309,1309,10,"Jul 1, 2005",Rebound,45000000,16809014,17492014,683000,-28190986,-44317000,-27507986,-0.008,-0.013,-0.008,Domestic
1310,1310,11,"Feb 19, 2010",The Ghost Writer,45000000,15541549,65532491,49990942,-29458451,4990942,20532491,-0.009,0.001,0.006,Domestic
1311,1311,12,"Dec 22, 2000",All the Pretty Horses,45000000,15527125,18120267,2593142,-29472875,-42406858,-26879733,-0.009,-0.012,-0.008,Domestic
1312,1312,13,"Sep 5, 2008",Bangkok Dangerous,45000000,15298133,46598133,31300000,-29701867,-13700000,1598133,-0.009,-0.004,0.0,Domestic
1313,1313,14,"Dec 20, 1995",Nixon,45000000,13668249,34668249,21000000,-31331751,-24000000,-10331751,-0.009,-0.007,-0.003,Domestic
1314,1314,15,"Sep 21, 2012",Dredd,45000000,13414714,41467606,28052892,-31585286,-16947108,-3532394,-0.009,-0.005,-0.001,Domestic
1315,1315,16,"Oct 28, 2011",The Rum Diary,45000000,13109815,21544732,8434917,-31890185,-36565083,-23455268,-0.009,-0.011,-0.007,Domestic
1316,1316,17,"Jan 30, 1998",Deep Rising,45000000,11203026,11203026,0,-33796974,-45000000,-33796974,-0.01,-0.013,-0.01,Domestic
1317,1317,18,"Dec 21, 2018",Welcome to Marwen,45000000,10763520,12874922,2111402,-34236480,-42888598,-32125078,-0.01,-0.012,-0.009,Domestic
1318,1318,19,"Oct 21, 2011",Johnny English Reborn,45000000,8406711,164640401,156233690,-36593289,111233690,119640401,-0.011,0.032,0.035,Domestic
1319,1319,20,"Sep 26, 2008",Miracle at St. Anna,45000000,7916887,9676497,1759610,-37083113,-43240390,-35323503,-0.011,-0.012,-0.01,Domestic
1320,1320,21,"Apr 5, 2002",Big Trouble,45000000,7262288,8488871,1226583,-37737712,-43773417,-36511129,-0.011,-0.013,-0.011,Domestic
1321,1321,22,"Dec 21, 2006",Man cheng jin dai huang jin jia,45000000,6566773,76904429,70337656,-38433227,25337656,31904429,-0.011,0.007,0.009,Domestic
1322,1322,23,"Nov 16, 2007",Love in the Time of Cholera,45000000,4617608,31077418,26459810,-40382392,-18540190,-13922582,-0.012,-0.005,-0.004,Domestic
1323,1323,24,"Dec 25, 2002",Pinocchio,45000000,3681811,31681811,28000000,-41318189,-17000000,-13318189,-0.012,-0.005,-0.004,Domestic
1324,1324,25,"Jan 31, 1997",Shadow Conspiracy,45000000,2154540,2154540,0,-42845460,-45000000,-42845460,-0.012,-0.013,-0.012,Domestic
1326,1326,27,"Oct 12, 2012",Argo,44500000,136025503,227140757,91115254,91525503,46615254,182640757,0.026,0.013,0.053,Domestic
1327,1327,28,"Aug 6, 1993",The Fugitive,44000000,183875760,353715317,169839557,139875760,125839557,309715317,0.04,0.036,0.089,Domestic
1328,1328,29,"May 22, 1985",Rambo: First Blood Part II,44000000,150415432,300400000,149984568,106415432,105984568,256400000,0.031,0.031,0.074,Domestic
1329,1329,30,"Oct 18, 1996",Sleepers,44000000,53300852,165600852,112300000,9300852,68300000,121600852,0.003,0.02,0.035,Domestic
1330,1330,31,"Jul 30, 2010",Charlie St. Cloud,44000000,31206263,48478084,17271821,-12793737,-26728179,4478084,-0.004,-0.008,0.001,Domestic
1331,1331,32,"Feb 2, 1996",The Juror,44000000,22730924,22730924,0,-21269076,-44000000,-21269076,-0.006,-0.013,-0.006,Domestic
1332,1332,33,"Feb 6, 2014",The Interview,44000000,6105175,12342632,6237457,-37894825,-37762543,-31657368,-0.011,-0.011,-0.009,Domestic
1333,1333,34,"Nov 19, 1980",Heaven's Gate,44000000,3484331,3484523,192,-40515669,-43999808,-40515477,-0.012,-0.013,-0.012,Domestic
1334,1334,35,"Jun 28, 2013",The Heat,43000000,159581587,229727774,70146187,116581587,27146187,186727774,0.034,0.008,0.054,Domestic
1335,1335,36,"Dec 19, 2000",Finding Forrester,43000000,51768623,80013623,28245000,8768623,-14755000,37013623,0.003,-0.004,0.011,Domestic
1336,1336,37,"Apr 14, 2000",28 Days,43000000,37035515,62063972,25028457,-5964485,-17971543,19063972,-0.002,-0.005,0.006,Domestic
1337,1337,38,"May 13, 2005",Danny the Dog,43000000,24537621,49037621,24500000,-18462379,-18500000,6037621,-0.005,-0.005,0.002,Domestic
1338,1338,39,"Apr 12, 2002",The Sweetest Thing,43000000,24430272,63078756,38648484,-18569728,-4351516,20078756,-0.005,-0.001,0.006,Domestic
1339,1339,40,"Nov 9, 2018",The Girl in the Spiderâs Web,43000000,14828555,34983342,20154787,-28171445,-22845213,-8016658,-0.008,-0.007,-0.002,Domestic
1340,1340,41,"Jan 6, 2017",A Monster Calls,43000000,3740823,46414530,42673707,-39259177,-326293,3414530,-0.011,-0.0,0.001,Domestic
1341,1341,42,"Jan 28, 2011",The Mechanic,42500000,29121498,76347393,47225895,-13378502,4725895,33847393,-0.004,0.001,0.01,Domestic
1342,1342,43,"Jun 30, 1993",The Firm,42000000,158340892,270340892,112000000,116340892,70000000,228340892,0.034,0.02,0.066,Domestic
1343,1343,44,"Mar 16, 2012",21 Jump Street,42000000,138447667,202812429,64364762,96447667,22364762,160812429,0.028,0.006,0.046,Domestic
1344,1344,45,"May 28, 1999",Notting Hill,42000000,116089678,363728085,247638407,74089678,205638407,321728085,0.021,0.059,0.093,Domestic
1345,1345,46,"Jun 21, 2000",Chicken Run,42000000,106793915,227793915,121000000,64793915,79000000,185793915,0.019,0.023,0.054,Domestic
1346,1346,47,"Jan 16, 2004",Along Came Polly,42000000,88073507,173044410,84970903,46073507,42970903,131044410,0.013,0.012,0.038,Domestic
1347,1347,48,"Jul 1, 1992",Boomerang,42000000,70052444,131052444,61000000,28052444,19000000,89052444,0.008,0.005,0.026,Domestic
1348,1348,49,"Jul 10, 2009",BrÃ¼no,42000000,60054530,138708527,78653997,18054530,36653997,96708527,0.005,0.011,0.028,Domestic
1349,1349,50,"Jun 12, 1963",Cleopatra,42000000,57000000,71000000,14000000,15000000,-28000000,29000000,0.004,-0.008,0.008,Domestic
1350,1350,51,"May 12, 2017",Snatched,42000000,45852178,57852177,11999999,3852178,-30000001,15852177,0.001,-0.009,0.005,Domestic
1351,1351,52,"Oct 12, 2012",Here Comes the Boom,42000000,45290318,73239258,27948940,3290318,-14051060,31239258,0.001,-0.004,0.009,Domestic
1352,1352,53,"Apr 5, 2002",High Crimes,42000000,41543207,63781100,22237893,-456793,-19762107,21781100,-0.0,-0.006,0.006,Domestic
1353,1353,54,"Nov 15, 1996",The Mirror Has Two Faces,42000000,41267469,41267469,0,-732531,-42000000,-732531,-0.0,-0.012,-0.0,Domestic
1354,1354,55,"Mar 11, 2011",Red Riding Hood,42000000,37662162,91678442,54016280,-4337838,12016280,49678442,-0.001,0.003,0.014,Domestic
1355,1355,56,"Jan 25, 2002",The Mothman Prophecies,42000000,35228696,56438555,21209859,-6771304,-20790141,14438555,-0.002,-0.006,0.004,Domestic
1356,1356,57,"Jul 14, 1989",Licence to Kill,42000000,34667015,156167015,121500000,-7332985,79500000,114167015,-0.002,0.023,0.033,Domestic
1357,1357,58,"Dec 25, 2018",Holmes & Watson,42000000,30568743,41926605,11357862,-11431257,-30642138,-73395,-0.003,-0.009,-0.0,Domestic
1358,1358,59,"Jan 27, 2012",One for the Money,42000000,26414527,36197221,9782694,-15585473,-32217306,-5802779,-0.005,-0.009,-0.002,Domestic
1359,1359,60,"Mar 9, 2001",15 Minutes,42000000,24375436,56331864,31956428,-17624564,-10043572,14331864,-0.005,-0.003,0.004,Domestic
1360,1360,61,"Sep 16, 2005",Lord of War,42000000,24149632,60437727,36288095,-17850368,-5711905,18437727,-0.005,-0.002,0.005,Domestic
1361,1361,62,"May 28, 1993",Super Mario Bros.,42000000,20844907,20844907,0,-21155093,-42000000,-21155093,-0.006,-0.012,-0.006,Domestic
1362,1362,63,"Oct 2, 1992",Hero,42000000,19487173,66787173,47300000,-22512827,5300000,24787173,-0.007,0.002,0.007,Domestic
1363,1363,64,"Jan 27, 2012",Man on a Ledge,42000000,18620000,49621440,31001440,-23380000,-10998560,7621440,-0.007,-0.003,0.002,Domestic
1364,1364,65,"Dec 3, 2010",The Warrior's Way,42000000,5666340,8514325,2847985,-36333660,-39152015,-33485675,-0.01,-0.011,-0.01,Domestic
1365,1365,66,"Apr 18, 1997",McHale's Navy,42000000,4408420,4408420,0,-37591580,-42000000,-37591580,-0.011,-0.012,-0.011,Domestic
1366,1366,67,"May 28, 2010",Micmacs,42000000,1259693,11756922,10497229,-40740307,-31502771,-30243078,-0.012,-0.009,-0.009,Domestic
1369,1369,70,"Nov 8, 2002",8 Mile,41000000,116724075,245768384,129044309,75724075,88044309,204768384,0.022,0.025,0.059,Domestic
1370,1370,71,"May 31, 2019",Rocketman,41000000,57342725,108642725,51300000,16342725,10300000,67642725,0.005,0.003,0.02,Domestic
1371,1371,72,"May 11, 2001",A Knightâs Tale,41000000,56083966,100622586,44538620,15083966,3538620,59622586,0.004,0.001,0.017,Domestic
1372,1372,73,"Aug 22, 2003",The Medallion,41000000,22108977,22108977,0,-18891023,-41000000,-18891023,-0.005,-0.012,-0.005,Domestic
1373,1373,74,"Oct 14, 2011",The Big Year,41000000,7204138,7684524,480386,-33795862,-40519614,-33315476,-0.01,-0.012,-0.01,Domestic
1374,1374,75,"Aug 6, 1999",The Sixth Sense,40000000,293506292,672806292,379300000,253506292,339300000,632806292,0.073,0.098,0.183,Domestic
1375,1375,76,"Jul 15, 2005",Wedding Crashers,40000000,209218368,283218368,74000000,169218368,34000000,243218368,0.049,0.01,0.07,Domestic
1376,1376,77,"Jun 11, 2010",The Karate Kid,40000000,176591618,351774938,175183320,136591618,135183320,311774938,0.039,0.039,0.09,Domestic
1377,1377,78,"Feb 13, 2015",Fifty Shades of Grey,40000000,166167230,570998101,404830871,126167230,364830871,530998101,0.036,0.105,0.153,Domestic
1378,1378,79,"Jun 19, 2009",The Proposal,40000000,163958031,314709717,150751686,123958031,110751686,274709717,0.036,0.032,0.079,Domestic
1379,1379,80,"Dec 13, 2013",American Hustle,40000000,150117807,257878294,107760487,110117807,67760487,217878294,0.032,0.02,0.063,Domestic
1380,1380,81,"May 17, 2019",John Wick: Chapter 3 â Parabellum,40000000,141744320,256498033,114753713,101744320,74753713,216498033,0.029,0.022,0.063,Domestic
1381,1381,82,"Dec 25, 2003",Cheaper by the Dozen,40000000,138614544,190212113,51597569,98614544,11597569,150212113,0.028,0.003,0.043,Domestic
1382,1382,83,"Jul 25, 2014",Lucy,40000000,126573960,457507776,330933816,86573960,290933816,417507776,0.025,0.084,0.121,Domestic
1383,1383,84,"Dec 25, 2013",Lone Survivor,40000000,125095601,149804632,24709031,85095601,-15290969,109804632,0.025,-0.004,0.032,Domestic
1384,1384,85,"Nov 22, 1989",Back to the Future Part II,40000000,118450002,332000000,213549998,78450002,173549998,292000000,0.023,0.05,0.084,Domestic
1385,1385,86,"Sep 24, 1999",Double Jeopardy,40000000,116735231,177835231,61100000,76735231,21100000,137835231,0.022,0.006,0.04,Domestic
1386,1386,87,"Jul 25, 2003",Spy Kids 3-D: Game Over,40000000,111760631,167851995,56091364,71760631,16091364,127851995,0.021,0.005,0.037,Domestic
1387,1387,88,"Jul 24, 1996",A Time to Kill,40000000,108766007,152266007,43500000,68766007,3500000,112266007,0.02,0.001,0.032,Domestic
1388,1388,89,"Jul 1, 1992",A League of Their Own,40000000,107533925,132440066,24906141,67533925,-15093859,92440066,0.019,-0.004,0.027,Domestic
1389,1389,90,"Jun 10, 2016",The Conjuring 2: The Enfield Poltergeist,40000000,102470008,311262102,208792094,62470008,168792094,271262102,0.018,0.049,0.078,Domestic
1390,1390,91,"Oct 1, 2010",The Social Network,40000000,96962694,224922135,127959441,56962694,87959441,184922135,0.016,0.025,0.053,Domestic
1391,1391,92,"Aug 7, 2009",Julie & Julia,40000000,94125426,126646119,32520693,54125426,-7479307,86646119,0.016,-0.002,0.025,Domestic
1392,1392,93,"Feb 6, 2009",He's Just Not That Into You,40000000,93953653,181053657,87100004,53953653,47100004,141053657,0.016,0.014,0.041,Domestic
1393,1393,94,"Feb 10, 2017",John Wick: Chapter Two,40000000,92029184,171350009,79320825,52029184,39320825,131350009,0.015,0.011,0.038,Domestic
1394,1394,95,"Jan 15, 2016",Ride Along 2,40000000,90862685,124827316,33964631,50862685,-6035369,84827316,0.015,-0.002,0.024,Domestic
1395,1395,96,"Apr 14, 2006",Scary Movie 4,40000000,90710620,178710620,88000000,50710620,48000000,138710620,0.015,0.014,0.04,Domestic
1396,1396,97,"Mar 27, 2015",Get Hard,40000000,90411453,106511453,16100000,50411453,-23900000,66511453,0.015,-0.007,0.019,Domestic
1397,1397,98,"Feb 4, 2000",Scream 3,40000000,89138076,161838076,72700000,49138076,32700000,121838076,0.014,0.009,0.035,Domestic
1398,1398,99,"May 24, 1990",Back to the Future Part III,40000000,88055283,244088654,156033371,48055283,116033371,204088654,0.014,0.034,0.059,Domestic
1399,1399,100,"Oct 14, 2016",The Accountant,40000000,86260045,152962083,66702038,46260045,26702038,112962083,0.013,0.008,0.033,Domestic
1400,1400,1,"Nov 14, 2014",Dumb and Dumber To,40000000,86208010,156553592,70345582,46208010,30345582,116553592,0.013,0.009,0.034,Domestic
1401,1401,2,"Apr 25, 2014",The Other Woman,40000000,83911193,195111193,111200000,43911193,71200000,155111193,0.013,0.021,0.045,Domestic
1402,1402,3,"Nov 13, 1992",Bram Stoker's Dracula,40000000,82522790,215862692,133339902,42522790,93339902,175862692,0.012,0.027,0.051,Domestic
1403,1403,4,"Feb 17, 2006",Eight Below,40000000,81612565,120455994,38843429,41612565,-1156571,80455994,0.012,-0.0,0.023,Domestic
1404,1404,5,"Dec 24, 1999",The Talented Mr. Ripley,40000000,81292135,128792135,47500000,41292135,7500000,88792135,0.012,0.002,0.026,Domestic
1405,1405,6,"Sep 25, 2015",The Intern,40000000,75764672,197115710,121351038,35764672,81351038,157115710,0.01,0.023,0.045,Domestic
1406,1406,7,"Sep 25, 1992",The Last of the Mohicans,40000000,75505856,75505856,0,35505856,-40000000,35505856,0.01,-0.012,0.01,Domestic
1407,1407,8,"Oct 29, 2004",Ray,40000000,75305995,124823094,49517099,35305995,9517099,84823094,0.01,0.003,0.024,Domestic
1408,1408,9,"Apr 1, 2005",Sin City,40000000,74103820,158527918,84424098,34103820,44424098,118527918,0.01,0.013,0.034,Domestic
1409,1409,10,"Oct 16, 2015",Bridge of Spies,40000000,72313754,162498338,90184584,32313754,50184584,122498338,0.009,0.014,0.035,Domestic
1410,1410,11,"Feb 22, 2008",Vantage Point,40000000,72266306,150886329,78620023,32266306,38620023,110886329,0.009,0.011,0.032,Domestic
1411,1411,12,"Mar 20, 2009","I Love You, Man",40000000,72013010,92302502,20289492,32013010,-19710508,52302502,0.009,-0.006,0.015,Domestic
1412,1412,13,"Nov 9, 2001",Shallow Hal,40000000,70836296,70836296,0,30836296,-40000000,30836296,0.009,-0.012,0.009,Domestic
1413,1413,14,"Dec 20, 1991",JFK,40000000,70405498,205400000,134994502,30405498,94994502,165400000,0.009,0.027,0.048,Domestic
1414,1414,15,"Jan 27, 2006",Big Momma's House 2,40000000,70165972,137047376,66881404,30165972,26881404,97047376,0.009,0.008,0.028,Domestic
1415,1415,16,"Sep 21, 2018",The House with a Clock in its Walls,40000000,68549695,126331750,57782055,28549695,17782055,86331750,0.008,0.005,0.025,Domestic
1416,1416,17,"Nov 4, 2016",Hacksaw Ridge,40000000,67209615,168904682,101695067,27209615,61695067,128904682,0.008,0.018,0.037,Domestic
1417,1417,18,"Mar 2, 2001",The Mexican,40000000,66808615,145238250,78429635,26808615,38429635,105238250,0.008,0.011,0.03,Domestic
1418,1418,19,"Aug 28, 2009",The Final Destination,40000000,66477700,187384627,120906927,26477700,80906927,147384627,0.008,0.023,0.043,Domestic
1419,1419,20,"Apr 17, 2009",17 Again,40000000,64167069,139474906,75307837,24167069,35307837,99474906,0.007,0.01,0.029,Domestic
1420,1420,21,"Feb 18, 2011",Unknown,40000000,63686397,136123083,72436686,23686397,32436686,96123083,0.007,0.009,0.028,Domestic
1421,1421,22,"Jun 4, 2010",Get Him to the Greek,40000000,61153526,91455875,30302349,21153526,-9697651,51455875,0.006,-0.003,0.015,Domestic
1422,1422,23,"Nov 21, 2003",Gothika,40000000,59588068,141484812,81896744,19588068,41896744,101484812,0.006,0.012,0.029,Domestic
1423,1423,24,"Nov 30, 2001",Behind Enemy Lines,40000000,58855732,58855732,0,18855732,-40000000,18855732,0.005,-0.012,0.005,Domestic
1424,1424,25,"Mar 18, 2011",The Lincoln Lawyer,40000000,58009200,87145086,29135886,18009200,-10864114,47145086,0.005,-0.003,0.014,Domestic
1425,1425,26,"Oct 15, 2004",Shall We Dance?,40000000,57887882,118097882,60210000,17887882,20210000,78097882,0.005,0.006,0.023,Domestic
1426,1426,27,"Aug 25, 2006",Invincible,40000000,57806952,58501127,694175,17806952,-39305825,18501127,0.005,-0.011,0.005,Domestic
1427,1427,28,"Feb 15, 2013",Escape From Planet Earth,40000000,57012977,74156610,17143633,17012977,-22856367,34156610,0.005,-0.007,0.01,Domestic
1428,1428,29,"Jul 10, 1998",Small Soldiers,40000000,55143823,71743823,16600000,15143823,-23400000,31743823,0.004,-0.007,0.009,Domestic
1429,1429,30,"Jul 31, 1997",Spawn,40000000,54979992,87949859,32969867,14979992,-7030133,47949859,0.004,-0.002,0.014,Domestic
1430,1430,31,"Nov 26, 2014",Horrible Bosses 2,40000000,54445357,105945357,51500000,14445357,11500000,65945357,0.004,0.003,0.019,Domestic
1431,1431,32,"Jan 25, 2002",The Count of Monte Cristo,40000000,54228104,75389090,21160986,14228104,-18839014,35389090,0.004,-0.005,0.01,Domestic
1432,1432,33,"Oct 20, 2006",The Prestige,40000000,53089891,104407366,51317475,13089891,11317475,64407366,0.004,0.003,0.019,Domestic
1433,1433,34,"Jun 16, 2006",The Lake House,40000000,52330111,114830111,62500000,12330111,22500000,74830111,0.004,0.006,0.022,Domestic
1434,1434,35,"Jul 9, 2010",Predators,40000000,52000688,127234389,75233701,12000688,35233701,87234389,0.003,0.01,0.025,Domestic
1435,1435,36,"Aug 15, 2012",The Odd Life of Timothy Green,40000000,51853450,55249159,3395709,11853450,-36604291,15249159,0.003,-0.011,0.004,Domestic
1436,1436,37,"Jul 31, 1987",The Living Daylights,40000000,51185000,191200000,140015000,11185000,100015000,151200000,0.003,0.029,0.044,Domestic
1437,1437,38,"Dec 8, 2006",Apocalypto,40000000,50866635,121032272,70165637,10866635,30165637,81032272,0.003,0.009,0.023,Domestic
1438,1438,39,"Feb 14, 2007",Music and Lyrics,40000000,50572589,146196885,95624296,10572589,55624296,106196885,0.003,0.016,0.031,Domestic
1439,1439,40,"Jun 18, 1986",Legal Eagles,40000000,49851591,49851591,0,9851591,-40000000,9851591,0.003,-0.012,0.003,Domestic
1440,1440,41,"Mar 12, 2004",Secret Window,40000000,47958031,92111551,44153520,7958031,4153520,52111551,0.002,0.001,0.015,Domestic
1441,1441,42,"Aug 12, 2005",The Skeleton Key,40000000,47907715,92256918,44349203,7907715,4349203,52256918,0.002,0.001,0.015,Domestic
1442,1442,43,"Jun 20, 2014",Jersey Boys,40000000,47047013,65282732,18235719,7047013,-21764281,25282732,0.002,-0.006,0.007,Domestic
1443,1443,44,"May 2, 2008",Made of Honor,40000000,46012734,106548738,60536004,6012734,20536004,66548738,0.002,0.006,0.019,Domestic
1444,1444,45,"Nov 21, 1997",The Rainmaker,40000000,45916769,45916769,0,5916769,-40000000,5916769,0.002,-0.012,0.002,Domestic
1445,1445,46,"Feb 7, 1992",Medicine Man,40000000,44948240,44948240,0,4948240,-40000000,4948240,0.001,-0.012,0.001,Domestic
1446,1446,47,"Dec 12, 1997",Amistad,40000000,44212592,58250151,14037559,4212592,-25962441,18250151,0.001,-0.007,0.005,Domestic
1447,1447,48,"May 30, 2014",A Million Ways to Die in The West,40000000,42720965,86778557,44057592,2720965,4057592,46778557,0.001,0.001,0.014,Domestic
1448,1448,49,"Aug 12, 2011",Final Destination 5,40000000,42587643,155011165,112423522,2587643,72423522,115011165,0.001,0.021,0.033,Domestic
1449,1449,50,"Nov 16, 2018",Widows,40000000,42402632,73866088,31463456,2402632,-8536544,33866088,0.001,-0.002,0.01,Domestic
1450,1450,51,"Apr 8, 2005",Fever Pitch,40000000,42071069,50071069,8000000,2071069,-32000000,10071069,0.001,-0.009,0.003,Domestic
1451,1451,52,"Dec 25, 2007",Aliens vs. Predator - Requiem,40000000,41797066,128884494,87087428,1797066,47087428,88884494,0.001,0.014,0.026,Domestic
1452,1452,53,"Dec 25, 2007",The Water Horse: Legend of the Deep,40000000,40412817,103429755,63016938,412817,23016938,63429755,0.0,0.007,0.018,Domestic
1453,1453,54,"Jul 18, 2014",Sex Tape,40000000,38543473,126069509,87526036,-1456527,47526036,86069509,-0.0,0.014,0.025,Domestic
1454,1454,55,"Apr 15, 2011",Scream 4,40000000,38180928,95989590,57808662,-1819072,17808662,55989590,-0.001,0.005,0.016,Domestic
1455,1455,56,"Dec 21, 1994",Ri¢hie Ri¢h,40000000,38087756,38087756,0,-1912244,-40000000,-1912244,-0.001,-0.012,-0.001,Domestic
1456,1456,57,"Aug 11, 2000",Autumn in New York,40000000,37752931,90717684,52964753,-2247069,12964753,50717684,-0.001,0.004,0.015,Domestic
1457,1457,58,"Mar 18, 2011",Paul,40000000,37412945,101162106,63749161,-2587055,23749161,61162106,-0.001,0.007,0.018,Domestic
1458,1458,59,"Dec 19, 2012",The Guilt Trip,40000000,37134215,41294674,4160459,-2865785,-35839541,1294674,-0.001,-0.01,0.0,Domestic
1459,1459,60,"Aug 26, 2011",Colombiana,40000000,36665854,72295262,35629408,-3334146,-4370592,32295262,-0.001,-0.001,0.009,Domestic
1460,1460,61,"Feb 26, 1999",8MM,40000000,36443442,96398826,59955384,-3556558,19955384,56398826,-0.001,0.006,0.016,Domestic
1461,1461,62,"Jan 12, 2018",The Commuter,40000000,36343858,101985431,65641573,-3656142,25641573,61985431,-0.001,0.007,0.018,Domestic
1462,1462,63,"Feb 18, 2000",Hanging Up,40000000,36037909,51867723,15829814,-3962091,-24170186,11867723,-0.001,-0.007,0.003,Domestic
1463,1463,64,"Mar 1, 1991",The Doors,40000000,34416893,34416893,0,-5583107,-40000000,-5583107,-0.002,-0.012,-0.002,Domestic
1464,1464,65,"Aug 20, 1999",Mickey Blue Eyes,40000000,33864342,53864342,20000000,-6135658,-20000000,13864342,-0.002,-0.006,0.004,Domestic
1465,1465,66,"Oct 20, 2000",Pay it Forward,40000000,33508922,55696705,22187783,-6491078,-17812217,15696705,-0.002,-0.005,0.005,Domestic
1466,1466,67,"Apr 8, 2011",Arthur,40000000,33035397,47787943,14752546,-6964603,-25247454,7787943,-0.002,-0.007,0.002,Domestic
1467,1467,68,"Mar 21, 2008",Drillbit Taylor,40000000,32862104,49686263,16824159,-7137896,-23175841,9686263,-0.002,-0.007,0.003,Domestic
1468,1468,69,"Dec 21, 2016",Patriots Day,40000000,31886361,52837989,20951628,-8113639,-19048372,12837989,-0.002,-0.005,0.004,Domestic
1469,1469,70,"Dec 25, 2011",Extremely Loud and Incredibly Close,40000000,31847881,55247881,23400000,-8152119,-16600000,15247881,-0.002,-0.005,0.004,Domestic
1470,1470,71,"Jul 1, 1994",The Shadow,40000000,31835600,31835600,0,-8164400,-40000000,-8164400,-0.002,-0.012,-0.002,Domestic
1471,1471,72,"Nov 26, 2008",Transporter 3,40000000,31715062,107235592,75520530,-8284938,35520530,67235592,-0.002,0.01,0.019,Domestic
1472,1472,73,"Nov 10, 2010",Morning Glory,40000000,31011732,59795070,28783338,-8988268,-11216662,19795070,-0.003,-0.003,0.006,Domestic
1473,1473,74,"Nov 9, 2005",Get Rich or Die Tryin',40000000,30981850,46666955,15685105,-9018150,-24314895,6666955,-0.003,-0.007,0.002,Domestic
1474,1474,75,"May 3, 2019",Long Shot,40000000,30202860,43711031,13508171,-9797140,-26491829,3711031,-0.003,-0.008,0.001,Domestic
1475,1475,76,"Aug 25, 2000",The Art of War,40000000,30199105,30199105,0,-9800895,-40000000,-9800895,-0.003,-0.012,-0.003,Domestic
1476,1476,77,"Dec 25, 2013",Grudge Match,40000000,29807260,69807260,40000000,-10192740,0,29807260,-0.003,0.0,0.009,Domestic
1477,1477,78,"Aug 11, 2000",Bless the Child,40000000,29374178,40435694,11061516,-10625822,-28938484,435694,-0.003,-0.008,0.0,Domestic
1478,1478,79,"Nov 23, 2005",Rent,40000000,29077547,31670620,2593073,-10922453,-37406927,-8329380,-0.003,-0.011,-0.002,Domestic
1479,1479,80,"Apr 2, 1999",The Out-of-Towners,40000000,28544120,28544120,0,-11455880,-40000000,-11455880,-0.003,-0.012,-0.003,Domestic
1480,1480,81,"Aug 11, 2017",The Nut Job 2: Nutty by Nature,40000000,28370522,57438389,29067867,-11629478,-10932133,17438389,-0.003,-0.003,0.005,Domestic
1481,1481,82,"Aug 23, 1996",The Island of Dr. Moreau,40000000,27682712,27682712,0,-12317288,-40000000,-12317288,-0.004,-0.012,-0.004,Domestic
1482,1482,83,"Sep 7, 2001",The Musketeer,40000000,27053815,27053815,0,-12946185,-40000000,-12946185,-0.004,-0.012,-0.004,Domestic
1483,1483,84,"Jan 27, 2017",Resident Evil: The Final Chapter,40000000,26844692,314101190,287256498,-13155308,247256498,274101190,-0.004,0.071,0.079,Domestic
1484,1484,85,"Feb 29, 2008",The Other Boleyn Girl,40000000,26814957,78269970,51455013,-13185043,11455013,38269970,-0.004,0.003,0.011,Domestic
1485,1485,86,"Jun 30, 2017",The House,40000000,25584504,31192425,5607921,-14415496,-34392079,-8807575,-0.004,-0.01,-0.003,Domestic
1486,1486,87,"Feb 16, 2001",Sweet November,40000000,25288103,65754228,40466125,-14711897,466125,25754228,-0.004,0.0,0.007,Domestic
1487,1487,88,"Apr 5, 2007",The Reaping,40000000,25126214,62226214,37100000,-14873786,-2900000,22226214,-0.004,-0.001,0.006,Domestic
1488,1488,89,"Jan 7, 2011",Season of the Witch,40000000,24827228,91126600,66299372,-15172772,26299372,51126600,-0.004,0.008,0.015,Domestic
1489,1489,90,"Jun 3, 1994",Renaissance Man,40000000,24172899,24172899,0,-15827101,-40000000,-15827101,-0.005,-0.012,-0.005,Domestic
1490,1490,91,"May 15, 1998",Quest for Camelot,40000000,22772500,38172500,15400000,-17227500,-24600000,-1827500,-0.005,-0.007,-0.001,Domestic
1491,1491,92,"Sep 6, 2002",City by the Sea,40000000,22433915,22433915,0,-17566085,-40000000,-17566085,-0.005,-0.012,-0.005,Domestic
1492,1492,93,"Jan 15, 1999",At First Sight,40000000,22365133,22365133,0,-17634867,-40000000,-17634867,-0.005,-0.012,-0.005,Domestic
1493,1493,94,"Aug 26, 2016",Mechanic: Resurrection,40000000,21218403,109738840,88520437,-18781597,48520437,69738840,-0.005,0.014,0.02,Domestic
1494,1494,95,"Jan 16, 2004",Torque,40000000,21176322,46176322,25000000,-18823678,-15000000,6176322,-0.005,-0.004,0.002,Domestic
1495,1495,96,"Nov 13, 2009",Fantastic Mr. Fox,40000000,21002919,47083412,26080493,-18997081,-13919507,7083412,-0.005,-0.004,0.002,Domestic
1496,1496,97,"Sep 22, 1995",Showgirls,40000000,20350754,37750754,17400000,-19649246,-22600000,-2249246,-0.006,-0.007,-0.001,Domestic
1497,1497,98,"Feb 16, 1996",City Hall,40000000,20278055,20278055,0,-19721945,-40000000,-19721945,-0.006,-0.012,-0.006,Domestic
1498,1498,99,"Feb 3, 2012",Big Miracle,40000000,20157300,25268680,5111380,-19842700,-34888620,-14731320,-0.006,-0.01,-0.004,Domestic
1499,1499,100,"Dec 21, 2012",The Impossible,40000000,19019882,169590606,150570724,-20980118,110570724,129590606,-0.006,0.032,0.037,Domestic
1500,1500,1,"Mar 9, 2012",A Thousand Words,40000000,18450127,20790486,2340359,-21549873,-37659641,-19209514,-0.006,-0.011,-0.006,Domestic
1501,1501,2,"Oct 20, 2006",Marie Antoinette,40000000,15962471,60862471,44900000,-24037529,4900000,20862471,-0.007,0.001,0.006,Domestic
1502,1502,3,"Oct 6, 2000",Get Carter,40000000,14967182,19417182,4450000,-25032818,-35550000,-20582818,-0.007,-0.01,-0.006,Domestic
1503,1503,4,"Apr 21, 1995",Kiss of Death,40000000,14942422,14942422,0,-25057578,-40000000,-25057578,-0.007,-0.012,-0.007,Domestic
1504,1504,5,"Apr 26, 2002","Life, or Something Like It",40000000,14448589,14448589,0,-25551411,-40000000,-25551411,-0.007,-0.012,-0.007,Domestic
1505,1505,6,"May 15, 1987",Ishtar,40000000,14375181,14375181,0,-25624819,-40000000,-25624819,-0.007,-0.012,-0.007,Domestic
1506,1506,7,"Feb 28, 1992",Memoirs of an Invisible Man,40000000,14358033,14358033,0,-25641967,-40000000,-25641967,-0.007,-0.012,-0.007,Domestic
1507,1507,8,"Oct 23, 2009",Amelia,40000000,14279575,19756077,5476502,-25720425,-34523498,-20243923,-0.007,-0.01,-0.006,Domestic
1508,1508,9,"Oct 23, 2009",Cirque du Freak: The Vampire's Assistant,40000000,14046595,39753957,25707362,-25953405,-14292638,-246043,-0.007,-0.004,-0.0,Domestic
1509,1509,10,"May 7, 2004",New York Minute,40000000,14018364,21215882,7197518,-25981636,-32802482,-18784118,-0.008,-0.009,-0.005,Domestic
1510,1510,11,"Mar 12, 1999",The Deep End of the Ocean,40000000,13508635,13508635,0,-26491365,-40000000,-26491365,-0.008,-0.012,-0.008,Domestic
1511,1511,12,"Nov 5, 2004",Alfie,40000000,13395939,35195939,21800000,-26604061,-18200000,-4804061,-0.008,-0.005,-0.001,Domestic
1512,1512,13,"Aug 30, 2002",FearDotCom,40000000,13208023,13208023,0,-26791977,-40000000,-26791977,-0.008,-0.012,-0.008,Domestic
1513,1513,14,"Nov 7, 2008",Soul Men,40000000,12082391,12345883,263492,-27917609,-39736508,-27654117,-0.008,-0.011,-0.008,Domestic
1514,1514,15,"Mar 20, 2015",The Gunman,40000000,10664749,18594227,7929478,-29335251,-32070522,-21405773,-0.008,-0.009,-0.006,Domestic
1515,1515,16,"Aug 20, 1999",Universal Soldier II: The Return,40000000,10447421,10717421,270000,-29552579,-39730000,-29282579,-0.009,-0.011,-0.008,Domestic
1516,1516,17,"Sep 25, 2009",Pandorum,40000000,10330853,17033431,6702578,-29669147,-33297422,-22966569,-0.009,-0.01,-0.007,Domestic
1517,1517,18,"Sep 26, 2003",Duplex,40000000,9652000,10070651,418651,-30348000,-39581349,-29929349,-0.009,-0.011,-0.009,Domestic
1518,1518,19,"Aug 16, 2013",Paranoia,40000000,7388654,16340767,8952113,-32611346,-31047887,-23659233,-0.009,-0.009,-0.007,Domestic
1519,1519,20,"Aug 1, 1980",Raise the Titanic,40000000,7000000,7000000,0,-33000000,-40000000,-33000000,-0.01,-0.012,-0.01,Domestic
1520,1520,21,"Jul 10, 2015",Baahubali: The Beginning,40000000,6738000,26736665,19998665,-33262000,-20001335,-13263335,-0.01,-0.006,-0.004,Domestic
1521,1521,22,"Mar 9, 2018",The Hurricane Heist,40000000,6115824,30963684,24847860,-33884176,-15152140,-9036316,-0.01,-0.004,-0.003,Domestic
1522,1522,23,"Jan 4, 2002",Impostor,40000000,6114237,7974607,1860370,-33885763,-38139630,-32025393,-0.01,-0.011,-0.009,Domestic
1523,1523,24,"Nov 25, 2015",Victor Frankenstein,40000000,5775076,31124367,25349291,-34224924,-14650709,-8875633,-0.01,-0.004,-0.003,Domestic
1524,1524,25,"Nov 27, 2002",Extreme Ops,40000000,4835968,12624471,7788503,-35164032,-32211497,-27375529,-0.01,-0.009,-0.008,Domestic
1525,1525,26,"Apr 6, 2001",Just Visiting,40000000,4777007,16172200,11395193,-35222993,-28604807,-23827800,-0.01,-0.008,-0.007,Domestic
1526,1526,27,"Jun 27, 2014",Snowpiercer,40000000,4563029,88069880,83506851,-35436971,43506851,48069880,-0.01,0.013,0.014,Domestic
1527,1527,28,"Jul 20, 2007",Sunshine,40000000,3688560,32030610,28342050,-36311440,-11657950,-7969390,-0.01,-0.003,-0.002,Domestic
1528,1528,29,"Mar 11, 1994",The Hudsucker Proxy,40000000,2816518,14938149,12121631,-37183482,-27878369,-25061851,-0.011,-0.008,-0.007,Domestic
1529,1529,30,"Nov 11, 2016",Billy Lynnâs Long Halftime Walk,40000000,1738477,30230402,28491925,-38261523,-11508075,-9769598,-0.011,-0.003,-0.003,Domestic
1530,1530,31,"Jul 1, 1986",Pirates,40000000,1641825,6341825,4700000,-38358175,-35300000,-33658175,-0.011,-0.01,-0.01,Domestic
1531,1531,32,"Dec 12, 2008",Delgo,40000000,915840,915840,0,-39084160,-40000000,-39084160,-0.011,-0.012,-0.011,Domestic
1532,1532,33,"Sep 7, 2007",The Hunting Party,40000000,876671,7729552,6852881,-39123329,-33147119,-32270448,-0.011,-0.01,-0.009,Domestic
1533,1533,34,"Oct 13, 2006",Alex Rider: Operation Stormbreaker,40000000,659210,20722450,20063240,-39340790,-19936760,-19277550,-0.011,-0.006,-0.006,Domestic
1534,1534,35,"Nov 20, 2009",Red Cliff,40000000,627047,119627047,119000000,-39372953,79000000,79627047,-0.011,0.023,0.023,Domestic
1535,1535,36,"Sep 24, 2004",The Last Shot,40000000,463730,463730,0,-39536270,-40000000,-39536270,-0.011,-0.012,-0.011,Domestic
1536,1536,37,"Mar 16, 2007",Nomad,40000000,79123,79123,0,-39920877,-40000000,-39920877,-0.012,-0.012,-0.012,Domestic
1544,1544,45,"Aug 14, 2009",The Time Traveler's Wife,39000000,63414846,102332135,38917289,24414846,-82711,63332135,0.007,-0.0,0.018,Domestic
1545,1545,46,"Jun 17, 1983",Superman III,39000000,59950623,59950623,0,20950623,-39000000,20950623,0.006,-0.011,0.006,Domestic
1546,1546,47,"Feb 2, 2007",Because I Said So,39000000,42674040,69538833,26864793,3674040,-12135207,30538833,0.001,-0.004,0.009,Domestic
1547,1547,48,"Oct 5, 2012",Frankenweenie,39000000,35287788,81150788,45863000,-3712212,6863000,42150788,-0.001,0.002,0.012,Domestic
1548,1548,49,"Mar 29, 1996",Sgt. Bilko,39000000,30356589,37956589,7600000,-8643411,-31400000,-1043411,-0.002,-0.009,-0.0,Domestic
1549,1549,50,"Sep 30, 2005",Serenity,39000000,25514517,40319440,14804923,-13485483,-24195077,1319440,-0.004,-0.007,0.0,Domestic
1550,1550,51,"Sep 7, 2007",Shoot 'Em Up,39000000,12796824,26796824,14000000,-26203176,-25000000,-12203176,-0.008,-0.007,-0.004,Domestic
1551,1551,52,"Feb 20, 2004",Against the Ropes,39000000,5881504,6429865,548361,-33118496,-38451639,-32570135,-0.01,-0.011,-0.009,Domestic
1552,1552,53,"Aug 23, 2013",Yi dai zong shi,38600000,6594959,57987299,51392340,-32005041,12792340,19387299,-0.009,0.004,0.006,Domestic
1553,1553,54,"Jun 22, 2001",The Fast and the Furious,38000000,144512310,206512310,62000000,106512310,24000000,168512310,0.031,0.007,0.049,Domestic
1554,1554,55,"Sep 27, 2002",Sweet Home Alabama,38000000,127214072,182365114,55151042,89214072,17151042,144365114,0.026,0.005,0.042,Domestic
1555,1555,56,"Jul 24, 2009",The Ugly Truth,38000000,88915214,205298907,116383693,50915214,78383693,167298907,0.015,0.023,0.048,Domestic
1556,1556,57,"Aug 7, 2002",Spy Kids 2: The Island of Lost Dreams,38000000,85846296,119721296,33875000,47846296,-4125000,81721296,0.014,-0.001,0.024,Domestic
1557,1557,58,"Nov 18, 1994",Star Trek: Generations,38000000,75671262,120000000,44328738,37671262,6328738,82000000,0.011,0.002,0.024,Domestic
1558,1558,59,"Jun 2, 2017",Captain Underpants: The First Epic Movie,38000000,73921000,126577874,52656874,35921000,14656874,88577874,0.01,0.004,0.026,Domestic
1559,1559,60,"Apr 17, 2015",Paul Blart: Mall Cop 2,38000000,71091594,107650646,36559052,33091594,-1440948,69650646,0.01,-0.0,0.02,Domestic
1560,1560,61,"Dec 19, 1997",Mouse Hunt,38000000,61894591,61894591,0,23894591,-38000000,23894591,0.007,-0.011,0.007,Domestic
1561,1561,62,"Dec 23, 2016",Why Him?,38000000,60323786,117425156,57101370,22323786,19101370,79425156,0.006,0.006,0.023,Domestic
1562,1562,63,"Apr 22, 2011",Water for Elephants,38000000,58709717,116809717,58100000,20709717,20100000,78809717,0.006,0.006,0.023,Domestic
1563,1563,64,"Oct 8, 2010",Life as We Know It,38000000,53374681,105887837,52513156,15374681,14513156,67887837,0.004,0.004,0.02,Domestic
1564,1564,65,"Dec 29, 1999",The Hurricane,38000000,50699241,73956241,23257000,12699241,-14743000,35956241,0.004,-0.004,0.01,Domestic
1565,1565,66,"Sep 6, 2013",Riddick,38000000,42025135,94763758,52738623,4025135,14738623,56763758,0.001,0.004,0.016,Domestic
1566,1566,67,"Mar 23, 2001",Heartbreakers,38000000,40334024,57753825,17419801,2334024,-20580199,19753825,0.001,-0.006,0.006,Domestic
1567,1567,68,"May 24, 2002",Enough,38000000,39177215,50970660,11793445,1177215,-26206555,12970660,0.0,-0.008,0.004,Domestic
1568,1568,69,"Jan 22, 2016",The 5th Wave,38000000,34912982,111336398,76423416,-3087018,38423416,73336398,-0.001,0.011,0.021,Domestic
1569,1569,70,"Feb 6, 2009",Push,38000000,31811527,49678401,17866874,-6188473,-20133126,11678401,-0.002,-0.006,0.003,Domestic
1570,1570,71,"Sep 20, 2013",Rush,38000000,26947624,98230839,71283215,-11052376,33283215,60230839,-0.003,0.01,0.017,Domestic
1571,1571,72,"May 18, 2001",Angel Eyes,38000000,24044532,29544532,5500000,-13955468,-32500000,-8455468,-0.004,-0.009,-0.002,Domestic
1572,1572,73,"Dec 21, 2001",Joe Somebody,38000000,22770864,24515990,1745126,-15229136,-36254874,-13484010,-0.004,-0.01,-0.004,Domestic
1573,1573,74,"Mar 10, 2000",The Ninth Gate,38000000,18653746,58394308,39740562,-19346254,1740562,20394308,-0.006,0.001,0.006,Domestic
1574,1574,75,"Oct 20, 2017",Only the Brave,38000000,18340051,24555177,6215126,-19659949,-31784874,-13444823,-0.006,-0.009,-0.004,Domestic
1575,1575,76,"Sep 27, 1996",Extreme Measures,38000000,17378193,17378193,0,-20621807,-38000000,-20621807,-0.006,-0.011,-0.006,Domestic
1576,1576,77,"Oct 14, 2011",The Thing,38000000,16999934,27573078,10573144,-21000066,-27426856,-10426922,-0.006,-0.008,-0.003,Domestic
1577,1577,78,"Sep 7, 2001",Rock Star,38000000,16991902,19317765,2325863,-21008098,-35674137,-18682235,-0.006,-0.01,-0.005,Domestic
1578,1578,79,"Feb 2, 1996",White Squall,38000000,10229300,10229300,0,-27770700,-38000000,-27770700,-0.008,-0.011,-0.008,Domestic
1579,1579,80,"Oct 10, 2008",City of Ember,38000000,7873007,17831558,9958551,-30126993,-28041449,-20168442,-0.009,-0.008,-0.006,Domestic
1580,1580,81,"Oct 31, 1997",Switchback,38000000,6504442,6504442,0,-31495558,-38000000,-31495558,-0.009,-0.011,-0.009,Domestic
1581,1581,82,"Sep 21, 2018",The Sisters Brothers,38000000,3143056,13143056,10000000,-34856944,-28000000,-24856944,-0.01,-0.008,-0.007,Domestic
1582,1582,83,"Nov 30, 2001",Texas Rangers,38000000,623374,623374,0,-37376626,-38000000,-37376626,-0.011,-0.011,-0.011,Domestic
1584,1584,85,"Jan 11, 2019",The Upside,37500000,108235497,119024536,10789039,70735497,-26710961,81524536,0.02,-0.008,0.024,Domestic
1585,1585,86,"May 18, 2012",What to Expect When You're Expecting,37500000,41152203,88473016,47320813,3652203,9820813,50973016,0.001,0.003,0.015,Domestic
1586,1586,87,"Sep 14, 2012",The Master,37500000,16247159,50647416,34400257,-21252841,-3099743,13147416,-0.006,-0.001,0.004,Domestic
1587,1587,88,"Oct 10, 2008",The Express,37500000,9793406,9813309,19903,-27706594,-37480097,-27686691,-0.008,-0.011,-0.008,Domestic
1588,1588,89,"Nov 21, 2008",Twilight,37000000,192769854,402280159,209510305,155769854,172510305,365280159,0.045,0.05,0.105,Domestic
1589,1589,90,"Aug 7, 2013",We're the Millers,37000000,150394119,267816276,117422157,113394119,80422157,230816276,0.033,0.023,0.067,Domestic
1590,1590,91,"Nov 25, 2015",Creed,37000000,109767581,173567581,63800000,72767581,26800000,136567581,0.021,0.008,0.039,Domestic
1591,1591,92,"Sep 17, 2010",The Town,37000000,92186262,152566881,60380619,55186262,23380619,115566881,0.016,0.007,0.033,Domestic
1592,1592,93,"Sep 23, 2011",Dolphin Tale,37000000,72286779,96068724,23781945,35286779,-13218055,59068724,0.01,-0.004,0.017,Domestic
1593,1593,94,"Feb 23, 2018",Game Night,37000000,69179066,117378084,48199018,32179066,11199018,80378084,0.009,0.003,0.023,Domestic
1594,1594,95,"Sep 12, 2008",Burn After Reading,37000000,60355347,168167798,107812451,23355347,70812451,131167798,0.007,0.02,0.038,Domestic
1595,1595,96,"Apr 23, 2004",13 Going On 30,37000000,57139723,97658712,40518989,20139723,3518989,60658712,0.006,0.001,0.018,Domestic
1596,1596,97,"Apr 4, 2008",Nim's Island,37000000,48006762,101857425,53850663,11006762,16850663,64857425,0.003,0.005,0.019,Domestic
1597,1597,98,"Feb 12, 2016",How to be Single,37000000,46843513,100003780,53160267,9843513,16160267,63003780,0.003,0.005,0.018,Domestic
1598,1598,99,"Feb 26, 2010",Cop Out,37000000,44875481,55909910,11034429,7875481,-25965571,18909910,0.002,-0.007,0.005,Domestic
1599,1599,100,"Jan 28, 2011",The Rite,37000000,33047633,97143987,64096354,-3952367,27096354,60143987,-0.001,0.008,0.017,Domestic
1600,1600,1,"Jul 18, 2008",Space Chimps,37000000,30105968,67029956,36923988,-6894032,-76012,30029956,-0.002,-0.0,0.009,Domestic
1601,1601,2,"Dec 17, 1999",Magnolia,37000000,22450975,48446802,25995827,-14549025,-11004173,11446802,-0.004,-0.003,0.003,Domestic
1602,1602,3,"May 29, 2015",Aloha,37000000,21052030,25387091,4335061,-15947970,-32664939,-11612909,-0.005,-0.009,-0.003,Domestic
1604,1604,5,"Oct 5, 2018",A Star is Born,36000000,215288866,433449571,218160705,179288866,182160705,397449571,0.052,0.053,0.115,Domestic
1605,1605,6,"Feb 11, 2011",Gnomeo and Juliet,36000000,99967670,193737977,93770307,63967670,57770307,157737977,0.018,0.017,0.046,Domestic
1606,1606,7,"Feb 15, 2002",John Q,36000000,71026631,102226631,31200000,35026631,-4800000,66226631,0.01,-0.001,0.019,Domestic
1607,1607,8,"Sep 17, 1999",Blue Streak,36000000,68208190,117448157,49239967,32208190,13239967,81448157,0.009,0.004,0.024,Domestic
1608,1608,9,"Oct 7, 1983",Never Say Never Again,36000000,55500000,160000000,104500000,19500000,68500000,124000000,0.006,0.02,0.036,Domestic
1609,1609,10,"Mar 26, 2010",Hot Tub Time Machine,36000000,50269859,65967750,15697891,14269859,-20302109,29967750,0.004,-0.006,0.009,Domestic
1610,1610,11,"May 2, 1997",Breakdown,36000000,50159144,50159144,0,14159144,-36000000,14159144,0.004,-0.01,0.004,Domestic
1611,1611,12,"Sep 12, 2014",Dolphin Tale 2,36000000,42024533,57824533,15800000,6024533,-20200000,21824533,0.002,-0.006,0.006,Domestic
1612,1612,13,"Dec 16, 2016",Collateral Beauty,36000000,31016021,85309093,54293072,-4983979,18293072,49309093,-0.001,0.005,0.014,Domestic
1613,1613,14,"Apr 4, 2003",A Man Apart,36000000,26500000,43797731,17297731,-9500000,-18702269,7797731,-0.003,-0.005,0.002,Domestic
1614,1614,15,"Feb 25, 2000",Reindeer Games,36000000,23360779,23360779,0,-12639221,-36000000,-12639221,-0.004,-0.01,-0.004,Domestic
1615,1615,16,"Dec 24, 1999",Snow Falling on Cedars,36000000,14378353,14378353,0,-21621647,-36000000,-21621647,-0.006,-0.01,-0.006,Domestic
1616,1616,17,"Dec 20, 1996",Ghosts of Mississippi,36000000,13052741,13052741,0,-22947259,-36000000,-22947259,-0.007,-0.01,-0.007,Domestic
1617,1617,18,"Oct 24, 1997",Gattaca,36000000,12532777,12532777,0,-23467223,-36000000,-23467223,-0.007,-0.01,-0.007,Domestic
1618,1618,19,"Jan 28, 2000",Isn't She Great,36000000,2954405,2954405,0,-33045595,-36000000,-33045595,-0.01,-0.01,-0.01,Domestic
1619,1619,20,"Jan 22, 2016",Yip Man 3,36000000,2679437,157300954,154621517,-33320563,118621517,121300954,-0.01,0.034,0.035,Domestic
1620,1620,21,"May 6, 2011",There Be Dragons,36000000,1069334,4020990,2951656,-34930666,-33048344,-31979010,-0.01,-0.01,-0.009,Domestic
1622,1622,23,"Mar 28, 2003",Head of State,35200000,37788228,38283765,495537,2588228,-34704463,3083765,0.001,-0.01,0.001,Domestic
1623,1623,24,"Sep 8, 2017",It,35000000,327481748,697457969,369976221,292481748,334976221,662457969,0.084,0.097,0.191,Domestic
1624,1624,25,"Jun 5, 2009",The Hangover,35000000,277322503,465764086,188441583,242322503,153441583,430764086,0.07,0.044,0.124,Domestic
1625,1625,26,"Nov 20, 2009",The Blind Side,35000000,255959475,305705794,49746319,220959475,14746319,270705794,0.064,0.004,0.078,Domestic
1626,1626,27,"Jun 23, 1989",Batman,35000000,251188924,411348924,160160000,216188924,125160000,376348924,0.062,0.036,0.109,Domestic
1627,1627,28,"Jun 10, 1999",Austin Powers: The Spy Who Shagged Me,35000000,206040085,312383487,106343402,171040085,71343402,277383487,0.049,0.021,0.08,Domestic
1628,1628,29,"Dec 22, 2010",True Grit,35000000,171243005,252276928,81033923,136243005,46033923,217276928,0.039,0.013,0.063,Domestic
1629,1629,30,"May 15, 1992",Lethal Weapon 3,35000000,144731527,319700000,174968473,109731527,139968473,284700000,0.032,0.04,0.082,Domestic
1630,1630,31,"Sep 18, 1998",Rush Hour,35000000,141186864,245300000,104113136,106186864,69113136,210300000,0.031,0.02,0.061,Domestic
1631,1631,32,"Feb 8, 2013",Identity Thief,35000000,134506920,175361578,40854658,99506920,5854658,140361578,0.029,0.002,0.041,Domestic
1632,1632,33,"Jun 30, 2006",The Devil Wears Prada,35000000,124740460,326073155,201332695,89740460,166332695,291073155,0.026,0.048,0.084,Domestic
1633,1633,34,"Jul 8, 2011",Horrible Bosses,35000000,117538559,212417601,94879042,82538559,59879042,177417601,0.024,0.017,0.051,Domestic
1634,1634,35,"Mar 30, 2001",Spy Kids,35000000,112692062,197692062,85000000,77692062,50000000,162692062,0.022,0.014,0.047,Domestic
1635,1635,36,"Jul 17, 2015",Trainwreck,35000000,110212700,141123897,30911197,75212700,-4088803,106123897,0.022,-0.001,0.031,Domestic
1636,1636,37,"Dec 13, 2013",Saving Mr. Banks,35000000,83299761,114962525,31662764,48299761,-3337236,79962525,0.014,-0.001,0.023,Domestic
1637,1637,38,"Dec 7, 1979",Star Trek: The Motion Picture,35000000,82258456,139000000,56741544,47258456,21741544,104000000,0.014,0.006,0.03,Domestic
1638,1638,39,"Mar 28, 2008",21,35000000,81159365,159846429,78687064,46159365,43687064,124846429,0.013,0.013,0.036,Domestic
1639,1639,40,"May 9, 2008",What Happens in Vegas...,35000000,80277646,218535708,138258062,45277646,103258062,183535708,0.013,0.03,0.053,Domestic
1640,1640,41,"Nov 15, 1991",Cape Fear,35000000,79091969,182291969,103200000,44091969,68200000,147291969,0.013,0.02,0.043,Domestic
1641,1641,42,"Nov 15, 1996",The English Patient,35000000,78716374,231710008,152993634,43716374,117993634,196710008,0.013,0.034,0.057,Domestic
1642,1642,43,"Jan 16, 2009",Hotel for Dogs,35000000,73178547,122357172,49178625,38178547,14178625,87357172,0.011,0.004,0.025,Domestic
1643,1643,44,"Mar 25, 2005",Guess Who,35000000,68915888,102115888,33200000,33915888,-1800000,67115888,0.01,-0.001,0.019,Domestic
1644,1644,45,"Dec 21, 2012",This is 40,35000000,67544505,90221182,22676677,32544505,-12323323,55221182,0.009,-0.004,0.016,Domestic
1645,1645,46,"Sep 19, 1997",L.A. Confidential,35000000,64604977,126204977,61600000,29604977,26600000,91204977,0.009,0.008,0.026,Domestic
1646,1646,47,"Jul 29, 2005",Sky High,35000000,63939454,83109359,19169905,28939454,-15830095,48109359,0.008,-0.005,0.014,Domestic
1647,1647,48,"Sep 19, 1997",In & Out,35000000,63826569,83226569,19400000,28826569,-15600000,48226569,0.008,-0.005,0.014,Domestic
1648,1648,49,"Apr 30, 2010",A Nightmare on Elm Street,35000000,63075011,117729621,54654610,28075011,19654610,82729621,0.008,0.006,0.024,Domestic
1649,1649,50,"Aug 18, 2000",The Cell,35000000,61280963,85911226,24630263,26280963,-10369737,50911226,0.008,-0.003,0.015,Domestic
1650,1650,51,"Jul 7, 1995",Species,35000000,60054449,113354449,53300000,25054449,18300000,78354449,0.007,0.005,0.023,Domestic
1651,1651,52,"Apr 7, 2006",The Benchwarmers,35000000,59843754,65063726,5219972,24843754,-29780028,30063726,0.007,-0.009,0.009,Domestic
1652,1652,53,"Oct 8, 2010",Secretariat,35000000,59699513,60376247,676734,24699513,-34323266,25376247,0.007,-0.01,0.007,Domestic
1653,1653,54,"Mar 13, 1998",The Man in the Iron Mask,35000000,56968169,56968169,0,21968169,-35000000,21968169,0.006,-0.01,0.006,Domestic
1654,1654,55,"Jul 22, 2011",Friends with Benefits,35000000,55802754,146595891,90793137,20802754,55793137,111595891,0.006,0.016,0.032,Domestic
1655,1655,56,"May 20, 2016",Neighbors 2: Sorority Rising,35000000,55340730,108757621,53416891,20340730,18416891,73757621,0.006,0.005,0.021,Domestic
1656,1656,57,"Mar 23, 2007",TMNT,35000000,54149098,96096018,41946920,19149098,6946920,61096018,0.006,0.002,0.018,Domestic
1657,1657,58,"Oct 24, 2003",Radio,35000000,52333738,53293628,959890,17333738,-34040110,18293628,0.005,-0.01,0.005,Domestic
1658,1658,59,"Jun 29, 2018",Sicario: Day of the Soldado,35000000,50065850,75885196,25819346,15065850,-9180654,40885196,0.004,-0.003,0.012,Domestic
1659,1659,60,"Nov 25, 2009",Old Dogs,35000000,49492060,95104304,45612244,14492060,10612244,60104304,0.004,0.003,0.017,Domestic
1660,1660,61,"Nov 18, 1992",Malcolm X,35000000,48169910,48169910,0,13169910,-35000000,13169910,0.004,-0.01,0.004,Domestic
1661,1661,62,"May 22, 2015",Poltergeist,35000000,47425125,95713069,48287944,12425125,13287944,60713069,0.004,0.004,0.018,Domestic
1662,1662,63,"Oct 12, 2018",Goosebumps 2: Haunted Halloween,35000000,46697321,93291478,46594157,11697321,11594157,58291478,0.003,0.003,0.017,Domestic
1663,1663,64,"Jan 19, 2018",12 Strong,35000000,45819713,71118378,25298665,10819713,-9701335,36118378,0.003,-0.003,0.01,Domestic
1664,1664,65,"Jan 23, 2009",Underworld 3: Rise of the Lycans,35000000,45802315,89102315,43300000,10802315,8300000,54102315,0.003,0.002,0.016,Domestic
1665,1665,66,"Jul 29, 2005",Must Love Dogs,35000000,43894863,58405313,14510450,8894863,-20489550,23405313,0.003,-0.006,0.007,Domestic
1666,1666,67,"Jul 3, 2007",License to Wed,35000000,43799818,70187088,26387270,8799818,-8612730,35187088,0.003,-0.002,0.01,Domestic
1667,1667,68,"Feb 28, 1997",Donnie Brasco,35000000,41954997,65303052,23348055,6954997,-11651945,30303052,0.002,-0.003,0.009,Domestic
1668,1668,69,"Oct 17, 2008",Max Payne,35000000,40689393,87775050,47085657,5689393,12085657,52775050,0.002,0.003,0.015,Domestic
1669,1669,70,"Mar 15, 2002",Resident Evil,35000000,40119709,103787401,63667692,5119709,28667692,68787401,0.001,0.008,0.02,Domestic
1670,1670,71,"Mar 26, 2004",The Ladykillers,35000000,39692139,77392139,37700000,4692139,2700000,42392139,0.001,0.001,0.012,Domestic
1671,1671,72,"May 6, 2011",Something Borrowed,35000000,39046489,65084116,26037627,4046489,-8962373,30084116,0.001,-0.003,0.009,Domestic
1672,1672,73,"Dec 1, 2006",The Nativity Story,35000000,37629831,46309644,8679813,2629831,-26320187,11309644,0.001,-0.008,0.003,Domestic
1673,1673,74,"Oct 28, 2011",In Time,35000000,37553932,165103952,127550020,2553932,92550020,130103952,0.001,0.027,0.038,Domestic
1674,1674,75,"Apr 23, 2010",The Back-up Plan,35000000,37490007,75281179,37791172,2490007,2791172,40281179,0.001,0.001,0.012,Domestic
1675,1675,76,"Nov 9, 2011",J. Edgar,35000000,37306030,84606030,47300000,2306030,12300000,49606030,0.001,0.004,0.014,Domestic
1676,1676,77,"Nov 17, 2000",Bounce,35000000,36805288,53425292,16620004,1805288,-18379996,18425292,0.001,-0.005,0.005,Domestic
1677,1677,78,"Aug 17, 2018",Mile 22,35000000,36108758,66295121,30186363,1108758,-4813637,31295121,0.0,-0.001,0.009,Domestic
1678,1678,79,"May 8, 2015",Hot Pursuit,35000000,34580201,45671512,11091311,-419799,-23908689,10671512,-0.0,-0.007,0.003,Domestic
1679,1679,80,"Dec 25, 2015",Concussion,35000000,34531832,50363790,15831958,-468168,-19168042,15363790,-0.0,-0.006,0.004,Domestic
1680,1680,81,"Oct 13, 2017",The Foreigner,35000000,34393507,140783360,106389853,-606493,71389853,105783360,-0.0,0.021,0.031,Domestic
1681,1681,82,"Dec 3, 2004",Closer,35000000,33987757,116177695,82189938,-1012243,47189938,81177695,-0.0,0.014,0.023,Domestic
1682,1682,83,"Dec 23, 1994",Street Fighter,35000000,33423000,99423000,66000000,-1577000,31000000,64423000,-0.0,0.009,0.019,Domestic
1683,1683,84,"Nov 21, 2001",Black Knight,35000000,33422806,33422806,0,-1577194,-35000000,-1577194,-0.0,-0.01,-0.0,Domestic
1684,1684,85,"Jul 22, 2005",The Bad News Bears,35000000,32868349,33500620,632271,-2131651,-34367729,-1499380,-0.001,-0.01,-0.0,Domestic
1685,1685,86,"Dec 27, 2002",The Pianist,35000000,32519322,111854182,79334860,-2480678,44334860,76854182,-0.001,0.013,0.022,Domestic
1686,1686,87,"May 6, 2005",House of Wax,35000000,32064800,70064800,38000000,-2935200,3000000,35064800,-0.001,0.001,0.01,Domestic
1687,1687,88,"Oct 19, 2001",From Hell,35000000,31598308,68712365,37114057,-3401692,2114057,33712365,-0.001,0.001,0.01,Domestic
1688,1688,89,"Jun 1, 2018",Adrift,35000000,31445011,57897191,26452180,-3554989,-8547820,22897191,-0.001,-0.002,0.007,Domestic
1689,1689,90,"Aug 15, 2008",Mirrors,35000000,30691439,77220596,46529157,-4308561,11529157,42220596,-0.001,0.003,0.012,Domestic
1690,1690,91,"Jan 6, 2017",Underworld: Blood Wars,35000000,30353973,81209222,50855249,-4646027,15855249,46209222,-0.001,0.005,0.013,Domestic
1691,1691,92,"Feb 22, 2002",Queen of the Damned,35000000,30307804,30307804,0,-4692196,-35000000,-4692196,-0.001,-0.01,-0.001,Domestic
1692,1692,93,"Aug 20, 2010",Nanny McPhee and the Big Bang,35000000,29197642,97799865,68602223,-5802358,33602223,62799865,-0.002,0.01,0.018,Domestic
1693,1693,94,"Jan 25, 2008",Untraceable,35000000,28687835,52649951,23962116,-6312165,-11037884,17649951,-0.002,-0.003,0.005,Domestic
1694,1694,95,"Nov 21, 1990",Predator 2,35000000,28317513,54768418,26450905,-6682487,-8549095,19768418,-0.002,-0.002,0.006,Domestic
1695,1695,96,"Sep 23, 2011",Abduction,35000000,28087155,86648359,58561204,-6912845,23561204,51648359,-0.002,0.007,0.015,Domestic
1696,1696,97,"Dec 5, 1980",Flash Gordon,35000000,27107960,27107960,0,-7892040,-35000000,-7892040,-0.002,-0.01,-0.002,Domestic
1697,1697,98,"Mar 28, 2008",Superhero Movie,35000000,26638520,73026302,46387782,-8361480,11387782,38026302,-0.002,0.003,0.011,Domestic
1698,1698,99,"Feb 12, 1999",Blast from the Past,35000000,26613620,26613620,0,-8386380,-35000000,-8386380,-0.002,-0.01,-0.002,Domestic
1699,1699,100,"Oct 19, 2012",Alex Cross,35000000,25888412,35426759,9538347,-9111588,-25461653,426759,-0.003,-0.007,0.0,Domestic
1700,1700,1,"Mar 26, 2004",Jersey Girl,35000000,25266129,37066129,11800000,-9733871,-23200000,2066129,-0.003,-0.007,0.001,Domestic
1701,1701,2,"Nov 21, 1997",Midnight in the Garden of Good and Evil,35000000,25078937,25078937,0,-9921063,-35000000,-9921063,-0.003,-0.01,-0.003,Domestic
1702,1702,3,"Sep 16, 2016",Bridget Jonesâs Baby,35000000,24139805,205822688,181682883,-10860195,146682883,170822688,-0.003,0.042,0.049,Domestic
1703,1703,4,"Nov 9, 2001",Heist,35000000,23483357,28906817,5423460,-11516643,-29576540,-6093183,-0.003,-0.009,-0.002,Domestic
1704,1704,5,"Dec 25, 1992",Hoffa,35000000,23365858,28391473,5025615,-11634142,-29974385,-6608527,-0.003,-0.009,-0.002,Domestic
1705,1705,6,"Mar 4, 2016",Whiskey Tango Foxtrot,35000000,23083334,25350747,2267413,-11916666,-32732587,-9649253,-0.003,-0.009,-0.003,Domestic
1706,1706,7,"Apr 9, 2004",Ella Enchanted,35000000,22913677,22913677,0,-12086323,-35000000,-12086323,-0.003,-0.01,-0.003,Domestic
1707,1707,8,"Aug 21, 2015",Hitman: Agent 47,35000000,22467450,82182803,59715353,-12532550,24715353,47182803,-0.004,0.007,0.014,Domestic
1708,1708,9,"Jul 25, 2008",The X-Files: I Want to Believe,35000000,20982478,68170792,47188314,-14017522,12188314,33170792,-0.004,0.004,0.01,Domestic
1709,1709,10,"Aug 24, 2012",Premium Rush,35000000,20275446,31393201,11117755,-14724554,-23882245,-3606799,-0.004,-0.007,-0.001,Domestic
1710,1710,11,"Jan 18, 2013",Broken City,35000000,19701164,34480045,14778881,-15298836,-20221119,-519955,-0.004,-0.006,-0.0,Domestic
1711,1711,12,"Aug 19, 2005",Valiant,35000000,19478106,64188387,44710281,-15521894,9710281,29188387,-0.004,0.003,0.008,Domestic
1712,1712,13,"Feb 23, 2000",Wonder Boys,35000000,19389454,33422485,14033031,-15610546,-20966969,-1577515,-0.005,-0.006,-0.0,Domestic
1713,1713,14,"Feb 25, 2005",Cursed,35000000,19294901,25114901,5820000,-15705099,-29180000,-9885099,-0.005,-0.008,-0.003,Domestic
1714,1714,15,"Dec 21, 2007",Walk Hard: The Dewey Cox Story,35000000,18317151,20606053,2288902,-16682849,-32711098,-14393947,-0.005,-0.009,-0.004,Domestic
1715,1715,16,"Sep 20, 2002",The Four Feathers,35000000,18306166,29882645,11576479,-16693834,-23423521,-5117355,-0.005,-0.007,-0.001,Domestic
1716,1716,17,"Apr 30, 2010",Furry Vengeance,35000000,17630465,39340177,21709712,-17369535,-13290288,4340177,-0.005,-0.004,0.001,Domestic
1717,1717,18,"Jan 25, 2013",Parker,35000000,17616641,48543388,30926747,-17383359,-4073253,13543388,-0.005,-0.001,0.004,Domestic
1718,1718,19,"Sep 17, 2004",Wimbledon,35000000,16862585,41666476,24803891,-18137415,-10196109,6666476,-0.005,-0.003,0.002,Domestic
1719,1719,20,"Sep 15, 2000",Bait,35000000,15325127,15471969,146842,-19674873,-34853158,-19528031,-0.006,-0.01,-0.006,Domestic
1720,1720,21,"Dec 8, 2000",Dungeons and Dragons,35000000,15185241,33771965,18586724,-19814759,-16413276,-1228035,-0.006,-0.005,-0.0,Domestic
1721,1721,22,"Nov 9, 2007",Lions for Lambs,35000000,14998070,63211088,48213018,-20001930,13213018,28211088,-0.006,0.004,0.008,Domestic
1722,1722,23,"Jan 18, 1991",Flight of the Intruder,35000000,14471440,14471440,0,-20528560,-35000000,-20528560,-0.006,-0.01,-0.006,Domestic
1723,1723,24,"May 27, 2011",The Tree of Life,35000000,13305665,61721826,48416161,-21694335,13416161,26721826,-0.006,0.004,0.008,Domestic
1724,1724,25,"Aug 17, 2001",American Outlaws,35000000,13264986,13601109,336123,-21735014,-34663877,-21398891,-0.006,-0.01,-0.006,Domestic
1725,1725,26,"Aug 11, 2006",Zoom,35000000,11989328,12506188,516860,-23010672,-34483140,-22493812,-0.007,-0.01,-0.006,Domestic
1726,1726,27,"Dec 25, 2001",The Shipping News,35000000,11405825,24405825,13000000,-23594175,-22000000,-10594175,-0.007,-0.006,-0.003,Domestic
1727,1727,28,"Dec 18, 2009",The Young Victoria,35000000,11001272,31878891,20877619,-23998728,-14122381,-3121109,-0.007,-0.004,-0.001,Domestic
1728,1728,29,"Mar 28, 2014",Sabotage,35000000,10508518,18376443,7867925,-24491482,-27132075,-16623557,-0.007,-0.008,-0.005,Domestic
1729,1729,30,"Sep 4, 1998",Knock Off,35000000,10319915,10319915,0,-24680085,-35000000,-24680085,-0.007,-0.01,-0.007,Domestic
1730,1730,31,"Sep 11, 2009",Whiteout,35000000,10275638,12254746,1979108,-24724362,-33020892,-22745254,-0.007,-0.01,-0.007,Domestic
1731,1731,32,"Mar 6, 2015",Unfinished Business,35000000,10219501,13214051,2994550,-24780499,-32005450,-21785949,-0.007,-0.009,-0.006,Domestic
1732,1732,33,"Sep 30, 2015",The Walk,35000000,10161183,61492104,51330921,-24838817,16330921,26492104,-0.007,0.005,0.008,Domestic
1733,1733,34,"Nov 22, 2006",The Fountain,35000000,10144010,15461638,5317628,-24855990,-29682372,-19538362,-0.007,-0.009,-0.006,Domestic
1734,1734,35,"Nov 29, 2013",Mandela: Long Walk to Freedom,35000000,8323085,29890402,21567317,-26676915,-13432683,-5109598,-0.008,-0.004,-0.001,Domestic
1735,1735,36,"Dec 5, 2008",Punisher: War Zone,35000000,8050977,10157534,2106557,-26949023,-32893443,-24842466,-0.008,-0.009,-0.007,Domestic
1736,1736,37,"Sep 5, 2003",The Order,35000000,7659747,11559747,3900000,-27340253,-31100000,-23440253,-0.008,-0.009,-0.007,Domestic
1737,1737,38,"Nov 10, 2006",A Good Year,35000000,7459300,42064105,34604805,-27540700,-395195,7064105,-0.008,-0.0,0.002,Domestic
1738,1738,39,"Mar 11, 2016",The Brothers Grimsby,35000000,6864016,28720470,21856454,-28135984,-13143546,-6279530,-0.008,-0.004,-0.002,Domestic
1739,1739,40,"Oct 20, 2017",The Snowman,35000000,6670765,43226146,36555381,-28329235,1555381,8226146,-0.008,0.0,0.002,Domestic
1740,1740,41,"Nov 6, 2002",Femme Fatale,35000000,6630252,16830252,10200000,-28369748,-24800000,-18169748,-0.008,-0.007,-0.005,Domestic
1741,1741,42,"May 2, 1997",Warriors of Virtue,35000000,6448817,6448817,0,-28551183,-35000000,-28551183,-0.008,-0.01,-0.008,Domestic
1742,1742,43,"Sep 26, 2003",Luther,35000000,5781086,32717063,26935977,-29218914,-8064023,-2282937,-0.008,-0.002,-0.001,Domestic
1743,1743,44,"Jan 28, 2011",Biutiful,35000000,5101237,24687524,19586287,-29898763,-15413713,-10312476,-0.009,-0.004,-0.003,Domestic
1744,1744,45,"Feb 21, 1992",Radio Flyer,35000000,4651977,4651977,0,-30348023,-35000000,-30348023,-0.009,-0.01,-0.009,Domestic
1745,1745,46,"Apr 16, 1993",Bound by Honor,35000000,4496583,4496583,0,-30503417,-35000000,-30503417,-0.009,-0.01,-0.009,Domestic
1746,1746,47,"Apr 22, 2016",A Hologram for the King,35000000,4212494,11846010,7633516,-30787506,-27366484,-23153990,-0.009,-0.008,-0.007,Domestic
1747,1747,48,"Feb 28, 1997",Smilla's Sense of Snow,35000000,2221994,2221994,0,-32778006,-35000000,-32778006,-0.009,-0.01,-0.009,Domestic
1748,1748,49,"Oct 3, 1986",Playing for Keeps,35000000,2000000,2000000,0,-33000000,-35000000,-33000000,-0.01,-0.01,-0.01,Domestic
1749,1749,50,"Jan 1, 1980",Lion of the Desert,35000000,1500000,1500000,0,-33500000,-35000000,-33500000,-0.01,-0.01,-0.01,Domestic
1750,1750,51,"Apr 19, 1996",Le hussard sur le toit,35000000,1320043,1320043,0,-33679957,-35000000,-33679957,-0.01,-0.01,-0.01,Domestic
1751,1751,52,"Nov 24, 1999",Ride With the Devil,35000000,630779,630779,0,-34369221,-35000000,-34369221,-0.01,-0.01,-0.01,Domestic
1752,1752,53,"Sep 14, 2012",Stolen,35000000,289773,17967746,17677973,-34710227,-17322027,-17032254,-0.01,-0.005,-0.005,Domestic
1753,1753,54,"Oct 14, 2011",Trespass,35000000,16816,786532,769716,-34983184,-34230284,-34213468,-0.01,-0.01,-0.01,Domestic
1757,1757,58,"Dec 25, 2011",The Darkest Hour,34800000,21443494,62831715,41388221,-13356506,6588221,28031715,-0.004,0.002,0.008,Domestic
1758,1758,59,"Jun 28, 2017",Baby Driver,34000000,107825862,228104185,120278323,73825862,86278323,194104185,0.021,0.025,0.056,Domestic
1759,1759,60,"Sep 19, 2014",The Maze Runner,34000000,102427862,348319861,245891999,68427862,211891999,314319861,0.02,0.061,0.091,Domestic
1760,1760,61,"Apr 10, 2015",The Longest Ride,34000000,37446117,63802928,26356811,3446117,-7643189,29802928,0.001,-0.002,0.009,Domestic
1761,1761,62,"Sep 17, 1993",The Age of Innocence,34000000,32014993,32014993,0,-1985007,-34000000,-1985007,-0.001,-0.01,-0.001,Domestic
1762,1762,63,"Aug 14, 2009",Gake no ue no Ponyo,34000000,15090399,205312666,190222267,-18909601,156222267,171312666,-0.005,0.045,0.049,Domestic
1763,1763,64,"Aug 3, 2018",The Darkest Minds,34000000,12695691,38361428,25665737,-21304309,-8334263,4361428,-0.006,-0.002,0.001,Domestic
1764,1764,65,"Sep 1, 1999",Chill Factor,34000000,11263966,11263966,0,-22736034,-34000000,-22736034,-0.007,-0.01,-0.007,Domestic
1765,1765,66,"Aug 27, 1999",The Astronaut's Wife,34000000,10672566,10672566,0,-23327434,-34000000,-23327434,-0.007,-0.01,-0.007,Domestic
1766,1766,67,"May 5, 2000",I Dreamed of Africa,34000000,6543194,14291999,7748805,-27456806,-26251195,-19708001,-0.008,-0.008,-0.006,Domestic
1767,1767,68,"Sep 5, 2014",Thunder and the House of Magic,34000000,4091,62582520,62578429,-33995909,28578429,28582520,-0.01,0.008,0.008,Domestic
1768,1768,69,"Dec 4, 1981",Reds,33500000,50000000,50000000,0,16500000,-33500000,16500000,0.005,-0.01,0.005,Domestic
1769,1769,70,"Dec 11, 1992",A Few Good Men,33000000,141340178,236500000,95159822,108340178,62159822,203500000,0.031,0.018,0.059,Domestic
1770,1770,71,"Jun 2, 2000",Big Momma's House,33000000,117559438,173559438,56000000,84559438,23000000,140559438,0.024,0.007,0.041,Domestic
1771,1771,72,"Mar 16, 2001",Exit Wounds,33000000,51758599,79958599,28200000,18758599,-4800000,46958599,0.005,-0.001,0.014,Domestic
1772,1772,73,"Jul 8, 2016",Mike and Dave Need Wedding Dates,33000000,46009673,75898100,29888427,13009673,-3111573,42898100,0.004,-0.001,0.012,Domestic
1773,1773,74,"Jul 27, 2012",Step Up Revolution,33000000,35074677,165552290,130477613,2074677,97477613,132552290,0.001,0.028,0.038,Domestic
1774,1774,75,"Aug 18, 2006",Snakes on a Plane,33000000,34020814,62020814,28000000,1020814,-5000000,29020814,0.0,-0.001,0.008,Domestic
1775,1775,76,"Apr 16, 2004",The Punisher,33000000,33664370,54533774,20869404,664370,-12130596,21533774,0.0,-0.004,0.006,Domestic
1776,1776,77,"Sep 8, 2000",The Watcher,33000000,28946615,47267829,18321214,-4053385,-14678786,14267829,-0.001,-0.004,0.004,Domestic
1777,1777,78,"Apr 27, 2012",Safe,33000000,17142080,41495213,24353133,-15857920,-8646867,8495213,-0.005,-0.002,0.002,Domestic
1778,1778,79,"Mar 14, 2008",Doomsday,33000000,11008770,21621188,10612418,-21991230,-22387582,-11378812,-0.006,-0.006,-0.003,Domestic
1779,1779,80,"Apr 23, 1999",Pushing Tin,33000000,8408835,8408835,0,-24591165,-33000000,-24591165,-0.007,-0.01,-0.007,Domestic
1780,1780,81,"May 12, 2006",Goal! The Dream Begins,33000000,4283255,27610873,23327618,-28716745,-9672382,-5389127,-0.008,-0.003,-0.002,Domestic
1781,1781,82,"Jul 31, 2015",The Young and Prodigious T.S. Spivet,33000000,176847,357687,180840,-32823153,-32819160,-32642313,-0.009,-0.009,-0.009,Domestic
1782,1782,83,"Oct 30, 2015",Freaks of Nature,33000000,70958,70958,0,-32929042,-33000000,-32929042,-0.01,-0.01,-0.01,Domestic
1783,1783,84,"May 25, 1983",Star Wars Ep. VI: Return of the Jedi,32500000,309205079,572705079,263500000,276705079,231000000,540205079,0.08,0.067,0.156,Domestic
1784,1784,85,"May 13, 2011",Bridesmaids,32500000,169211718,289632023,120420305,136711718,87920305,257132023,0.039,0.025,0.074,Domestic
1785,1785,86,"Dec 10, 2008",The Reader,32500000,34194407,112964875,78770468,1694407,46270468,80464875,0.0,0.013,0.023,Domestic
1786,1786,87,"Apr 26, 2013",The Big Wedding,32500000,21819348,48425971,26606623,-10680652,-5893377,15925971,-0.003,-0.002,0.005,Domestic
1787,1787,88,"Feb 24, 2012",Wanderlust,32500000,17288155,24159934,6871779,-15211845,-25628221,-8340066,-0.004,-0.007,-0.002,Domestic
1788,1788,89,"Nov 7, 2003",Elf,32000000,173840591,220678483,46837892,141840591,14837892,188678483,0.041,0.004,0.054,Domestic
1789,1789,90,"Jul 5, 1996",Phenomenon,32000000,104636382,152036382,47400000,72636382,15400000,120036382,0.021,0.004,0.035,Domestic
1790,1790,91,"Jun 12, 2013",This is the End,32000000,101470202,126539117,25068915,69470202,-6931085,94539117,0.02,-0.002,0.027,Domestic
1791,1791,92,"Jan 18, 2002",Snow Dogs,32000000,81150692,116898028,35747336,49150692,3747336,84898028,0.014,0.001,0.025,Domestic
1792,1792,93,"Jun 16, 2006",Nacho Libre,32000000,80197993,99296462,19098469,48197993,-12901531,67296462,0.014,-0.004,0.019,Domestic
1793,1793,94,"Nov 23, 1988",Scrooged,32000000,59450353,59450353,0,27450353,-32000000,27450353,0.008,-0.009,0.008,Domestic
1794,1794,95,"Aug 27, 2010",Takers,32000000,57744720,70587268,12842548,25744720,-19157452,38587268,0.007,-0.006,0.011,Domestic
1795,1795,96,"Apr 1, 2011",Source Code,32000000,54712227,140428499,85716272,22712227,53716272,108428499,0.007,0.016,0.031,Domestic
1796,1796,97,"Sep 10, 1999",Stigmata,32000000,50041732,89441732,39400000,18041732,7400000,57441732,0.005,0.002,0.017,Domestic
1797,1797,98,"Nov 10, 2000",Men of Honor,32000000,48814909,82339483,33524574,16814909,1524574,50339483,0.005,0.0,0.015,Domestic
1798,1798,99,"Apr 20, 2018",I Feel Pretty,32000000,48795601,91553797,42758196,16795601,10758196,59553797,0.005,0.003,0.017,Domestic
1799,1799,100,"Sep 2, 2005",The Transporter 2,32000000,43095856,88978458,45882602,11095856,13882602,56978458,0.003,0.004,0.016,Domestic
1800,1800,1,"Feb 18, 2011","Big Mommas: Like Father, Like Son",32000000,37915414,82332450,44417036,5915414,12417036,50332450,0.002,0.004,0.015,Domestic
1801,1801,2,"Jan 15, 1993",Alive,32000000,36299670,36299670,0,4299670,-32000000,4299670,0.001,-0.009,0.001,Domestic
1802,1802,3,"Feb 23, 2007",The Number 23,32000000,35193167,77593167,42400000,3193167,10400000,45593167,0.001,0.003,0.013,Domestic
1803,1803,4,"Dec 14, 1979",1941,32000000,34175000,94875000,60700000,2175000,28700000,62875000,0.001,0.008,0.018,Domestic
1804,1804,5,"Oct 21, 2005",Dreamer: Inspired by a True Story,32000000,33022286,39498360,6476074,1022286,-25523926,7498360,0.0,-0.007,0.002,Domestic
1805,1805,6,"Sep 23, 2005",A History of Violence,32000000,31493782,61477797,29984015,-506218,-2015985,29477797,-0.0,-0.001,0.009,Domestic
1806,1806,7,"Mar 15, 2013",The Incredible Burt Wonderstone,32000000,22537881,27392609,4854728,-9462119,-27145272,-4607391,-0.003,-0.008,-0.001,Domestic
1807,1807,8,"Feb 10, 1995",The Quick and the Dead,32000000,18552460,18552460,0,-13447540,-32000000,-13447540,-0.004,-0.009,-0.004,Domestic
1808,1808,9,"Apr 30, 2004",Laws of Attraction,32000000,17848322,29948322,12100000,-14151678,-19900000,-2051678,-0.004,-0.006,-0.001,Domestic
1809,1809,10,"Oct 12, 2018",Bad Times at the El Royale,32000000,17839115,29204379,11365264,-14160885,-20634736,-2795621,-0.004,-0.006,-0.001,Domestic
1810,1810,11,"Sep 3, 2010",Going the Distance,32000000,17804299,43603990,25799691,-14195701,-6200309,11603990,-0.004,-0.002,0.003,Domestic
1811,1811,12,"Oct 22, 1999",Bringing Out The Dead,32000000,16640210,16640210,0,-15359790,-32000000,-15359790,-0.004,-0.009,-0.004,Domestic
1812,1812,13,"Mar 19, 2010",Repo Men,32000000,13942007,18195238,4253231,-18057993,-27746769,-13804762,-0.005,-0.008,-0.004,Domestic
1813,1813,14,"Sep 14, 2007",Dragon Wars: D-War,32000000,10977721,79915361,68937640,-21022279,36937640,47915361,-0.006,0.011,0.014,Domestic
1814,1814,15,"Sep 6, 1996",Bogus,32000000,4357406,4357406,0,-27642594,-32000000,-27642594,-0.008,-0.009,-0.008,Domestic
1815,1815,16,"Mar 26, 1997",Cats Don't Dance,32000000,3588602,3588602,0,-28411398,-32000000,-28411398,-0.008,-0.009,-0.008,Domestic
1816,1816,17,"Dec 8, 1999",Cradle Will Rock,32000000,2899970,2899970,0,-29100030,-32000000,-29100030,-0.008,-0.009,-0.008,Domestic
1817,1817,18,"Dec 15, 2006",The Good German,32000000,1308696,6678033,5369337,-30691304,-26630663,-25321967,-0.009,-0.008,-0.007,Domestic
1819,1819,20,"Aug 15, 1979",Apocalypse Now,31500000,78800000,81250485,2450485,47300000,-29049515,49750485,0.014,-0.008,0.014,Domestic
1820,1820,21,"Apr 15, 2016",Criminal,31500000,14708696,38771262,24062566,-16791304,-7437434,7271262,-0.005,-0.002,0.002,Domestic
1821,1821,22,"Apr 12, 2013",42,31000000,95020213,97470701,2450488,64020213,-28549512,66470701,0.018,-0.008,0.019,Domestic
1822,1822,23,"Nov 2, 2012",Flight,31000000,93772375,160558438,66786063,62772375,35786063,129558438,0.018,0.01,0.037,Domestic
1823,1823,24,"Dec 29, 1995",Mr. Hollandâs Opus,31000000,82582604,106282604,23700000,51582604,-7300000,75282604,0.015,-0.002,0.022,Domestic
1824,1824,25,"Dec 18, 1985",Out of Africa,31000000,79096868,258210860,179113992,48096868,148113992,227210860,0.014,0.043,0.066,Domestic
1825,1825,26,"Jun 29, 1979",Moonraker,31000000,70300000,210300000,140000000,39300000,109000000,179300000,0.011,0.031,0.052,Domestic
1826,1826,27,"Mar 7, 2014",The Grand Budapest Hotel,31000000,59076019,163981261,104905242,28076019,73905242,132981261,0.008,0.021,0.038,Domestic
1827,1827,28,"Jul 29, 2015",Vacation,31000000,58884188,102306500,43422312,27884188,12422312,71306500,0.008,0.004,0.021,Domestic
1828,1828,29,"Jul 18, 1990",Arachnophobia,31000000,53208180,53208180,0,22208180,-31000000,22208180,0.006,-0.009,0.006,Domestic
1829,1829,30,"Feb 13, 2019",Isnât it Romantic,31000000,48791187,48791187,0,17791187,-31000000,17791187,0.005,-0.009,0.005,Domestic
1830,1830,31,"Apr 28, 2000",Frequency,31000000,44983704,68079671,23095967,13983704,-7904033,37079671,0.004,-0.002,0.011,Domestic
1831,1831,32,"Sep 28, 2001",Hearts in Atlantis,31000000,24185781,30885781,6700000,-6814219,-24300000,-114219,-0.002,-0.007,-0.0,Domestic
1832,1832,33,"Jan 22, 2010",Extraordinary Measures,31000000,12482741,15826984,3344243,-18517259,-27655757,-15173016,-0.005,-0.008,-0.004,Domestic
1833,1833,34,"Aug 25, 2017",Birth of the Dragon,31000000,6901965,7220490,318525,-24098035,-30681475,-23779510,-0.007,-0.009,-0.007,Domestic
1834,1834,35,"Oct 20, 1995",Get Shorty,30250000,72021008,115021008,43000000,41771008,12750000,84771008,0.012,0.004,0.024,Domestic
1835,1835,36,"Jun 8, 1984",Ghostbusters,30000000,242212467,295212467,53000000,212212467,23000000,265212467,0.061,0.007,0.077,Domestic
1836,1836,37,"Nov 22, 1995",Toy Story,30000000,191796233,364545516,172749283,161796233,142749283,334545516,0.047,0.041,0.097,Domestic
1837,1837,38,"Aug 15, 2018",Crazy Rich Asians,30000000,174532921,238099711,63566790,144532921,33566790,208099711,0.042,0.01,0.06,Domestic
1838,1838,39,"Dec 27, 2002",Chicago,30000000,170687518,306770545,136083027,140687518,106083027,276770545,0.041,0.031,0.08,Domestic
1839,1839,40,"Jun 25, 1999",Big Daddy,30000000,163479795,228641283,65161488,133479795,35161488,198641283,0.039,0.01,0.057,Domestic
1840,1840,41,"Aug 10, 2001",American Pie 2,30000000,145096820,286500000,141403180,115096820,111403180,256500000,0.033,0.032,0.074,Domestic
1841,1841,42,"Feb 10, 2012",The Vow,30000000,125014030,197618160,72604130,95014030,42604130,167618160,0.027,0.012,0.048,Domestic
1842,1842,43,"Jun 10, 1994",Speed,30000000,121248145,283200000,161951855,91248145,131951855,253200000,0.026,0.038,0.073,Domestic
1843,1843,44,"Mar 2, 1990",The Hunt for Red October,30000000,120709866,200500000,79790134,90709866,49790134,170500000,0.026,0.014,0.049,Domestic
1844,1844,45,"Aug 16, 2013",Lee Daniels' The Butler,30000000,116632095,177025498,60393403,86632095,30393403,147025498,0.025,0.009,0.042,Domestic
1845,1845,46,"Sep 29, 2000",Remember the Titans,30000000,115654751,136706683,21051932,85654751,-8948068,106706683,0.025,-0.003,0.031,Domestic
1846,1846,47,"Aug 14, 2009",District 9,30000000,115646235,212453431,96807196,85646235,66807196,182453431,0.025,0.019,0.053,Domestic
1847,1847,48,"Jun 18, 2004",Dodgeball: A True Underdog Story,30000000,114326736,167791704,53464968,84326736,23464968,137791704,0.024,0.007,0.04,Domestic
1848,1848,49,"Nov 22, 1991",The Addams Family,30000000,113502246,191502246,78000000,83502246,48000000,161502246,0.024,0.014,0.047,Domestic
1849,1849,50,"Nov 10, 1995",Ace Ventura: When Nature Calls,30000000,108360063,212400000,104039937,78360063,74039937,182400000,0.023,0.021,0.053,Domestic
1850,1850,51,"Aug 3, 2001",The Princess Diaries,30000000,108244774,165334774,57090000,78244774,27090000,135334774,0.023,0.008,0.039,Domestic
1851,1851,52,"Mar 5, 1999",Analyze This,30000000,106885658,176885658,70000000,76885658,40000000,146885658,0.022,0.012,0.042,Domestic
1852,1852,53,"Sep 20, 1996",The First Wives Club,30000000,105489203,181489203,76000000,75489203,46000000,151489203,0.022,0.013,0.044,Domestic
1853,1853,54,"Dec 15, 2004",Million Dollar Baby,30000000,100492203,231928227,131436024,70492203,101436024,201928227,0.02,0.029,0.058,Domestic
1854,1854,55,"Sep 22, 1995",Se7en,30000000,100125643,328125643,228000000,70125643,198000000,298125643,0.02,0.057,0.086,Domestic
1855,1855,56,"Oct 8, 2003",Mystic River,30000000,90135191,156822020,66686829,60135191,36686829,126822020,0.017,0.011,0.037,Domestic
1856,1856,57,"Dec 18, 2015",Sisters,30000000,87044645,106030660,18986015,57044645,-11013985,76030660,0.016,-0.003,0.022,Domestic
1857,1857,58,"Nov 10, 1999",Pokemon: The First Movie,30000000,85744662,163644662,77900000,55744662,47900000,133644662,0.016,0.014,0.039,Domestic
1858,1858,59,"Nov 19, 2004",SpongeBob SquarePants: The Movie,30000000,85416609,142051255,56634646,55416609,26634646,112051255,0.016,0.008,0.032,Domestic
1859,1859,60,"Dec 4, 2009",Up in the Air,30000000,83823381,166842739,83019358,53823381,53019358,136842739,0.016,0.015,0.04,Domestic
1860,1860,61,"Jun 25, 2004",The Notebook,30000000,81001787,116025023,35023236,51001787,5023236,86025023,0.015,0.001,0.025,Domestic
1861,1861,62,"Apr 10, 2009",Hannah Montana the Movie,30000000,79576189,169173206,89597017,49576189,59597017,139173206,0.014,0.017,0.04,Domestic
1862,1862,63,"Jan 18, 2008",27 Dresses,30000000,76808654,160247805,83439151,46808654,53439151,130247805,0.014,0.015,0.038,Domestic
1863,1863,64,"Nov 17, 2000",Rugrats in Paris,30000000,76501438,103284813,26783375,46501438,-3216625,73284813,0.013,-0.001,0.021,Domestic
1864,1864,65,"Aug 18, 2017",The Hitmanâs Bodyguard,30000000,75468583,172778667,97310084,45468583,67310084,142778667,0.013,0.019,0.041,Domestic
1865,1865,66,"Dec 25, 1991",The Prince of Tides,30000000,74787599,74787599,0,44787599,-30000000,44787599,0.013,-0.009,0.013,Domestic
1866,1866,67,"Aug 12, 2005",Four Brothers,30000000,74494381,92494381,18000000,44494381,-12000000,62494381,0.013,-0.003,0.018,Domestic
1867,1867,68,"Dec 23, 1994",Legends of the Fall,30000000,66502573,160502573,94000000,36502573,64000000,130502573,0.011,0.018,0.038,Domestic
1868,1868,69,"Sep 28, 2012",Looper,30000000,66486205,170466405,103980200,36486205,73980200,140466405,0.011,0.021,0.041,Domestic
1869,1869,70,"Feb 1, 2013",Warm Bodies,30000000,66380662,115121608,48740946,36380662,18740946,85121608,0.011,0.005,0.025,Domestic
1870,1870,71,"Dec 13, 2002",About Schmidt,30000000,65005217,107054484,42049267,35005217,12049267,77054484,0.01,0.003,0.022,Domestic
1871,1871,72,"Jan 17, 2014",The Nut Job,30000000,64251538,122529966,58278428,34251538,28278428,92529966,0.01,0.008,0.027,Domestic
1872,1872,73,"Feb 16, 2001",Down to Earth,30000000,64172251,71172251,7000000,34172251,-23000000,41172251,0.01,-0.007,0.012,Domestic
1873,1873,74,"Aug 4, 1995",Babe,30000000,63658910,246100000,182441090,33658910,152441090,216100000,0.01,0.044,0.062,Domestic
1874,1874,75,"Aug 8, 2012",Hope Springs,30000000,63536011,133085295,69549284,33536011,39549284,103085295,0.01,0.011,0.03,Domestic
1875,1875,76,"Apr 18, 2008",Forgetting Sarah Marshall,30000000,63172463,105173042,42000579,33172463,12000579,75173042,0.01,0.003,0.022,Domestic
1876,1876,77,"Oct 8, 2004",Friday Night Lights,30000000,61255921,61950770,694849,31255921,-29305151,31950770,0.009,-0.008,0.009,Domestic
1877,1877,78,"Nov 17, 1989",Harlem Nights,30000000,60857262,95857262,35000000,30857262,5000000,65857262,0.009,0.001,0.019,Domestic
1878,1878,79,"Apr 25, 2008",Baby Mama,30000000,60494212,64170447,3676235,30494212,-26323765,34170447,0.009,-0.008,0.01,Domestic
1879,1879,80,"May 29, 1998",Hope Floats,30000000,60110313,81529000,21418687,30110313,-8581313,51529000,0.009,-0.002,0.015,Domestic
1880,1880,81,"Jan 9, 2009",Bride Wars,30000000,58715510,115150424,56434914,28715510,26434914,85150424,0.008,0.008,0.025,Domestic
1881,1881,82,"Aug 20, 2004",Without a Paddle,30000000,58156435,65121280,6964845,28156435,-23035155,35121280,0.008,-0.007,0.01,Domestic
1882,1882,83,"May 20, 2011",Midnight in Paris,30000000,56816662,162502774,105686112,26816662,75686112,132502774,0.008,0.022,0.038,Domestic
1883,1883,84,"Nov 22, 2017",Darkest Hour,30000000,56443120,150807172,94364052,26443120,64364052,120807172,0.008,0.019,0.035,Domestic
1884,1884,85,"Oct 5, 2005",Wallace & Gromit: The Curse of the Were-Rabbit,30000000,56068547,197593152,141524605,26068547,111524605,167593152,0.008,0.032,0.048,Domestic
1885,1885,86,"Dec 21, 2007",P.S. I Love You,30000000,53695808,155769678,102073870,23695808,72073870,125769678,0.007,0.021,0.036,Domestic
1886,1886,87,"Sep 23, 2005",Corpse Bride,30000000,53359111,114770654,61411543,23359111,31411543,84770654,0.007,0.009,0.024,Domestic
1887,1887,88,"May 11, 2018",Life of the Party,30000000,53059911,65759911,12700000,23059911,-17300000,35759911,0.007,-0.005,0.01,Domestic
1888,1888,89,"May 14, 2010",Letters to Juliet,30000000,53032453,82148538,29116085,23032453,-883915,52148538,0.007,-0.0,0.015,Domestic
1889,1889,90,"Apr 6, 2001",Blow,30000000,52990775,83282296,30291521,22990775,291521,53282296,0.007,0.0,0.015,Domestic
1890,1890,91,"Feb 12, 1999",Message in a Bottle,30000000,52880016,52880016,0,22880016,-30000000,22880016,0.007,-0.009,0.007,Domestic
1891,1891,92,"Jul 24, 2015",Southpaw,30000000,52421953,94156456,41734503,22421953,11734503,64156456,0.006,0.003,0.019,Domestic
1892,1892,93,"Jun 9, 1989",Star Trek V: The Final Frontier,30000000,52210049,70200000,17989951,22210049,-12010049,40200000,0.006,-0.003,0.012,Domestic
1893,1893,94,"Jul 28, 2017",Atomic Blonde,30000000,51573925,98345423,46771498,21573925,16771498,68345423,0.006,0.005,0.02,Domestic
1894,1894,95,"Jul 3, 2002",Like Mike,30000000,51432423,62432423,11000000,21432423,-19000000,32432423,0.006,-0.005,0.009,Domestic
1895,1895,96,"Mar 18, 1994",Naked Gun 33 1/3: The Final Insult,30000000,51041856,51041856,0,21041856,-30000000,21041856,0.006,-0.009,0.006,Domestic
1896,1896,97,"Dec 7, 2007",Atonement,30000000,50980159,129779728,78799569,20980159,48799569,99779728,0.006,0.014,0.029,Domestic
1897,1897,98,"May 24, 1985",A View to a Kill,30000000,50327960,152627960,102300000,20327960,72300000,122627960,0.006,0.021,0.035,Domestic
1898,1898,99,"Jan 14, 2005",Racing Stripes,30000000,49772522,89955540,40183018,19772522,10183018,59955540,0.006,0.003,0.017,Domestic
1899,1899,100,"Sep 18, 2015",Sicario,30000000,46889293,84393749,37504456,16889293,7504456,54393749,0.005,0.002,0.016,Domestic
1900,1900,1,"Sep 22, 1989",Black Rain,30000000,45892212,45892212,0,15892212,-30000000,15892212,0.005,-0.009,0.005,Domestic
1901,1901,2,"Jun 26, 1987",Full Metal Jacket,30000000,45015999,45015999,0,15015999,-30000000,15015999,0.004,-0.009,0.004,Domestic
1902,1902,3,"Jan 19, 2018",Den of Thieves,30000000,44947622,80131391,35183769,14947622,5183769,50131391,0.004,0.001,0.014,Domestic
1903,1903,4,"Apr 13, 2012",The Three Stooges,30000000,44338224,54052249,9714025,14338224,-20285975,24052249,0.004,-0.006,0.007,Domestic
1904,1904,5,"Jul 21, 2000",Pokemon 2000,30000000,43746923,133946923,90200000,13746923,60200000,103946923,0.004,0.017,0.03,Domestic
1905,1905,6,"Oct 24, 2014",John Wick,30000000,43037835,76235001,33197166,13037835,3197166,46235001,0.004,0.001,0.013,Domestic
1906,1906,7,"Jan 13, 2006",Glory Road,30000000,42647449,42799060,151611,12647449,-29848389,12799060,0.004,-0.009,0.004,Domestic
1907,1907,8,"Apr 24, 2015",The Age of Adaline,30000000,42629776,68984536,26354760,12629776,-3645240,38984536,0.004,-0.001,0.011,Domestic
1908,1908,9,"Aug 6, 2010",Step Up 3D,30000000,42400223,165889117,123488894,12400223,93488894,135889117,0.004,0.027,0.039,Domestic
1909,1909,10,"May 29, 2009",Drag Me To Hell,30000000,42100625,91388487,49287862,12100625,19287862,61388487,0.003,0.006,0.018,Domestic
1910,1910,11,"Apr 13, 2012",The Cabin in the Woods,30000000,42073277,70689968,28616691,12073277,-1383309,40689968,0.003,-0.0,0.012,Domestic
1911,1911,12,"Sep 19, 2003",Secondhand Lions,30000000,42070939,47902566,5831627,12070939,-24168373,17902566,0.003,-0.007,0.005,Domestic
1912,1912,13,"Nov 10, 2006",Stranger Than Fiction,30000000,40435190,53572822,13137632,10435190,-16862368,23572822,0.003,-0.005,0.007,Domestic
1913,1913,14,"Apr 8, 2011",Hanna,30000000,40259119,65343694,25084575,10259119,-4915425,35343694,0.003,-0.001,0.01,Domestic
1914,1914,15,"Aug 16, 2002",Blue Crush,30000000,40118420,51618420,11500000,10118420,-18500000,21618420,0.003,-0.005,0.006,Domestic
1915,1915,16,"Oct 19, 2007",30 Days of Night,30000000,39568996,80276156,40707160,9568996,10707160,50276156,0.003,0.003,0.015,Domestic
1916,1916,17,"Dec 19, 1986",Little Shop of Horrors,30000000,38747385,38747385,0,8747385,-30000000,8747385,0.003,-0.009,0.003,Domestic
1917,1917,18,"Sep 15, 2006",Gridiron Gang,30000000,38432823,41457834,3025011,8432823,-26974989,11457834,0.002,-0.008,0.003,Domestic
1918,1918,19,"Jul 20, 1988",Midnight Run,30000000,38413606,81613606,43200000,8413606,13200000,51613606,0.002,0.004,0.015,Domestic
1919,1919,20,"Jan 25, 2008",Meet the Spartans,30000000,38233676,84646831,46413155,8233676,16413155,54646831,0.002,0.005,0.016,Domestic
1920,1920,21,"Nov 13, 1987",The Running Man,30000000,38122000,38122000,0,8122000,-30000000,8122000,0.002,-0.009,0.002,Domestic
1921,1921,22,"Sep 13, 2013",The Family,30000000,36918811,51078541,14159730,6918811,-15840270,21078541,0.002,-0.005,0.006,Domestic
1922,1922,23,"Feb 9, 2018",The 15:17 to Paris,30000000,36276286,56096200,19819914,6276286,-10180086,26096200,0.002,-0.003,0.008,Domestic
1923,1923,24,"Nov 21, 1997",Mortal Kombat: Annihilation,30000000,35927406,51327406,15400000,5927406,-14600000,21327406,0.002,-0.004,0.006,Domestic
1924,1924,25,"Jul 1, 2011",Larry Crowne,30000000,35608245,61449135,25840890,5608245,-4159110,31449135,0.002,-0.001,0.009,Domestic
1925,1925,26,"Oct 18, 2013",Carrie,30000000,35266619,82409520,47142901,5266619,17142901,52409520,0.002,0.005,0.015,Domestic
1926,1926,27,"Apr 7, 2006",Take the Lead,30000000,34742066,65390493,30648427,4742066,648427,35390493,0.001,0.0,0.01,Domestic
1927,1927,28,"Mar 2, 2018",Death Wish,30000000,34017028,48575965,14558937,4017028,-15441063,18575965,0.001,-0.004,0.005,Domestic
1928,1928,29,"Nov 24, 2010",Love and Other Drugs,30000000,32367005,102716321,70349316,2367005,40349316,72716321,0.001,0.012,0.021,Domestic
1929,1929,30,"Jun 3, 2015",Entourage,30000000,32363404,46438538,14075134,2363404,-15924866,16438538,0.001,-0.005,0.005,Domestic
1930,1930,31,"Jun 1, 2001",What's the Worst That Could Happen?,30000000,32267774,38462071,6194297,2267774,-23805703,8462071,0.001,-0.007,0.002,Domestic
1931,1931,32,"Feb 8, 2013",Side Effects,30000000,32172757,66742138,34569381,2172757,4569381,36742138,0.001,0.001,0.011,Domestic
1932,1932,33,"Sep 9, 2009",9,30000000,31749894,48559999,16810105,1749894,-13189895,18559999,0.001,-0.004,0.005,Domestic
1933,1933,34,"Jul 2, 2014",Deliver Us from Evil,30000000,30577122,87956618,57379496,577122,27379496,57956618,0.0,0.008,0.017,Domestic
1934,1934,35,"Aug 1, 2014",Get on Up,30000000,30569935,33339868,2769933,569935,-27230067,3339868,0.0,-0.008,0.001,Domestic
1935,1935,36,"Dec 25, 2017",Mollyâs Game,30000000,28780744,53296424,24515680,-1219256,-5484320,23296424,-0.0,-0.002,0.007,Domestic
1936,1936,37,"Apr 27, 2012",The Five-Year Engagement,30000000,28700285,61623819,32923534,-1299715,2923534,31623819,-0.0,0.001,0.009,Domestic
1937,1937,38,"Apr 2, 2004",The Prince & Me,30000000,28165882,29356757,1190875,-1834118,-28809125,-643243,-0.001,-0.008,-0.0,Domestic
1938,1938,39,"Jul 15, 2011",Winnie the Pooh,30000000,26692846,50145607,23452761,-3307154,-6547239,20145607,-0.001,-0.002,0.006,Domestic
1939,1939,40,"May 15, 1998",Bulworth,30000000,26528684,29203383,2674699,-3471316,-27325301,-796617,-0.001,-0.008,-0.0,Domestic
1940,1940,41,"Jun 13, 2003",Dumb and Dumberer: When Harry Met Lloyd,30000000,26214846,26214846,0,-3785154,-30000000,-3785154,-0.001,-0.009,-0.001,Domestic
1941,1941,42,"Sep 14, 2018",White Boy Rick,30000000,24004833,25947983,1943150,-5995167,-28056850,-4052017,-0.002,-0.008,-0.001,Domestic
1942,1942,43,"Aug 4, 1995",Virtuosity,30000000,23998226,23998226,0,-6001774,-30000000,-6001774,-0.002,-0.009,-0.002,Domestic
1943,1943,44,"Sep 18, 1998",One True Thing,30000000,23337196,26708196,3371000,-6662804,-26629000,-3291804,-0.002,-0.008,-0.001,Domestic
1944,1944,45,"Feb 4, 2011",Sanctum,30000000,23209310,108957098,85747788,-6790690,55747788,78957098,-0.002,0.016,0.023,Domestic
1945,1945,46,"Jul 21, 2006",My Super Ex-Girlfriend,30000000,22530295,60772856,38242561,-7469705,8242561,30772856,-0.002,0.002,0.009,Domestic
1946,1946,47,"Aug 25, 2017",Ballerina,30000000,21858070,96892829,75034759,-8141930,45034759,66892829,-0.002,0.013,0.019,Domestic
1947,1947,48,"Sep 17, 2004",Mr. 3000,30000000,21800302,21827296,26994,-8199698,-29973006,-8172704,-0.002,-0.009,-0.002,Domestic
1948,1948,49,"Nov 19, 2010",The Next Three Days,30000000,21148651,67255916,46107265,-8851349,16107265,37255916,-0.003,0.005,0.011,Domestic
1949,1949,50,"Jan 12, 2018",Proud Mary,30000000,20868638,21709539,840901,-9131362,-29159099,-8290461,-0.003,-0.008,-0.002,Domestic
1950,1950,51,"Aug 6, 2004",Little Black Book,30000000,20422207,21758371,1336164,-9577793,-28663836,-8241629,-0.003,-0.008,-0.002,Domestic
1951,1951,52,"Jan 19, 2005",Assault On Precinct 13,30000000,20040895,36040895,16000000,-9959105,-14000000,6040895,-0.003,-0.004,0.002,Domestic
1952,1952,53,"Oct 4, 2013",Runner Runner,30000000,19316646,60512680,41196034,-10683354,11196034,30512680,-0.003,0.003,0.009,Domestic
1953,1953,54,"Feb 6, 1998",The Replacement Killers,30000000,19035741,19035741,0,-10964259,-30000000,-10964259,-0.003,-0.009,-0.003,Domestic
1954,1954,55,"Apr 28, 2017",Baahubali 2: The Conclusion,30000000,18985794,263502914,244517120,-11014206,214517120,233502914,-0.003,0.062,0.067,Domestic
1955,1955,56,"Mar 3, 2006",Ultraviolet,30000000,18522064,30962112,12440048,-11477936,-17559952,962112,-0.003,-0.005,0.0,Domestic
1956,1956,57,"Oct 21, 2005",North Country,30000000,18324242,23676771,5352529,-11675758,-24647471,-6323229,-0.003,-0.007,-0.002,Domestic
1957,1957,58,"Aug 19, 2011",Fright Night,30000000,18298649,40520649,22222000,-11701351,-7778000,10520649,-0.003,-0.002,0.003,Domestic
1958,1958,59,"Sep 15, 2017",mother!,30000000,17800004,42531076,24731072,-12199996,-5268928,12531076,-0.004,-0.002,0.004,Domestic
1959,1959,60,"Oct 9, 2015",Steve Jobs,30000000,17766658,35579007,17812349,-12233342,-12187651,5579007,-0.004,-0.004,0.002,Domestic
1960,1960,61,"Jul 17, 2002",Eight Legged Freaks,30000000,17266505,36722311,19455806,-12733495,-10544194,6722311,-0.004,-0.003,0.002,Domestic
1961,1961,62,"Jul 19, 1996",Fled,30000000,17192205,19892205,2700000,-12807795,-27300000,-10107795,-0.004,-0.008,-0.003,Domestic
1962,1962,63,"Jun 4, 2010",Splice,30000000,17010170,28542494,11532324,-12989830,-18467676,-1457506,-0.004,-0.005,-0.0,Domestic
1963,1963,64,"Apr 18, 2008",88 Minutes,30000000,16930884,32955399,16024515,-13069116,-13975485,2955399,-0.004,-0.004,0.001,Domestic
1964,1964,65,"Apr 9, 2004",The Whole Ten Yards,30000000,16323969,26323969,10000000,-13676031,-20000000,-3676031,-0.004,-0.006,-0.001,Domestic
1965,1965,66,"Aug 1, 1986",Howard the Duck,30000000,16295774,16295774,0,-13704226,-30000000,-13704226,-0.004,-0.009,-0.004,Domestic
1966,1966,67,"Oct 24, 2008",Pride and Glory,30000000,15740721,43440721,27700000,-14259279,-2300000,13440721,-0.004,-0.001,0.004,Domestic
1967,1967,68,"Aug 26, 2005",The Cave,30000000,15007991,27147991,12140000,-14992009,-17860000,-2852009,-0.004,-0.005,-0.001,Domestic
1968,1968,69,"Apr 30, 2004",Godsend,30000000,14334645,16910708,2576063,-15665355,-27423937,-13089292,-0.005,-0.008,-0.004,Domestic
1969,1969,70,"Jun 20, 2003",Alex & Emma,30000000,14208384,15358583,1150199,-15791616,-28849801,-14641417,-0.005,-0.008,-0.004,Domestic
1970,1970,71,"Sep 3, 2004",Wicker Park,30000000,13001257,21577076,8575819,-16998743,-21424181,-8422924,-0.005,-0.006,-0.002,Domestic
1971,1971,72,"Dec 25, 2005",The New World,30000000,12712093,26184400,13472307,-17287907,-16527693,-3815600,-0.005,-0.005,-0.001,Domestic
1972,1972,73,"Jun 29, 2007",Evening,30000000,12406646,12885574,478928,-17593354,-29521072,-17114426,-0.005,-0.009,-0.005,Domestic
1973,1973,74,"Jan 18, 2013",The Last Stand,30000000,12050299,48330757,36280458,-17949701,6280458,18330757,-0.005,0.002,0.005,Domestic
1974,1974,75,"Jan 15, 1999",In Dreams,30000000,12017369,12017369,0,-17982631,-30000000,-17982631,-0.005,-0.009,-0.005,Domestic
1975,1975,76,"Mar 12, 1999",Wing Commander,30000000,11578022,11578022,0,-18421978,-30000000,-18421978,-0.005,-0.009,-0.005,Domestic
1976,1976,77,"Jan 12, 2001",Antitrust,30000000,10965209,17865209,6900000,-19034791,-23100000,-12134791,-0.005,-0.007,-0.004,Domestic
1977,1977,78,"Mar 8, 2013",Dead Man Down,30000000,10895295,19599974,8704679,-19104705,-21295321,-10400026,-0.006,-0.006,-0.003,Domestic
1978,1978,79,"Apr 29, 2011",Hoodwinked Too: Hood vs. Evil,30000000,10143779,23353111,13209332,-19856221,-16790668,-6646889,-0.006,-0.005,-0.002,Domestic
1979,1979,80,"Apr 10, 2009",Dragonball Evolution,30000000,9362785,58228460,48865675,-20637215,18865675,28228460,-0.006,0.005,0.008,Domestic
1980,1980,81,"Sep 24, 2004",First Daughter,30000000,9055010,10419084,1364074,-20944990,-28635926,-19580916,-0.006,-0.008,-0.006,Domestic
1981,1981,82,"Apr 14, 2017",The Lost City of Z,30000000,8574339,17121823,8547484,-21425661,-21452516,-12878177,-0.006,-0.006,-0.004,Domestic
1982,1982,83,"Sep 9, 2005",An Unfinished Life,30000000,8535575,18535575,10000000,-21464425,-20000000,-11464425,-0.006,-0.006,-0.003,Domestic
1983,1983,84,"Feb 3, 2017",The Space Between Us,30000000,7885294,16481405,8596111,-22114706,-21403889,-13518595,-0.006,-0.006,-0.004,Domestic
1984,1984,85,"Dec 25, 2009",The Imaginarium of Doctor Parnassus,30000000,7689607,64352607,56663000,-22310393,26663000,34352607,-0.006,0.008,0.01,Domestic
1985,1985,86,"Jan 14, 2011",Barney's Version,30000000,7502560,8845575,1343015,-22497440,-28656985,-21154425,-0.006,-0.008,-0.006,Domestic
1986,1986,87,"Sep 20, 2002",Trapped,30000000,6916869,6916869,0,-23083131,-30000000,-23083131,-0.007,-0.009,-0.007,Domestic
1987,1987,88,"Aug 31, 2018",Kin,30000000,5718096,10096821,4378725,-24281904,-25621275,-19903179,-0.007,-0.007,-0.006,Domestic
1988,1988,89,"Jun 1, 1984",Once Upon a Time in America,30000000,5321508,5575648,254140,-24678492,-29745860,-24424352,-0.007,-0.009,-0.007,Domestic
1989,1989,90,"Sep 22, 2017",Stronger,30000000,4211129,8786752,4575623,-25788871,-25424377,-21213248,-0.007,-0.007,-0.006,Domestic
1990,1990,91,"Jan 22, 1999",Gloria,30000000,4167493,4967493,800000,-25832507,-29200000,-25032507,-0.007,-0.008,-0.007,Domestic
1991,1991,92,"Sep 21, 2007",The Assassination of Jesse James by the Coward Robert Ford,30000000,3909149,15313631,11404482,-26090851,-18595518,-14686369,-0.008,-0.005,-0.004,Domestic
1992,1992,93,"Dec 29, 2004",The Merchant of Venice,30000000,3765585,18765585,15000000,-26234415,-15000000,-11234415,-0.008,-0.004,-0.003,Domestic
1993,1993,94,"Apr 2, 2003",The Good Thief,30000000,3517797,6460758,2942961,-26482203,-27057039,-23539242,-0.008,-0.008,-0.007,Domestic
1994,1994,95,"Aug 17, 2005",Supercross,30000000,3102550,3252550,150000,-26897450,-29850000,-26747450,-0.008,-0.009,-0.008,Domestic
1995,1995,96,"Dec 29, 2006",Miss Potter,30000000,3005605,35891257,32885652,-26994395,2885652,5891257,-0.008,0.001,0.002,Domestic
1996,1996,97,"May 5, 2006",Wu ji,30000000,669625,35869934,35200309,-29330375,5200309,5869934,-0.008,0.002,0.002,Domestic
1997,1997,98,"Jun 14, 2019",Shaft,30000000,600000,600000,0,-29400000,-30000000,-29400000,-0.008,-0.009,-0.008,Domestic
1998,1998,99,"Sep 23, 2011",Machine Gun Preacher,30000000,538690,3721988,3183298,-29461310,-26816702,-26278012,-0.009,-0.008,-0.008,Domestic
1999,1999,100,"Feb 2, 2018",Bilal: A New Breed of Hero,30000000,490973,648599,157626,-29509027,-29842374,-29351401,-0.009,-0.009,-0.008,Domestic
2000,2000,1,"Jun 15, 2007",DOA: Dead or Alive,30000000,480314,7755686,7275372,-29519686,-22724628,-22244314,-0.009,-0.007,-0.006,Domestic
2001,2001,2,"Feb 19, 2010",Le Petit Nicolas,30000000,201857,52339566,52137709,-29798143,22137709,22339566,-0.009,0.006,0.006,Domestic
2002,2002,3,"Oct 7, 2011",Xinhai geming,30000000,135739,8593154,8457415,-29864261,-21542585,-21406846,-0.009,-0.006,-0.006,Domestic
2003,2003,4,"Feb 21, 2008",Genghis Khan: To the Ends of the Earth and Sea,30000000,3892,4874498,4870606,-29996108,-25129394,-25125502,-0.009,-0.007,-0.007,Domestic
2004,2004,5,"Jan 30, 2015",Wild Card,30000000,3200,4315789,4312589,-29996800,-25687411,-25684211,-0.009,-0.007,-0.007,Domestic
2005,2005,6,"Jun 5, 2015",United Passions,30000000,918,168832,167914,-29999082,-29832086,-29831168,-0.009,-0.009,-0.009,Domestic
2012,2012,13,"Feb 24, 2017",Collide,29200000,2280004,5466698,3186694,-26919996,-26013306,-23733302,-0.008,-0.008,-0.007,Domestic
2013,2013,14,"May 15, 2015",Pitch Perfect 2,29000000,184296230,287625468,103329238,155296230,74329238,258625468,0.045,0.021,0.075,Domestic
2014,2014,15,"Nov 18, 2005",Walk the Line,29000000,119519402,187707495,68188093,90519402,39188093,158707495,0.026,0.011,0.046,Domestic
2015,2015,16,"Sep 28, 2018",Night School,29000000,77339130,103008792,25669662,48339130,-3330338,74008792,0.014,-0.001,0.021,Domestic
2016,2016,17,"Apr 8, 2016",The Boss,29000000,63077560,78652207,15574647,34077560,-13425353,49652207,0.01,-0.004,0.014,Domestic
2017,2017,18,"Dec 27, 1995",12 Monkeys,29000000,57141459,168841459,111700000,28141459,82700000,139841459,0.008,0.024,0.04,Domestic
2018,2018,19,"Sep 12, 2003",Once Upon a Time in Mexico,29000000,56330657,97413527,41082870,27330657,12082870,68413527,0.008,0.003,0.02,Domestic
2019,2019,20,"Apr 14, 2000",Keeping the Faith,29000000,37036404,45336404,8300000,8036404,-20700000,16336404,0.002,-0.006,0.005,Domestic
2020,2020,21,"Aug 18, 2017",Logan Lucky,29000000,27778642,44264271,16485629,-1221358,-12514371,15264271,-0.0,-0.004,0.004,Domestic
2021,2021,22,"Aug 12, 2016",Florence Foster Jenkins,29000000,27383770,56000339,28616569,-1616230,-383431,27000339,-0.0,-0.0,0.008,Domestic
2022,2022,23,"Feb 13, 1998",The Borrowers,29000000,22619589,54045832,31426243,-6380411,2426243,25045832,-0.002,0.001,0.007,Domestic
2023,2023,24,"Dec 5, 2008",Frost/Nixon,29000000,18622031,28452945,9830914,-10377969,-19169086,-547055,-0.003,-0.006,-0.0,Domestic
2024,2024,25,"Nov 12, 2004",Seed of Chucky,29000000,17016190,24716190,7700000,-11983810,-21300000,-4283810,-0.003,-0.006,-0.001,Domestic
2025,2025,26,"Aug 23, 2002",Serving Sara,29000000,16930185,20146150,3215965,-12069815,-25784035,-8853850,-0.003,-0.007,-0.003,Domestic
2026,2026,27,"Dec 31, 2002",Confessions of a Dangerous Mind,29000000,16007718,33013805,17006087,-12992282,-11993913,4013805,-0.004,-0.003,0.001,Domestic
2027,2027,28,"Aug 26, 2009",Taking Woodstock,29000000,7460204,10066366,2606162,-21539796,-26393838,-18933634,-0.006,-0.008,-0.005,Domestic
2028,2028,29,"Nov 6, 1987",Cry Freedom,29000000,5899797,25899797,20000000,-23100203,-9000000,-3100203,-0.007,-0.003,-0.001,Domestic
2030,2030,31,"Sep 24, 1999",Mumford,28700000,4559569,4559569,0,-24140431,-28700000,-24140431,-0.007,-0.008,-0.007,Domestic
2031,2031,32,"Mar 4, 2005",The Jacket,28500000,6301131,15452978,9151847,-22198869,-19348153,-13047022,-0.006,-0.006,-0.004,Domestic
2032,2032,33,"Nov 11, 1992",Aladdin,28000000,217350219,504050219,286700000,189350219,258700000,476050219,0.055,0.075,0.137,Domestic
2033,2033,34,"May 23, 1984",Indiana Jones and the Temple of Doom,28000000,179880271,333080271,153200000,151880271,125200000,305080271,0.044,0.036,0.088,Domestic
2034,2034,35,"Aug 14, 2015",Straight Outta Compton,28000000,161197785,202182981,40985196,133197785,12985196,174182981,0.038,0.004,0.05,Domestic
2035,2035,36,"Jul 21, 2017",Girls Trip,28000000,115108515,140886353,25777838,87108515,-2222162,112886353,0.025,-0.001,0.033,Domestic
2036,2036,37,"Nov 20, 1998",The Rugrats Movie,28000000,100494685,140894685,40400000,72494685,12400000,112894685,0.021,0.004,0.033,Domestic
2037,2037,38,"Jul 15, 1988",Die Hard,28000000,81350242,139109346,57759104,53350242,29759104,111109346,0.015,0.009,0.032,Domestic
2038,2038,39,"Apr 6, 2001",Along Came a Spider,28000000,74058698,105159085,31100387,46058698,3100387,77159085,0.013,0.001,0.022,Domestic
2039,2039,40,"Nov 1, 2017",A Bad Moms Christmas,28000000,72110659,127710550,55599891,44110659,27599891,99710550,0.013,0.008,0.029,Domestic
2040,2040,41,"Feb 14, 2013",Safe Haven,28000000,71399120,94050951,22651831,43399120,-5348169,66050951,0.013,-0.002,0.019,Domestic
2041,2041,42,"Dec 11, 2015",The Big Short,28000000,70259870,133162752,62902882,42259870,34902882,105162752,0.012,0.01,0.03,Domestic
2042,2042,43,"Nov 7, 2008",Role Models,28000000,67300955,94500826,27199871,39300955,-800129,66500826,0.011,-0.0,0.019,Domestic
2043,2043,44,"Oct 10, 2014","Alexander and the Terrible, Horrible, No Good, Very Bad Day",28000000,66954149,101379287,34425138,38954149,6425138,73379287,0.011,0.002,0.021,Domestic
2044,2044,45,"Feb 6, 2004",Miracle,28000000,64378093,64474705,96612,36378093,-27903388,36474705,0.011,-0.008,0.011,Domestic
2045,2045,46,"Jan 28, 2013",Last Vegas,28000000,63914167,112914167,49000000,35914167,21000000,84914167,0.01,0.006,0.025,Domestic
2046,2046,47,"Jan 26, 2001",The Wedding Planner,28000000,60400856,94728529,34327673,32400856,6327673,66728529,0.009,0.002,0.019,Domestic
2047,2047,48,"Mar 19, 2004",Dawn of the Dead,28000000,58990765,103452875,44462110,30990765,16462110,75452875,0.009,0.005,0.022,Domestic
2048,2048,49,"Jun 26, 1981",For Your Eyes Only,28000000,54800000,195300000,140500000,26800000,112500000,167300000,0.008,0.032,0.048,Domestic
2049,2049,50,"Jun 15, 2018",Tag,28000000,54730625,77026186,22295561,26730625,-5704439,49026186,0.008,-0.002,0.014,Domestic
2050,2050,51,"Dec 14, 2001",The Royal Tenenbaums,28000000,52353636,71430876,19077240,24353636,-8922760,43430876,0.007,-0.003,0.013,Domestic
2051,2051,52,"Apr 25, 2003",Identity,28000000,52131264,82183683,30052419,24131264,2052419,54183683,0.007,0.001,0.016,Domestic
2052,2052,53,"Oct 5, 2001",Serendipity,28000000,50255310,77477297,27221987,22255310,-778013,49477297,0.006,-0.0,0.014,Domestic
2053,2053,54,"Apr 16, 2010",Kick-Ass,28000000,48071303,97531134,49459831,20071303,21459831,69531134,0.006,0.006,0.02,Domestic
2054,2054,55,"Sep 28, 2001",Zoolander,28000000,45172250,60780981,15608731,17172250,-12391269,32780981,0.005,-0.004,0.009,Domestic
2055,2055,56,"Sep 16, 1994",Timecop,28000000,44853581,102053581,57200000,16853581,29200000,74053581,0.005,0.008,0.021,Domestic
2056,2056,57,"Jul 27, 2007",No Reservations,28000000,43107979,91943956,48835977,15107979,20835977,63943956,0.004,0.006,0.018,Domestic
2057,2057,58,"Jul 16, 1993",Hocus Pocus,28000000,39360491,39360491,0,11360491,-28000000,11360491,0.003,-0.008,0.003,Domestic
2058,2058,59,"Nov 11, 2005",Pride & Prejudice,28000000,38372662,126549607,88176945,10372662,60176945,98549607,0.003,0.017,0.028,Domestic
2059,2059,60,"Aug 12, 2011",30 Minutes or Less,28000000,37053924,40966716,3912792,9053924,-24087208,12966716,0.003,-0.007,0.004,Domestic
2060,2060,61,"Dec 22, 2000",Dracula 2000,28000000,33000377,33000377,0,5000377,-28000000,5000377,0.001,-0.008,0.001,Domestic
2061,2061,62,"Jun 25, 1982",Blade Runner,28000000,32656328,39342912,6686584,4656328,-21313416,11342912,0.001,-0.006,0.003,Domestic
2062,2062,63,"Apr 7, 1995",Rob Roy,28000000,31390587,31390587,0,3390587,-28000000,3390587,0.001,-0.008,0.001,Domestic
2063,2063,64,"Feb 21, 2014",3 Days to Kill,28000000,30697999,38959900,8261901,2697999,-19738099,10959900,0.001,-0.006,0.003,Domestic
2064,2064,65,"Aug 16, 2013",Kick-Ass 2,28000000,28795985,63129909,34333924,795985,6333924,35129909,0.0,0.002,0.01,Domestic
2065,2065,66,"Oct 12, 2007",We Own the Night,28000000,28563179,55307857,26744678,563179,-1255322,27307857,0.0,-0.0,0.008,Domestic
2066,2066,67,"Sep 19, 2014",A Walk Among the Tombstones,28000000,26017685,62108587,36090902,-1982315,8090902,34108587,-0.001,0.002,0.01,Domestic
2067,2067,68,"Jan 15, 2010",The Spy Next Door,28000000,24307106,46752858,22445752,-3692894,-5554248,18752858,-0.001,-0.002,0.005,Domestic
2068,2068,69,"Apr 25, 2014",Brick Mansions,28000000,20396829,73421224,53024395,-7603171,25024395,45421224,-0.002,0.007,0.013,Domestic
2069,2069,70,"May 12, 2006",Just My Luck,28000000,17326650,38159905,20833255,-10673350,-7166745,10159905,-0.003,-0.002,0.003,Domestic
2070,2070,71,"Oct 13, 2000",Lost Souls,28000000,16779636,31320293,14540657,-11220364,-13459343,3320293,-0.003,-0.004,0.001,Domestic
2071,2071,72,"Aug 21, 2015",American Ultra,28000000,14439985,30295028,15855043,-13560015,-12144957,2295028,-0.004,-0.004,0.001,Domestic
2072,2072,73,"Apr 18, 2003",Winged Migration,28000000,11689053,39134983,27445930,-16310947,-554070,11134983,-0.005,-0.0,0.003,Domestic
2073,2073,74,"Feb 5, 2016",Pride and Prejudice and Zombies,28000000,10907291,16638300,5731009,-17092709,-22268991,-11361700,-0.005,-0.006,-0.003,Domestic
2074,2074,75,"Oct 1, 1999","Mystery, Alaska",28000000,8891623,8891623,0,-19108377,-28000000,-19108377,-0.006,-0.008,-0.006,Domestic
2075,2075,76,"Aug 24, 2001",John Carpenterâs Ghosts of Mars,28000000,8434601,8434601,0,-19565399,-28000000,-19565399,-0.006,-0.008,-0.006,Domestic
2076,2076,77,"Jul 11, 1997",A Simple Wish,28000000,8165213,8165213,0,-19834787,-28000000,-19834787,-0.006,-0.008,-0.006,Domestic
2077,2077,78,"Oct 30, 2015",Our Brand is Crisis,28000000,7002261,8594558,1592297,-20997739,-26407703,-19405442,-0.006,-0.008,-0.006,Domestic
2078,2078,79,"Dec 25, 1997",Kundun,28000000,5686694,5686694,0,-22313306,-28000000,-22313306,-0.006,-0.008,-0.006,Domestic
2079,2079,80,"Oct 3, 2008",How to Lose Friends & Alienate People,28000000,2775593,12031443,9255850,-25224407,-18744150,-15968557,-0.007,-0.005,-0.005,Domestic
2081,2081,82,"Jun 1, 2007",Knocked Up,27500000,148761765,219265952,70504187,121261765,43004187,191765952,0.035,0.012,0.055,Domestic
2082,2082,83,"Jun 10, 1983",Octopussy,27500000,67900000,187500000,119600000,40400000,92100000,160000000,0.012,0.027,0.046,Domestic
2083,2083,84,"Jun 26, 2009",My Sister's Keeper,27500000,49200230,96673002,47472772,21700230,19972772,69173002,0.006,0.006,0.02,Domestic
2084,2084,85,"Feb 8, 2008",Welcome Home Roscoe Jenkins,27500000,42436517,43607627,1171110,14936517,-26328890,16107627,0.004,-0.008,0.005,Domestic
2085,2085,86,"Jan 13, 2012",Joyful Noise,27500000,30932113,31157914,225801,3432113,-27274199,3657914,0.001,-0.008,0.001,Domestic
2086,2086,87,"Dec 14, 1984",A Passage to India,27500000,27187653,27187653,0,-312347,-27500000,-312347,-0.0,-0.008,-0.0,Domestic
2087,2087,88,"Dec 25, 2006",Notes on a Scandal,27500000,17510118,50578411,33068293,-9989882,5568293,23078411,-0.003,0.002,0.007,Domestic
2088,2088,89,"Oct 19, 2007",Rendition,27500000,9736045,26939925,17203880,-17763955,-10296120,-560075,-0.005,-0.003,-0.0,Domestic
2089,2089,90,"Oct 28, 2011",Anonymous,27500000,4463292,15815509,11352217,-23036708,-16147783,-11684491,-0.007,-0.005,-0.003,Domestic
2090,2090,91,"Mar 18, 2011",Limitless,27000000,79249455,155564919,76315464,52249455,49315464,128564919,0.015,0.014,0.037,Domestic
2091,2091,92,"Dec 6, 1991",Star Trek VI: The Undiscovered Country,27000000,74888996,96900000,22011004,47888996,-4988996,69900000,0.014,-0.001,0.02,Domestic
2092,2092,93,"Jun 7, 2002",The Divine Secrets of the Ya-Ya Sisterhood,27000000,69586544,73826768,4240224,42586544,-22759776,46826768,0.012,-0.007,0.014,Domestic
2093,2093,94,"Oct 3, 1997",Kiss the Girls,27000000,60527873,60527873,0,33527873,-27000000,33527873,0.01,-0.008,0.01,Domestic
2094,2094,95,"Jun 20, 1980",The Blues Brothers,27000000,57229890,57229890,0,30229890,-27000000,30229890,0.009,-0.008,0.009,Domestic
2095,2095,96,"Dec 25, 1994",The Jungle Book,27000000,44342956,44342956,0,17342956,-27000000,17342956,0.005,-0.008,0.005,Domestic
2096,2096,97,"Aug 6, 2008",The Sisterhood of the Traveling Pants 2,27000000,44089964,44270131,180167,17089964,-26819833,17270131,0.005,-0.008,0.005,Domestic
2097,2097,98,"May 13, 2016",Money Monster,27000000,41012075,93466095,52454020,14012075,25454020,66466095,0.004,0.007,0.019,Domestic
2098,2098,99,"May 17, 2002",About a Boy,27000000,40803000,130759651,89956651,13803000,62956651,103759651,0.004,0.018,0.03,Domestic
2099,2099,100,"Aug 19, 2011",Spy Kids: All the Time in the World,27000000,38536376,80681183,42144807,11536376,15144807,53681183,0.003,0.004,0.015,Domestic
2100,2100,1,"Jul 16, 1999",Lake Placid,27000000,31770413,31770413,0,4770413,-27000000,4770413,0.001,-0.008,0.001,Domestic
2101,2101,2,"Apr 7, 2006",Lucky Number Slevin,27000000,22495466,55495466,33000000,-4504534,6000000,28495466,-0.001,0.002,0.008,Domestic
2102,2102,3,"Oct 21, 1983",The Right Stuff,27000000,21500000,21500000,0,-5500000,-27000000,-5500000,-0.002,-0.008,-0.002,Domestic
2103,2103,4,"Jul 20, 1984",Die Unendliche Geschichte,27000000,21300000,21392049,92049,-5700000,-26907951,-5607951,-0.002,-0.008,-0.002,Domestic
2104,2104,5,"Feb 27, 1998",Dark City,27000000,14435076,27257061,12821985,-12564924,-14178015,257061,-0.004,-0.004,0.0,Domestic
2105,2105,6,"Sep 19, 2008",The Duchess,27000000,13848978,45160110,31311132,-13151022,4311132,18160110,-0.004,0.001,0.005,Domestic
2106,2106,7,"Oct 1, 2010",Case 39,27000000,13261851,28773827,15511976,-13738149,-11488024,1773827,-0.004,-0.003,0.001,Domestic
2107,2107,8,"Jun 10, 2005",The Honeymooners,27000000,12834849,13174426,339577,-14165151,-26660423,-13825574,-0.004,-0.008,-0.004,Domestic
2108,2108,9,"Jun 21, 1985",Return to Oz,27000000,10618813,10618813,0,-16381187,-27000000,-16381187,-0.005,-0.008,-0.005,Domestic
2109,2109,10,"Mar 27, 1998",The Newton Boys,27000000,10341093,10341093,0,-16658907,-27000000,-16658907,-0.005,-0.008,-0.005,Domestic
2110,2110,11,"Aug 27, 2004",Suspect Zero,27000000,8712564,8712564,0,-18287436,-27000000,-18287436,-0.005,-0.008,-0.005,Domestic
2111,2111,12,"Nov 2, 2007",Martian Child,27000000,7500310,9352089,1851779,-19499690,-25148221,-17647911,-0.006,-0.007,-0.005,Domestic
2112,2112,13,"Oct 18, 2002",Formula 51,27000000,5204007,5204007,0,-21795993,-27000000,-21795993,-0.006,-0.008,-0.006,Domestic
2113,2113,14,"Nov 24, 1999",Flawless,27000000,4485485,4485485,0,-22514515,-27000000,-22514515,-0.007,-0.008,-0.007,Domestic
2114,2114,15,"May 13, 2005",Mindhunters,27000000,4476235,16566235,12090000,-22523765,-14910000,-10433765,-0.007,-0.004,-0.003,Domestic
2115,2115,16,"Oct 17, 2008",What Just Happened,27000000,1090947,2412123,1321176,-25909053,-25678824,-24587877,-0.007,-0.007,-0.007,Domestic
2116,2116,17,"Dec 12, 2003",The Statement,27000000,765637,1545064,779427,-26234363,-26220573,-25454936,-0.008,-0.008,-0.007,Domestic
2118,2118,19,"Nov 23, 2016",Rules Donât Apply,26700000,3652206,3871448,219242,-23047794,-26480758,-22828552,-0.007,-0.008,-0.007,Domestic
2119,2119,20,"Jan 16, 2009",Paul Blart: Mall Cop,26000000,146336178,185904750,39568572,120336178,13568572,159904750,0.035,0.004,0.046,Domestic
2120,2120,21,"Aug 6, 2003",Freaky Friday,26000000,110222438,160822438,50600000,84222438,24600000,134822438,0.024,0.007,0.039,Domestic
2121,2121,22,"Aug 19, 2005",The 40 Year-old Virgin,26000000,109449237,177344230,67894993,83449237,41894993,151344230,0.024,0.012,0.044,Domestic
2122,2122,23,"Dec 11, 1998",Shakespeare in Love,26000000,100317794,279500000,179182206,74317794,153182206,253500000,0.021,0.044,0.073,Domestic
2123,2123,24,"Dec 21, 1990",Kindergarten Cop,26000000,91457688,202000000,110542312,65457688,84542312,176000000,0.019,0.024,0.051,Domestic
2124,2124,25,"Aug 6, 2008",Pineapple Express,26000000,87341380,102404019,15062639,61341380,-10937361,76404019,0.018,-0.003,0.022,Domestic
2125,2125,26,"Dec 22, 1993",Philadelphia,26000000,77324422,201324422,124000000,51324422,98000000,175324422,0.015,0.028,0.051,Domestic
2126,2126,27,"Jul 31, 1998",Ever After: A Cinderella Story,26000000,65705772,65705772,0,39705772,-26000000,39705772,0.011,-0.008,0.011,Domestic
2127,2127,28,"Aug 10, 1990",Flatliners,26000000,61308153,61308153,0,35308153,-26000000,35308153,0.01,-0.008,0.01,Domestic
2128,2128,29,"Aug 15, 2003",Open Range,26000000,58331254,68613992,10282738,32331254,-15717262,42613992,0.009,-0.005,0.012,Domestic
2129,2129,30,"Aug 19, 2005",Red Eye,26000000,57891803,96666486,38774683,31891803,12774683,70666486,0.009,0.004,0.02,Domestic
2130,2130,31,"Dec 9, 2011",New Yearâs Eve,26000000,54544638,146850273,92305635,28544638,66305635,120850273,0.008,0.019,0.035,Domestic
2131,2131,32,"Jun 15, 1977",A Bridge Too Far,26000000,50800000,50800000,0,24800000,-26000000,24800000,0.007,-0.008,0.007,Domestic
2132,2132,33,"Apr 26, 2013",Pain & Gain,26000000,49875291,81275291,31400000,23875291,5400000,55275291,0.007,0.002,0.016,Domestic
2133,2133,34,"Jan 31, 2003",Final Destination 2,26000000,46896664,90396664,43500000,20896664,17500000,64396664,0.006,0.005,0.019,Domestic
2134,2134,35,"Dec 22, 2000","O Brother, Where Art Thou?",26000000,45506619,75763814,30257195,19506619,4257195,49763814,0.006,0.001,0.014,Domestic
2135,2135,36,"Dec 29, 2004",In Good Company,26000000,45489752,63489752,18000000,19489752,-8000000,37489752,0.006,-0.002,0.011,Domestic
2136,2136,37,"Jan 22, 2010",Legion,26000000,40168080,67647574,27479494,14168080,1479494,41647574,0.004,0.0,0.012,Domestic
2137,2137,38,"Aug 29, 2012",Lawless,26000000,37397291,54393687,16996396,11397291,-9003604,28393687,0.003,-0.003,0.008,Domestic
2138,2138,39,"Mar 29, 2002",Clockstoppers,26000000,36985501,38788828,1803327,10985501,-24196673,12788828,0.003,-0.007,0.004,Domestic
2139,2139,40,"Jul 10, 1985",Silverado,26000000,33200000,33200000,0,7200000,-26000000,7200000,0.002,-0.008,0.002,Domestic
2140,2140,41,"Dec 4, 2009",Brothers,26000000,28544157,45043870,16499713,2544157,-9500287,19043870,0.001,-0.003,0.005,Domestic
2141,2141,42,"Oct 17, 2014",The Best of Me,26000000,26766213,41059418,14293205,766213,-11706795,15059418,0.0,-0.003,0.004,Domestic
2142,2142,43,"Mar 12, 2004",Agent Cody Banks 2: Destination London,26000000,23514247,28703083,5188836,-2485753,-20811164,2703083,-0.001,-0.006,0.001,Domestic
2143,2143,44,"Aug 3, 2001",Original Sin,26000000,16521410,16521410,0,-9478590,-26000000,-9478590,-0.003,-0.008,-0.003,Domestic
2144,2144,45,"Apr 27, 2012",The Raven,26000000,16008272,30601801,14593529,-9991728,-11406471,4601801,-0.003,-0.003,0.001,Domestic
2145,2145,46,"Feb 20, 2004",Welcome to Mooseport,26000000,14469428,14469428,0,-11530572,-26000000,-11530572,-0.003,-0.008,-0.003,Domestic
2146,2146,47,"Jan 27, 1995",Highlander: The Final Dimension,26000000,13738574,13738574,0,-12261426,-26000000,-12261426,-0.004,-0.008,-0.004,Domestic
2147,2147,48,"Jul 10, 2015",Self/Less,26000000,12279691,33667319,21387628,-13720309,-4612372,7667319,-0.004,-0.001,0.002,Domestic
2148,2148,49,"Aug 24, 2001",The Curse of the Jade Scorpion,26000000,7496522,18496522,11000000,-18503478,-15000000,-7503478,-0.005,-0.004,-0.002,Domestic
2149,2149,50,"Oct 18, 2013",The Fifth Estate,26000000,3254172,6154172,2900000,-22745828,-23100000,-19845828,-0.007,-0.007,-0.006,Domestic
2150,2150,51,"Feb 21, 1997",Blood and Wine,26000000,1083350,1083350,0,-24916650,-26000000,-24916650,-0.007,-0.008,-0.007,Domestic
2151,2151,52,"Mar 21, 2014",Blood Ties,26000000,42472,2923959,2881487,-25957528,-23118513,-23076041,-0.007,-0.007,-0.007,Domestic
2152,2152,53,"Aug 24, 1997",The Grimm Brothers' Snow White,26000000,5000,5000,0,-25995000,-26000000,-25995000,-0.008,-0.008,-0.008,Domestic
2156,2156,57,"May 17, 1996",Flipper,25530000,20080020,30593313,10513293,-5449980,-15016707,5063313,-0.002,-0.004,0.001,Domestic
2157,2157,58,"Aug 31, 2005",The Constant Gardener,25500000,33579798,86301599,52721801,8079798,27221801,60801599,0.002,0.008,0.018,Domestic
2158,2158,59,"Oct 17, 2008",W.,25100000,25534493,28575778,3041285,434493,-22058715,3475778,0.0,-0.006,0.001,Domestic
2159,2159,60,"Feb 25, 2004",The Passion of the Christ,25000000,370782930,622341924,251558994,345782930,226558994,597341924,0.1,0.065,0.172,Domestic
2160,2160,61,"Nov 24, 1993",Mrs. Doubtfire,25000000,219195051,441286003,222090952,194195051,197090952,416286003,0.056,0.057,0.12,Domestic
2161,2161,62,"Dec 16, 1988",Rain Man,25000000,172825435,412800000,239974565,147825435,214974565,387800000,0.043,0.062,0.112,Domestic
2162,2162,63,"Aug 10, 2011",The Help,25000000,169705587,213120004,43414417,144705587,18414417,188120004,0.042,0.005,0.054,Domestic
2163,2163,64,"Dec 25, 2016",Hidden Figures,25000000,169607287,231771716,62164429,144607287,37164429,206771716,0.042,0.011,0.06,Domestic
2164,2164,65,"Dec 12, 2008",Gran Torino,25000000,148095302,274543085,126447783,123095302,101447783,249543085,0.036,0.029,0.072,Domestic
2165,2165,66,"Jan 30, 2009",Taken,25000000,145000989,226941585,81940596,120000989,56940596,201941585,0.035,0.016,0.058,Domestic
2166,2166,67,"Jan 17, 2014",Ride Along,25000000,134202565,153733800,19531235,109202565,-5468765,128733800,0.032,-0.002,0.037,Domestic
2167,2167,68,"Nov 25, 1992",The Bodyguard,25000000,121945720,410899039,288953319,96945720,263953319,385899039,0.028,0.076,0.111,Domestic
2168,2168,69,"Dec 15, 1993",Schindlerâs List,25000000,96898818,322197132,225298314,71898818,200298314,297197132,0.021,0.058,0.086,Domestic
2169,2169,70,"Jul 2, 2003","Legally Blonde 2: Red, White & Blonde",25000000,90639088,125339088,34700000,65639088,9700000,100339088,0.019,0.003,0.029,Domestic
2170,2170,71,"Mar 26, 2004",Scooby-Doo 2: Monsters Unleashed,25000000,84185387,181185387,97000000,59185387,72000000,156185387,0.017,0.021,0.045,Domestic
2171,2171,72,"Jul 9, 2004",Anchorman: The Legend of Ron Burgundy,25000000,84136909,89476265,5339356,59136909,-19660644,64476265,0.017,-0.006,0.019,Domestic
2172,2172,73,"Aug 15, 2003",Freddy vs. Jason,25000000,82622655,114576403,31953748,57622655,6953748,89576403,0.017,0.002,0.026,Domestic
2173,2173,74,"Feb 16, 2007",Bridge to Terabithia,25000000,82234139,137984788,55750649,57234139,30750649,112984788,0.017,0.009,0.033,Domestic
2174,2174,75,"Dec 21, 2001",Jimmy Neutron: Boy Genius,25000000,80936232,102992536,22056304,55936232,-2943696,77992536,0.016,-0.001,0.023,Domestic
2175,2175,76,"Jan 18, 2008",Cloverfield,25000000,80048433,171302226,91253793,55048433,66253793,146302226,0.016,0.019,0.042,Domestic
2176,2176,77,"Feb 5, 2010",Dear John,25000000,80014842,142033509,62018667,55014842,37018667,117033509,0.016,0.011,0.034,Domestic
2177,2177,78,"Mar 22, 1991",Teenage Mutant Ninja Turtles II: The Secret of the Ooze,25000000,78656813,78656813,0,53656813,-25000000,53656813,0.015,-0.007,0.015,Domestic
2178,2178,79,"Dec 25, 2012",Parental Guidance,25000000,77267296,120832383,43565087,52267296,18565087,95832383,0.015,0.005,0.028,Domestic
2179,2179,80,"Jun 3, 1987",The Untouchables,25000000,76270454,76270454,0,51270454,-25000000,51270454,0.015,-0.007,0.015,Domestic
2180,2180,81,"Nov 9, 2007",No Country for Old Men,25000000,74273505,164035753,89762248,49273505,64762248,139035753,0.014,0.019,0.04,Domestic
2181,2181,82,"Apr 13, 2001",Bridget Jones's Diary,25000000,71500556,281527158,210026602,46500556,185026602,256527158,0.013,0.053,0.074,Domestic
2182,2182,83,"Dec 15, 2000",Chocolat,25000000,71309760,152500343,81190583,46309760,56190583,127500343,0.013,0.016,0.037,Domestic
2183,2183,84,"Jan 21, 2011",No Strings Attached,25000000,70662220,149228078,78565858,45662220,53565858,124228078,0.013,0.015,0.036,Domestic
2184,2184,85,"Jan 13, 2012",Contraband,25000000,66528000,98406855,31878855,41528000,6878855,73406855,0.012,0.002,0.021,Domestic
2185,2185,86,"Jan 27, 2017",A Dogâs Purpose,25000000,64321890,203671625,139349735,39321890,114349735,178671625,0.011,0.033,0.052,Domestic
2186,2186,87,"Apr 20, 2012",The Lucky One,25000000,60457138,96633833,36176695,35457138,11176695,71633833,0.01,0.003,0.021,Domestic
2187,2187,88,"Dec 25, 1993",Tombstone,25000000,56505065,56505065,0,31505065,-25000000,31505065,0.009,-0.007,0.009,Domestic
2188,2188,89,"Mar 22, 2000",Romeo Must Die,25000000,55973336,91036760,35063424,30973336,10063424,66036760,0.009,0.003,0.019,Domestic
2189,2189,90,"Jun 6, 2006",The Omen,25000000,54607383,119295584,64688201,29607383,39688201,94295584,0.009,0.011,0.027,Domestic
2190,2190,91,"Feb 10, 2006",Final Destination 3,25000000,54098051,112798051,58700000,29098051,33700000,87798051,0.008,0.01,0.025,Domestic
2191,2191,92,"Apr 22, 2011",Madea's Big Happy Family,25000000,53345287,54160818,815531,28345287,-24184469,29160818,0.008,-0.007,0.008,Domestic
2192,2192,93,"Dec 13, 2013",Tyler Perry's A Madea Christmas,25000000,52543354,52543354,0,27543354,-25000000,27543354,0.008,-0.007,0.008,Domestic
2193,2193,94,"Nov 12, 2004",Finding Neverland,25000000,51676606,115036108,63359502,26676606,38359502,90036108,0.008,0.011,0.026,Domestic
2194,2194,95,"Jan 27, 2012",The Grey,25000000,51580136,81249176,29669040,26580136,4669040,56249176,0.008,0.001,0.016,Domestic
2195,2195,96,"Jan 28, 2005",Hide and Seek,25000000,51100486,123696741,72596255,26100486,47596255,98696741,0.008,0.014,0.028,Domestic
2196,2196,97,"May 23, 1986",Cobra,25000000,49042224,49042224,0,24042224,-25000000,24042224,0.007,-0.007,0.007,Domestic
2197,2197,98,"Aug 22, 2008",The House Bunny,25000000,48237389,71390601,23153212,23237389,-1846788,46390601,0.007,-0.001,0.013,Domestic
2198,2198,99,"Mar 14, 2003",Agent Cody Banks,25000000,47545060,58240458,10695398,22545060,-14304602,33240458,0.007,-0.004,0.01,Domestic
2199,2199,100,"Jan 27, 2006",Nanny McPhee,25000000,47279279,128745578,81466299,22279279,56466299,103745578,0.006,0.016,0.03,Domestic
2200,2200,1,"Sep 19, 1990",Goodfellas,25000000,46743809,46777347,33538,21743809,-24966462,21777347,0.006,-0.007,0.006,Domestic
2201,2201,2,"Aug 15, 2014",The Giver,25000000,45090374,66540205,21449831,20090374,-3550169,41540205,0.006,-0.001,0.012,Domestic
2202,2202,3,"Dec 9, 1983",Scarface,25000000,44942821,44942821,0,19942821,-25000000,19942821,0.006,-0.007,0.006,Domestic
2203,2203,4,"Jul 18, 1997",Nothing To Lose,25000000,44480039,64594061,20114022,19480039,-4885978,39594061,0.006,-0.001,0.011,Domestic
2204,2204,5,"Nov 20, 1987",The Last Emperor,25000000,43984987,44005073,20086,18984987,-24979914,19005073,0.005,-0.007,0.005,Domestic
2205,2205,6,"Nov 20, 2015",The Night Before,25000000,43035725,52427346,9391621,18035725,-15608379,27427346,0.005,-0.005,0.008,Domestic
2206,2206,7,"Oct 15, 1993",The Beverly Hillbillies,25000000,42222647,55598481,13375834,17222647,-11624166,30598481,0.005,-0.003,0.009,Domestic
2207,2207,8,"Dec 27, 2002",The Hours,25000000,41675994,97030468,55354474,16675994,30354474,72030468,0.005,0.009,0.021,Domestic
2208,2208,9,"Aug 22, 1997",Money Talks,25000000,41076865,41076865,0,16076865,-25000000,16076865,0.005,-0.007,0.005,Domestic
2209,2209,10,"Dec 26, 2007",There Will Be Blood,25000000,40222514,77208711,36986197,15222514,11986197,52208711,0.004,0.003,0.015,Domestic
2210,2210,11,"Dec 20, 2002",The Wild Thornberrys Movie,25000000,40108697,60694737,20586040,15108697,-4413960,35694737,0.004,-0.001,0.01,Domestic
2211,2211,12,"Jun 13, 2003",Rugrats Go Wild,25000000,39402572,55443032,16040460,14402572,-8959540,30443032,0.004,-0.003,0.009,Domestic
2212,2212,13,"Jun 1, 2005",The Sisterhood of the Traveling Pants,25000000,39053061,41560117,2507056,14053061,-22492944,16560117,0.004,-0.006,0.005,Domestic
2213,2213,14,"May 31, 2002",Undercover Brother,25000000,38230435,40796145,2565710,13230435,-22434290,15796145,0.004,-0.006,0.005,Domestic
2214,2214,15,"Dec 25, 2013",August: Osage County,25000000,37738810,50738810,13000000,12738810,-12000000,25738810,0.004,-0.003,0.007,Domestic
2215,2215,16,"Jul 6, 2001",Kiss of the Dragon,25000000,36833473,36833473,0,11833473,-25000000,11833473,0.003,-0.007,0.003,Domestic
2216,2216,17,"May 16, 2014",Million Dollar Arm,25000000,36447959,39217912,2769953,11447959,-22230047,14217912,0.003,-0.006,0.004,Domestic
2217,2217,18,"Jan 1, 2004",Beauty Shop,25000000,36351350,38351350,2000000,11351350,-23000000,13351350,0.003,-0.007,0.004,Domestic
2218,2218,19,"Apr 4, 2003",What a Girl Wants,25000000,35990505,35990505,0,10990505,-25000000,10990505,0.003,-0.007,0.003,Domestic
2219,2219,20,"Aug 29, 2003",Jeepers Creepers II,25000000,35623801,119923801,84300000,10623801,59300000,94923801,0.003,0.017,0.027,Domestic
2220,2220,21,"Sep 7, 2018",Peppermint,25000000,35418723,51800758,16382035,10418723,-8617965,26800758,0.003,-0.002,0.008,Domestic
2221,2221,22,"Sep 21, 2007",Good Luck Chuck,25000000,35017297,59183821,24166524,10017297,-833476,34183821,0.003,-0.0,0.01,Domestic
2222,2222,23,"Feb 28, 2003",Cradle 2 the Grave,25000000,34657731,56434942,21777211,9657731,-3222789,31434942,0.003,-0.001,0.009,Domestic
2223,2223,24,"Mar 17, 2006",She's the Man,25000000,33889159,55279608,21390449,8889159,-3609551,30279608,0.003,-0.001,0.009,Domestic
2224,2224,25,"Dec 10, 2014",The Gambler,25000000,33680992,38718031,5037039,8680992,-19962961,13718031,0.003,-0.006,0.004,Domestic
2225,2225,26,"Aug 24, 2007",Mr. Beanâs Holiday,25000000,33302167,234981342,201679175,8302167,176679175,209981342,0.002,0.051,0.061,Domestic
2226,2226,27,"Apr 29, 2016",Motherâs Day,25000000,32492859,52367022,19874163,7492859,-5125837,27367022,0.002,-0.001,0.008,Domestic
2227,2227,28,"Oct 16, 1998",Bride of Chucky,25000000,32404188,50692188,18288000,7404188,-6712000,25692188,0.002,-0.002,0.007,Domestic
2228,2228,29,"Feb 17, 2017",Fist Fight,25000000,32187017,40286416,8099399,7187017,-16900601,15286416,0.002,-0.005,0.004,Domestic
2229,2229,30,"Nov 21, 2007",August Rush,25000000,31664162,65882103,34217941,6664162,9217941,40882103,0.002,0.003,0.012,Domestic
2230,2230,31,"Aug 27, 2004",Anacondas: The Hunt for the Blood Orchid,25000000,31526393,70326393,38800000,6526393,13800000,45326393,0.002,0.004,0.013,Domestic
2231,2231,32,"Dec 9, 2011",The Sitter,25000000,30542576,38749404,8206828,5542576,-16793172,13749404,0.002,-0.005,0.004,Domestic
2232,2232,33,"Nov 6, 1998",Elizabeth,25000000,30082699,82150642,52067943,5082699,27067943,57150642,0.001,0.008,0.017,Domestic
2233,2233,34,"Sep 23, 1970","Tora, Tora, Tora",25000000,29548291,29548291,0,4548291,-25000000,4548291,0.001,-0.007,0.001,Domestic
2234,2234,35,"Jan 23, 1998",Spice World,25000000,29342592,56042592,26700000,4342592,1700000,31042592,0.001,0.0,0.009,Domestic
2235,2235,36,"Apr 11, 2014",Draft Day,25000000,28842237,29847480,1005243,3842237,-23994757,4847480,0.001,-0.007,0.001,Domestic
2236,2236,37,"Sep 23, 1994",The Shawshank Redemption,25000000,28241469,28307092,65623,3241469,-24934377,3307092,0.001,-0.007,0.001,Domestic
2237,2237,38,"Feb 3, 2017",Rings,25000000,27793018,82917283,55124265,2793018,30124265,57917283,0.001,0.009,0.017,Domestic
2238,2238,39,"May 22, 2009",Dance Flick,25000000,25794018,32224624,6430606,794018,-18569394,7224624,0.0,-0.005,0.002,Domestic
2239,2239,40,"Apr 20, 2001",Crocodile Dundee in Los Angeles,25000000,25590119,39393111,13802992,590119,-11197008,14393111,0.0,-0.003,0.004,Domestic
2240,2240,41,"Jul 26, 1996",Kingpin,25000000,25023424,32223424,7200000,23424,-17800000,7223424,0.0,-0.005,0.002,Domestic
2241,2241,42,"Mar 18, 2005",Ice Princess,25000000,24381334,25732334,1351000,-618666,-23649000,732334,-0.0,-0.007,0.0,Domestic
2242,2242,43,"Aug 26, 2011",Don't Be Afraid of the Dark,25000000,24046682,39126427,15079745,-953318,-9920255,14126427,-0.0,-0.003,0.004,Domestic
2243,2243,44,"Apr 23, 2010",The Losers,25000000,23591432,29863840,6272408,-1408568,-18727592,4863840,-0.0,-0.005,0.001,Domestic
2244,2244,45,"Apr 24, 2009",Fighting,25000000,23091010,32831707,9740697,-1908990,-15259303,7831707,-0.001,-0.004,0.002,Domestic
2245,2245,46,"Aug 24, 2007",War,25000000,22486409,40686409,18200000,-2513591,-6800000,15686409,-0.001,-0.002,0.005,Domestic
2246,2246,47,"Apr 7, 1995",Don Juan DeMarco,25000000,22032635,22032635,0,-2967365,-25000000,-2967365,-0.001,-0.007,-0.001,Domestic
2247,2247,48,"Apr 22, 2005",A Lot Like Love,25000000,21835784,41921590,20085806,-3164216,-4914194,16921590,-0.001,-0.001,0.005,Domestic
2248,2248,49,"May 1, 1998",He Got Game,25000000,21567853,22411948,844095,-3432147,-24155905,-2588052,-0.001,-0.007,-0.001,Domestic
2249,2249,50,"Feb 11, 2011",The Eagle,25000000,19490041,38993548,19503507,-5509959,-5496493,13993548,-0.002,-0.002,0.004,Domestic
2250,2250,51,"Aug 5, 2015",Shaun the Sheep,25000000,19375982,101925161,82549179,-5624018,57549179,76925161,-0.002,0.017,0.022,Domestic
2251,2251,52,"Sep 2, 2011",Shark Night 3D,25000000,18877153,18877153,0,-6122847,-25000000,-6122847,-0.002,-0.007,-0.002,Domestic
2252,2252,53,"Mar 24, 2017",CHiPS,25000000,18600152,23190292,4590140,-6399848,-20409860,-1809708,-0.002,-0.006,-0.001,Domestic
2253,2253,54,"Oct 11, 2002",Punch-Drunk Love,25000000,17791031,24591031,6800000,-7208969,-18200000,-408969,-0.002,-0.005,-0.0,Domestic
2254,2254,55,"Feb 20, 2004",Eurotrip,25000000,17718223,20718223,3000000,-7281777,-22000000,-4281777,-0.002,-0.006,-0.001,Domestic
2255,2255,56,"Dec 22, 2017",Father Figures,25000000,17501244,21038441,3537197,-7498756,-21462803,-3961559,-0.002,-0.006,-0.001,Domestic
2256,2256,57,"Apr 4, 2008",The Ruins,25000000,17432844,22910563,5477719,-7567156,-19522281,-2089437,-0.002,-0.006,-0.001,Domestic
2257,2257,58,"Oct 25, 2013",The Counselor,25000000,16973715,71009334,54035619,-8026285,29035619,46009334,-0.002,0.008,0.013,Domestic
2258,2258,59,"Dec 8, 2006",Unaccompanied Minors,25000000,16655224,21970831,5315607,-8344776,-19684393,-3029169,-0.002,-0.006,-0.001,Domestic
2259,2259,60,"Dec 7, 2018",Mary Queen of Scots,25000000,16468499,46734733,30266234,-8531501,5266234,21734733,-0.002,0.002,0.006,Domestic
2260,2260,61,"Apr 1, 1988","Bright Lights, Big City",25000000,16118077,16118077,0,-8881923,-25000000,-8881923,-0.003,-0.007,-0.003,Domestic
2261,2261,62,"Nov 15, 2002",Half Past Dead,25000000,15567860,19233280,3665420,-9432140,-21334580,-5766720,-0.003,-0.006,-0.002,Domestic
2262,2262,63,"Apr 18, 1986",Legend,25000000,15502112,23506237,8004125,-9497888,-16995875,-1493763,-0.003,-0.005,-0.0,Domestic
2263,2263,64,"Jul 26, 1996",The Adventures of Pinocchio,25000000,15382170,36682170,21300000,-9617830,-3700000,11682170,-0.003,-0.001,0.003,Domestic
2264,2264,65,"Sep 30, 2005",The Greatest Game Ever Played,25000000,15331289,15468266,136977,-9668711,-24863023,-9531734,-0.003,-0.007,-0.003,Domestic
2265,2265,66,"Nov 6, 2009",The Box,25000000,15051977,34356760,19304783,-9948023,-5695217,9356760,-0.003,-0.002,0.003,Domestic
2266,2266,67,"Mar 3, 2000",The Next Best Thing,25000000,14983572,24355762,9372190,-10016428,-15627810,-644238,-0.003,-0.005,-0.0,Domestic
2267,2267,68,"Oct 8, 2010",My Soul to Take,25000000,14744435,16727470,1983035,-10255565,-23016965,-8272530,-0.003,-0.007,-0.002,Domestic
2268,2268,69,"Apr 9, 2004",The Girl Next Door,25000000,14589444,31635150,17045706,-10410556,-7954294,6635150,-0.003,-0.002,0.002,Domestic
2269,2269,70,"Aug 15, 2008",Fly Me To the Moon,25000000,14543943,43530281,28986338,-10456057,3986338,18530281,-0.003,0.001,0.005,Domestic
2270,2270,71,"Sep 13, 1996",Maximum Risk,25000000,14102929,51702929,37600000,-10897071,12600000,26702929,-0.003,0.004,0.008,Domestic
2271,2271,72,"Sep 13, 2002",Stealing Harvard,25000000,13973532,13973532,0,-11026468,-25000000,-11026468,-0.003,-0.007,-0.003,Domestic
2272,2272,73,"Aug 3, 2007",Hot Rod,25000000,13938332,14334401,396069,-11061668,-24603931,-10665599,-0.003,-0.007,-0.003,Domestic
2273,2273,74,"Sep 9, 2011",Warrior,25000000,13657115,24215385,10558270,-11342885,-14441730,-784615,-0.003,-0.004,-0.0,Domestic
2274,2274,75,"Dec 24, 1999",Angela's Ashes,25000000,13038660,13038660,0,-11961340,-25000000,-11961340,-0.003,-0.007,-0.003,Domestic
2275,2275,76,"Sep 22, 2017",Battle of the Sexes,25000000,12638526,18445379,5806853,-12361474,-19193147,-6554621,-0.004,-0.006,-0.002,Domestic
2276,2276,77,"Dec 21, 2012",Cirque du Soleil: Worlds Away,25000000,12512862,28012862,15500000,-12487138,-9500000,3012862,-0.004,-0.003,0.001,Domestic
2277,2277,78,"Nov 13, 2015",The 33,25000000,12227722,28400715,16172993,-12772278,-8827007,3400715,-0.004,-0.003,0.001,Domestic
2278,2278,79,"Jun 21, 1985",Lifeforce,25000000,11603545,11603545,0,-13396455,-25000000,-13396455,-0.004,-0.007,-0.004,Domestic
2279,2279,80,"Apr 15, 2011",The Conspirator,25000000,11538204,15907411,4369207,-13461796,-20630793,-9092589,-0.004,-0.006,-0.003,Domestic
2280,2280,81,"Jul 3, 2002",The Powerpuff Girls,25000000,11411644,16425701,5014057,-13588356,-19985943,-8574299,-0.004,-0.006,-0.002,Domestic
2281,2281,82,"Jun 3, 2005",The Lords of Dogtown,25000000,11273517,13424365,2150848,-13726483,-22849152,-11575635,-0.004,-0.007,-0.003,Domestic
2282,2282,83,"Jul 1, 1986",Big Trouble in Little China,25000000,11100000,11100000,0,-13900000,-25000000,-13900000,-0.004,-0.007,-0.004,Domestic
2283,2283,84,"Oct 11, 1996",Michael Collins,25000000,11092559,27572844,16480285,-13907441,-8519715,2572844,-0.004,-0.002,0.001,Domestic
2284,2284,85,"Mar 28, 2008",Stop-Loss,25000000,10915744,11229035,313291,-14084256,-24686709,-13770965,-0.004,-0.007,-0.004,Domestic
2285,2285,86,"Oct 8, 1993",Gettysburg,25000000,10731997,10731997,0,-14268003,-25000000,-14268003,-0.004,-0.007,-0.004,Domestic
2286,2286,87,"Oct 18, 2002",Abandon,25000000,10719367,12219367,1500000,-14280633,-23500000,-12780633,-0.004,-0.007,-0.004,Domestic
2287,2287,88,"Sep 16, 2011",Straw Dogs,25000000,10324441,11253821,929380,-14675559,-24070620,-13746179,-0.004,-0.007,-0.004,Domestic
2288,2288,89,"Aug 13, 1999",Brokedown Palace,25000000,10115014,11115766,1000752,-14884986,-23999248,-13884234,-0.004,-0.007,-0.004,Domestic
2289,2289,90,"Aug 16, 2002",Possession,25000000,10103647,14805812,4702165,-14896353,-20297835,-10194188,-0.004,-0.006,-0.003,Domestic
2290,2290,91,"Apr 19, 1996",Mrs. Winterbourne,25000000,10039566,10039566,0,-14960434,-25000000,-14960434,-0.004,-0.007,-0.004,Domestic
2291,2291,92,"May 17, 1991",Stone Cold,25000000,9286314,9286314,0,-15713686,-25000000,-15713686,-0.005,-0.007,-0.005,Domestic
2292,2292,93,"Jan 25, 2019",Serenity,25000000,8547045,11367029,2819984,-16452955,-22180016,-13632971,-0.005,-0.006,-0.004,Domestic
2293,2293,94,"Nov 25, 2009",The Road,25000000,8114270,29206732,21092462,-16885730,-3907538,4206732,-0.005,-0.001,0.001,Domestic
2294,2294,95,"Oct 12, 2018",Beautiful Boy,25000000,7634767,13031424,5396657,-17365233,-19603343,-11968576,-0.005,-0.006,-0.003,Domestic
2295,2295,96,"Apr 6, 2007",The Hoax,25000000,7164995,7164995,0,-17835005,-25000000,-17835005,-0.005,-0.007,-0.005,Domestic
2296,2296,97,"Mar 15, 2019",Captive State,25000000,5958315,8993300,3034985,-19041685,-21965015,-16006700,-0.005,-0.006,-0.005,Domestic
2297,2297,98,"Aug 17, 1984",Sheena,25000000,5778353,5778353,0,-19221647,-25000000,-19221647,-0.006,-0.007,-0.006,Domestic
2298,2298,99,"Sep 2, 2005",Underclassman,25000000,5654777,5654777,0,-19345223,-25000000,-19345223,-0.006,-0.007,-0.006,Domestic
2299,2299,100,"Mar 23, 2001",Say It Isn't So,25000000,5516708,5516708,0,-19483292,-25000000,-19483292,-0.006,-0.007,-0.006,Domestic
2300,2300,1,"Dec 7, 2005",The World's Fastest Indian,25000000,5128124,18991288,13863164,-19871876,-11136836,-6008712,-0.006,-0.003,-0.002,Domestic
2301,2301,2,"Apr 25, 2008",Deception,25000000,4598506,12850033,8251527,-20401494,-16748473,-12149967,-0.006,-0.005,-0.004,Domestic
2302,2302,3,"Mar 1, 1995",Tank Girl,25000000,4064333,4064333,0,-20935667,-25000000,-20935667,-0.006,-0.007,-0.006,Domestic
2303,2303,4,"Apr 22, 2005",King's Ransom,25000000,4008527,4049527,41000,-20991473,-24959000,-20950473,-0.006,-0.007,-0.006,Domestic
2304,2304,5,"Oct 3, 2008",Blindness,25000000,3073392,20052958,16979566,-21926608,-8020434,-4947042,-0.006,-0.002,-0.001,Domestic
2305,2305,6,"Apr 13, 2018",Sgt. Stubby: An American Hero,25000000,3054285,3645957,591672,-21945715,-24408328,-21354043,-0.006,-0.007,-0.006,Domestic
2306,2306,7,"Dec 16, 2011",Carnage,25000000,2546747,38112154,35565407,-22453253,10565407,13112154,-0.006,0.003,0.004,Domestic
2307,2307,8,"Sep 1, 2017",Tulip Fever,25000000,2455635,6792768,4337133,-22544365,-20662867,-18207232,-0.007,-0.006,-0.005,Domestic
2308,2308,9,"Jan 6, 2006",BloodRayne,25000000,2405420,3711633,1306213,-22594580,-23693787,-21288367,-0.007,-0.007,-0.006,Domestic
2309,2309,10,"Nov 20, 2015",Legend,25000000,1872994,42425450,40552456,-23127006,15552456,17425450,-0.007,0.004,0.005,Domestic
2310,2310,11,"Nov 20, 2009",Bad Lieutenant: Port of Call New Orleans,25000000,1702112,12413949,10711837,-23297888,-14288163,-12586051,-0.007,-0.004,-0.004,Domestic
2311,2311,12,"Jan 29, 2016",Jane Got a Gun,25000000,1513793,3771345,2257552,-23486207,-22742448,-21228655,-0.007,-0.007,-0.006,Domestic
2312,2312,13,"Nov 25, 2009",Me and Orson Welles,25000000,1190003,1190003,0,-23809997,-25000000,-23809997,-0.007,-0.007,-0.007,Domestic
2313,2313,14,"Sep 16, 2005",Venom,25000000,881745,881745,0,-24118255,-25000000,-24118255,-0.007,-0.007,-0.007,Domestic
2314,2314,15,"Oct 14, 2005",Where the Truth Lies,25000000,872142,1415656,543514,-24127858,-24456486,-23584344,-0.007,-0.007,-0.007,Domestic
2315,2315,16,"Sep 11, 1998",Without Limits,25000000,780326,780326,0,-24219674,-25000000,-24219674,-0.007,-0.007,-0.007,Domestic
2316,2316,17,"Mar 22, 2013",On the Road,25000000,720828,9313302,8592474,-24279172,-16407526,-15686698,-0.007,-0.005,-0.005,Domestic
2317,2317,18,"Aug 24, 2012",Les petits mouchoirs,25000000,205505,48530887,48325382,-24794495,23325382,23530887,-0.007,0.007,0.007,Domestic
2318,2318,19,"Jun 30, 2010",Love Ranch,25000000,137885,146149,8264,-24862115,-24991736,-24853851,-0.007,-0.007,-0.007,Domestic
2319,2319,20,"Apr 24, 2015",Yi ge ren de wu lin,25000000,129115,129115,0,-24870885,-25000000,-24870885,-0.007,-0.007,-0.007,Domestic
2330,2330,31,"Nov 9, 2012",Dangerous Liaisons,24200000,17000,10447579,10430579,-24183000,-13769421,-13752421,-0.007,-0.004,-0.004,Domestic
2331,2331,32,"Nov 26, 1986",Star Trek IV: The Voyage Home,24000000,109713132,133000000,23286868,85713132,-713132,109000000,0.025,-0.0,0.031,Domestic
2332,2332,33,"Dec 12, 1997",Scream 2,24000000,101363301,172363301,71000000,77363301,47000000,148363301,0.022,0.014,0.043,Domestic
2333,2333,34,"Feb 21, 2003",Old School,24000000,75155000,86765463,11610463,51155000,-12389537,62765463,0.015,-0.004,0.018,Domestic
2334,2334,35,"Dec 20, 2006",Rocky Balboa,24000000,70269899,156229050,85959151,46269899,61959151,132229050,0.013,0.018,0.038,Domestic
2335,2335,36,"Jun 20, 2014",Think Like a Man Too,24000000,65028687,70027933,4999246,41028687,-19000754,46027933,0.012,-0.005,0.013,Domestic
2336,2336,37,"Dec 16, 2016",Fences,24000000,57682904,64282881,6599977,33682904,-17400023,40282881,0.01,-0.005,0.012,Domestic
2337,2337,38,"Feb 18, 2000",The Whole Nine Yards,24000000,57262492,85527867,28265375,33262492,4265375,61527867,0.01,0.001,0.018,Domestic
2338,2338,39,"Oct 14, 2011",Footloose,24000000,51802742,62989834,11187092,27802742,-12812908,38989834,0.008,-0.004,0.011,Domestic
2339,2339,40,"Apr 7, 2017",Going in Style,24000000,45018541,78672579,33654038,21018541,9654038,54672579,0.006,0.003,0.016,Domestic
2340,2340,41,"Jul 12, 1991",Point Break,24000000,43218387,83531958,40313571,19218387,16313571,59531958,0.006,0.005,0.017,Domestic
2341,2341,42,"Sep 20, 1991",The Fisher King,24000000,41798224,41798224,0,17798224,-24000000,17798224,0.005,-0.007,0.005,Domestic
2342,2342,43,"Nov 13, 1998",I Still Know What You Did Last Summer,24000000,40020622,40020622,0,16020622,-24000000,16020622,0.005,-0.007,0.005,Domestic
2343,2343,44,"Nov 21, 2007",Hitman,24000000,39687694,99135571,59447877,15687694,35447877,75135571,0.005,0.01,0.022,Domestic
2344,2344,45,"Dec 16, 1969","Hello, Dolly",24000000,33208099,33208099,0,9208099,-24000000,9208099,0.003,-0.007,0.003,Domestic
2345,2345,46,"Apr 7, 2000",Return to Me,24000000,32662299,32662299,0,8662299,-24000000,8662299,0.003,-0.007,0.003,Domestic
2346,2346,47,"Nov 6, 2009",The Men Who Stare at Goats,24000000,32428195,67348218,34920023,8428195,10920023,43348218,0.002,0.003,0.013,Domestic
2347,2347,48,"Oct 31, 2008",Zack and Miri Make a Porno,24000000,31457946,36856306,5398360,7457946,-18601640,12856306,0.002,-0.005,0.004,Domestic
2348,2348,49,"Jan 12, 2001",Double Take,24000000,29823162,29823162,0,5823162,-24000000,5823162,0.002,-0.007,0.002,Domestic
2349,2349,50,"Dec 21, 1999","Girl, Interrupted",24000000,28871190,28871190,0,4871190,-24000000,4871190,0.001,-0.007,0.001,Domestic
2350,2350,51,"Sep 8, 2000",Nurse Betty,24000000,25170054,27732366,2562312,1170054,-21437688,3732366,0.0,-0.006,0.001,Domestic
2351,2351,52,"Aug 20, 2010",Piranha 3D,24000000,25003155,83660160,58657005,1003155,34657005,59660160,0.0,0.01,0.017,Domestic
2352,2352,53,"Nov 24, 2010",Faster,24000000,23240020,35792945,12552925,-759980,-11447075,11792945,-0.0,-0.003,0.003,Domestic
2353,2353,54,"Oct 24, 1978",The Wiz,24000000,22000000,22000000,0,-2000000,-24000000,-2000000,-0.001,-0.007,-0.001,Domestic
2354,2354,55,"Jan 23, 2004",Win a Date with Tad Hamilton!,24000000,16980098,16980098,0,-7019902,-24000000,-7019902,-0.002,-0.007,-0.002,Domestic
2355,2355,56,"Jul 14, 1999",Muppets From Space,24000000,16304786,16304786,0,-7695214,-24000000,-7695214,-0.002,-0.007,-0.002,Domestic
2356,2356,57,"Apr 7, 2000",Ready to Rumble,24000000,12372410,12372410,0,-11627590,-24000000,-11627590,-0.003,-0.007,-0.003,Domestic
2357,2357,58,"Sep 16, 2011",I Don't Know How She Does It,24000000,9659074,24474463,14815389,-14340926,-9184611,474463,-0.004,-0.003,0.0,Domestic
2358,2358,59,"Dec 24, 1999",Play it to the Bone,24000000,8427204,8427204,0,-15572796,-24000000,-15572796,-0.004,-0.007,-0.004,Domestic
2359,2359,60,"Dec 20, 2013",Dhoom 3,24000000,8031955,11723620,3691665,-15968045,-20308335,-12276380,-0.005,-0.006,-0.004,Domestic
2360,2360,61,"Dec 17, 2004",Beyond the Sea,24000000,6144806,8292914,2148108,-17855194,-21851892,-15707086,-0.005,-0.006,-0.005,Domestic
2361,2361,62,"Jun 10, 2005",Hauru no ugoku shiro,24000000,4710455,237814327,233103872,-19289545,209103872,213814327,-0.006,0.06,0.062,Domestic
2362,2362,63,"Mar 27, 1998",Meet the Deedles,24000000,4356126,4356126,0,-19643874,-24000000,-19643874,-0.006,-0.007,-0.006,Domestic
2363,2363,64,"Aug 25, 1995",The Thief and the Cobbler,24000000,669276,669276,0,-23330724,-24000000,-23330724,-0.007,-0.007,-0.007,Domestic
2364,2364,65,"Jun 10, 2005",The Bridge of San Luis Rey,24000000,49981,1696765,1646784,-23950019,-22353216,-22303235,-0.007,-0.006,-0.006,Domestic
2366,2366,67,"Oct 2, 2009",Zombieland,23600000,75590286,102236596,26646310,51990286,3046310,78636596,0.015,0.001,0.023,Domestic
2367,2367,68,"May 21, 1980",Star Wars Ep. V: The Empire Strikes Back,23000000,290271960,534161334,243889374,267271960,220889374,511161334,0.077,0.064,0.148,Domestic
2368,2368,69,"Nov 6, 1998",The Waterboy,23000000,161491646,190191646,28700000,138491646,5700000,167191646,0.04,0.002,0.048,Domestic
2369,2369,70,"Jun 28, 1991",The Naked Gun 2Â½: The Smell of Fear,23000000,86930411,86930411,0,63930411,-23000000,63930411,0.018,-0.007,0.018,Domestic
2370,2370,71,"Nov 16, 2018",Green Book,23000000,85080171,322034439,236954268,62080171,213954268,299034439,0.018,0.062,0.086,Domestic
2371,2371,72,"Apr 7, 1995",Bad Boys,23000000,65647413,141247413,75600000,42647413,52600000,118247413,0.012,0.015,0.034,Domestic
2372,2372,73,"Jan 16, 2015",The Wedding Ringer,23000000,64460211,80171596,15711385,41460211,-7288615,57171596,0.012,-0.002,0.017,Domestic
2373,2373,74,"Mar 17, 2000",Final Destination,23000000,53302314,112036870,58734556,30302314,35734556,89036870,0.009,0.01,0.026,Domestic
2374,2374,75,"Dec 17, 1976",King Kong,23000000,52614445,90614445,38000000,29614445,15000000,67614445,0.009,0.004,0.02,Domestic
2375,2375,76,"Oct 7, 2011",The Ides of March,23000000,40962534,77735925,36773391,17962534,13773391,54735925,0.005,0.004,0.016,Domestic
2376,2376,77,"Feb 18, 2000",Pitch Black,23000000,39235088,53182088,13947000,16235088,-9053000,30182088,0.005,-0.003,0.009,Domestic
2377,2377,78,"Oct 5, 2018",The Hate U Give,23000000,29719483,35067665,5348182,6719483,-17651818,12067665,0.002,-0.005,0.003,Domestic
2378,2378,79,"Mar 30, 2001",Someone Like You,23000000,27338033,38684906,11346873,4338033,-11653127,15684906,0.001,-0.003,0.005,Domestic
2379,2379,80,"Jan 10, 2014",Her,23000000,25568251,48163815,22595564,2568251,-404436,25163815,0.001,-0.0,0.007,Domestic
2380,2380,81,"Oct 5, 2001",Joy Ride,23000000,21973182,21973182,0,-1026818,-23000000,-1026818,-0.0,-0.007,-0.0,Domestic
2381,2381,82,"Feb 17, 2012",Kari gurashi no Arietti,23000000,19192510,151496097,132303587,-3807490,109303587,128496097,-0.001,0.032,0.037,Domestic
2382,2382,83,"Jan 20, 2012",Haywire,23000000,18942396,36374700,17432304,-4057604,-5567696,13374700,-0.001,-0.002,0.004,Domestic
2383,2383,84,"Nov 12, 1999",Anywhere But Here,23000000,18653615,18653615,0,-4346385,-23000000,-4346385,-0.001,-0.007,-0.001,Domestic
2384,2384,85,"Sep 1, 2004",Vanity Fair,23000000,16123851,19123851,3000000,-6876149,-20000000,-3876149,-0.002,-0.006,-0.001,Domestic
2385,2385,86,"Feb 26, 2016",Eddie the Eagle,23000000,15789389,45060480,29271091,-7210611,6271091,22060480,-0.002,0.002,0.006,Domestic
2386,2386,87,"Jul 17, 1987",Jaws 4: The Revenge,23000000,15728335,15728335,0,-7271665,-23000000,-7271665,-0.002,-0.007,-0.002,Domestic
2387,2387,88,"Aug 25, 2000",The Crew,23000000,13019253,13019253,0,-9980747,-23000000,-9980747,-0.003,-0.007,-0.003,Domestic
2388,2388,89,"Dec 20, 1996",Marvin's Room,23000000,12803305,12803305,0,-10196695,-23000000,-10196695,-0.003,-0.007,-0.003,Domestic
2389,2389,90,"Jan 9, 2004",Chasing Liberty,23000000,12189514,12291975,102461,-10810486,-22897539,-10708025,-0.003,-0.007,-0.003,Domestic
2390,2390,91,"Aug 22, 2008",The Longshots,23000000,11511323,11778396,267073,-11488677,-22732927,-11221604,-0.003,-0.007,-0.003,Domestic
2391,2391,92,"Dec 3, 1999",The End of the Affair,23000000,10660147,10660147,0,-12339853,-23000000,-12339853,-0.004,-0.007,-0.004,Domestic
2392,2392,93,"Aug 23, 1991",Harley Davidson and the Marlboro Man,23000000,7018525,7018525,0,-15981475,-23000000,-15981475,-0.005,-0.007,-0.005,Domestic
2393,2393,94,"Sep 14, 2007",In the Valley of Elah,23000000,6777741,24489150,17711409,-16222259,-5288591,1489150,-0.005,-0.002,0.0,Domestic
2394,2394,95,"Sep 25, 2009",Coco avant Chanel,23000000,6113834,50813834,44700000,-16886166,21700000,27813834,-0.005,0.006,0.008,Domestic
2395,2395,96,"Jun 26, 2009",ChÃ©ri,23000000,2715657,2715657,0,-20284343,-23000000,-20284343,-0.006,-0.007,-0.006,Domestic
2396,2396,97,"Jun 28, 2013",Redemption,23000000,36686,13593473,13556787,-22963314,-9443213,-9406527,-0.007,-0.003,-0.003,Domestic
2397,2397,98,"Apr 25, 2008",Rogue,23000000,10452,4673377,4662925,-22989548,-18337075,-18326623,-0.007,-0.005,-0.005,Domestic
2400,2400,1,"Jun 24, 1987",Spaceballs,22700000,38119483,38119483,0,15419483,-22700000,15419483,0.004,-0.007,0.004,Domestic
2401,2401,2,"Jun 22, 2007",1408,22500000,71985628,131263370,59277742,49485628,36777742,108763370,0.014,0.011,0.031,Domestic
2402,2402,3,"Nov 18, 2016",Nocturnal Animals,22500000,10663357,32398681,21735324,-11836643,-764676,9898681,-0.003,-0.0,0.003,Domestic
2403,2403,4,"Apr 24, 2015",The Water Diviner,22500000,4200117,31054727,26854610,-18299883,4354610,8554727,-0.005,0.001,0.002,Domestic
2404,2404,5,"Jul 13, 1990",Ghost,22000000,217631306,517600000,299968694,195631306,277968694,495600000,0.056,0.08,0.143,Domestic
2405,2405,6,"Jul 15, 1998",There's Something About Mary,22000000,176484651,369884651,193400000,154484651,171400000,347884651,0.045,0.049,0.1,Domestic
2406,2406,7,"Nov 11, 1994",The Santa Clause,22000000,144833357,189800000,44966643,122833357,22966643,167800000,0.035,0.007,0.048,Domestic
2407,2407,8,"Sep 28, 2007",The Game Plan,22000000,90648202,146590987,55942785,68648202,33942785,124590987,0.02,0.01,0.036,Domestic
2408,2408,9,"Mar 29, 2002",The Rookie,22000000,75600072,80491516,4891444,53600072,-17108556,58491516,0.015,-0.005,0.017,Domestic
2409,2409,10,"Jun 2, 1995",The Bridges of Madison County,22000000,71516617,175516617,104000000,49516617,82000000,153516617,0.014,0.024,0.044,Domestic
2410,2410,11,"Feb 28, 2014",Son of God,22000000,59700064,70949793,11249729,37700064,-10750271,48949793,0.011,-0.003,0.014,Domestic
2411,2411,12,"Jun 1, 2001",The Animal,22000000,55762229,55762229,0,33762229,-22000000,33762229,0.01,-0.006,0.01,Domestic
2412,2412,13,"Aug 8, 2014",The Hundred-Foot Journey,22000000,54235441,94270488,40035047,32235441,18035047,72270488,0.009,0.005,0.021,Domestic
2413,2413,14,"Dec 8, 1982",Gandhi,22000000,52767889,127767889,75000000,30767889,53000000,105767889,0.009,0.015,0.031,Domestic
2414,2414,15,"Sep 19, 2003",Underworld,22000000,51970690,95708457,43737767,29970690,21737767,73708457,0.009,0.006,0.021,Domestic
2415,2415,16,"Jul 28, 1995",The Net,22000000,50621733,110521733,59900000,28621733,37900000,88521733,0.008,0.011,0.026,Domestic
2416,2416,17,"Aug 3, 2012",Diary of a Wimpy Kid: Dog Days,22000000,49008662,77229695,28221033,27008662,6221033,55229695,0.008,0.002,0.016,Domestic
2417,2417,18,"Dec 28, 2001",I Am Sam,22000000,40270895,92542418,52271523,18270895,30271523,70542418,0.005,0.009,0.02,Domestic
2418,2418,19,"Nov 11, 2005",Derailed,22000000,36020063,57520063,21500000,14020063,-500000,35520063,0.004,-0.0,0.01,Domestic
2419,2419,20,"Sep 18, 2009",The Informant!,22000000,33316821,41771168,8454347,11316821,-13545653,19771168,0.003,-0.004,0.006,Domestic
2420,2420,21,"Nov 22, 2013",Delivery Man,22000000,30659817,70536870,39877053,8659817,17877053,48536870,0.003,0.005,0.014,Domestic
2421,2421,22,"Feb 5, 2016","Hail, Caesar!",22000000,30080225,64160680,34080455,8080225,12080455,42160680,0.002,0.003,0.012,Domestic
2422,2422,23,"Aug 24, 2001",Jay and Silent Bob Strike Back,22000000,30059386,33762400,3703014,8059386,-18296986,11762400,0.002,-0.005,0.003,Domestic
2423,2423,24,"Dec 29, 1993",Shadowlands,22000000,25842377,25842377,0,3842377,-22000000,3842377,0.001,-0.006,0.001,Domestic
2424,2424,25,"Aug 27, 2008",Traitor,22000000,23530831,27882226,4351395,1530831,-17648605,5882226,0.0,-0.005,0.002,Domestic
2425,2425,26,"Aug 12, 2005",Deuce Bigalow: European Gigolo,22000000,22400154,45273464,22873310,400154,873310,23273464,0.0,0.0,0.007,Domestic
2426,2426,27,"May 19, 2017",Diary of a Wimpy Kid: The Long Haul,22000000,20738724,35609577,14870853,-1261276,-7129147,13609577,-0.0,-0.002,0.004,Domestic
2427,2427,28,"Jan 18, 2008",Mad Money,22000000,20668843,25044057,4375214,-1331157,-17624786,3044057,-0.0,-0.005,0.001,Domestic
2428,2428,29,"Nov 27, 2013",Homefront,22000000,20158492,51695362,31536870,-1841508,9536870,29695362,-0.001,0.003,0.009,Domestic
2429,2429,30,"Sep 19, 2008",Igor,22000000,19528602,31013349,11484747,-2471398,-10515253,9013349,-0.001,-0.003,0.003,Domestic
2430,2430,31,"Feb 9, 2001",Saving Silverman,22000000,19351569,25873142,6521573,-2648431,-15478427,3873142,-0.001,-0.004,0.001,Domestic
2431,2431,32,"Jul 2, 1999",Summer of Sam,22000000,19288130,19288130,0,-2711870,-22000000,-2711870,-0.001,-0.006,-0.001,Domestic
2432,2432,33,"Sep 14, 2001",The Glass House,22000000,17951431,22861785,4910354,-4048569,-17089646,861785,-0.001,-0.005,0.0,Domestic
2433,2433,34,"Sep 4, 2015",The Transporter Refueled,22000000,16029670,69698495,53668825,-5970330,31668825,47698495,-0.002,0.009,0.014,Domestic
2434,2434,35,"Jun 13, 1980",The Island,22000000,15716828,15716828,0,-6283172,-22000000,-6283172,-0.002,-0.006,-0.002,Domestic
2435,2435,36,"Apr 11, 2001",Josie and the Pussycats,22000000,14252830,14252830,0,-7747170,-22000000,-7747170,-0.002,-0.006,-0.002,Domestic
2436,2436,37,"Aug 22, 2012",Hit & Run,22000000,13749300,17216955,3467655,-8250700,-18532345,-4783045,-0.002,-0.005,-0.001,Domestic
2437,2437,38,"Oct 27, 2000",The Little Vampire,22000000,13555988,13555988,0,-8444012,-22000000,-8444012,-0.002,-0.006,-0.002,Domestic
2438,2438,39,"Oct 1, 2004",I Heart Huckabees,22000000,12784713,20034713,7250000,-9215287,-14750000,-1965287,-0.003,-0.004,-0.001,Domestic
2439,2439,40,"Nov 17, 2017","Roman J. Israel, Esq.",22000000,11962712,12967012,1004300,-10037288,-20995700,-9032988,-0.003,-0.006,-0.003,Domestic
2440,2440,41,"Dec 4, 2013",Out of the Furnace,22000000,11330849,15434375,4103526,-10669151,-17896474,-6565625,-0.003,-0.005,-0.002,Domestic
2441,2441,42,"Nov 5, 1993",RoboCop 3,22000000,10696210,10696210,0,-11303790,-22000000,-11303790,-0.003,-0.006,-0.003,Domestic
2442,2442,43,"Aug 27, 1999",Dudley Do-Right,22000000,9818792,9818792,0,-12181208,-22000000,-12181208,-0.004,-0.006,-0.004,Domestic
2443,2443,44,"Dec 8, 2017",Just Getting Started,22000000,6069605,6756412,686807,-15930395,-21313193,-15243588,-0.005,-0.006,-0.004,Domestic
2444,2444,45,"Sep 21, 2001",Megiddo: Omega Code 2,22000000,6047691,6047691,0,-15952309,-22000000,-15952309,-0.005,-0.006,-0.005,Domestic
2445,2445,46,"Jan 1, 1970",Darling Lili,22000000,5000000,5000000,0,-17000000,-22000000,-17000000,-0.005,-0.006,-0.005,Domestic
2446,2446,47,"Nov 23, 2005",The Libertine,22000000,4835065,9448623,4613558,-17164935,-17386442,-12551377,-0.005,-0.005,-0.004,Domestic
2447,2447,48,"Apr 6, 2007",Zwartboek,22000000,4398532,27238354,22839822,-17601468,839822,5238354,-0.005,0.0,0.002,Domestic
2448,2448,49,"Oct 31, 2014",Before I Go to Sleep,22000000,3242457,19563579,16321122,-18757543,-5678878,-2436421,-0.005,-0.002,-0.001,Domestic
2449,2449,50,"Oct 8, 2010",Stone,22000000,1810078,4065020,2254942,-20189922,-19745058,-17934980,-0.006,-0.006,-0.005,Domestic
2450,2450,51,"Mar 3, 2006",Joyeux NoÃ«l,22000000,1054361,23134075,22079714,-20945639,79714,1134075,-0.006,0.0,0.0,Domestic
2452,2452,53,"Jun 24, 1977",Sorcerer,21600000,12000000,12005968,5968,-9600000,-21594032,-9594032,-0.003,-0.006,-0.003,Domestic
2453,2453,54,"Jul 27, 2007",MoliÃ¨re,21600000,635733,791154,155421,-20964267,-21444579,-20808846,-0.006,-0.006,-0.006,Domestic
2454,2454,55,"Oct 5, 2007",Michael Clayton,21500000,49033882,92987651,43953769,27533882,22453769,71487651,0.008,0.006,0.021,Domestic
2455,2455,56,"Jul 9, 1999",Arlington Road,21500000,24419219,24419219,0,2919219,-21500000,2919219,0.001,-0.006,0.001,Domestic
2456,2456,57,"Dec 20, 1996",My Fellow Americans,21500000,22331846,22331846,0,831846,-21500000,831846,0.0,-0.006,0.0,Domestic
2457,2457,58,"Jun 22, 2012",To Rome with Love,21500000,16684352,74326015,57641663,-4815648,36141663,52826015,-0.001,0.01,0.015,Domestic
2458,2458,59,"Nov 16, 2012",Silver Linings Playbook,21000000,132092958,236412453,104319495,111092958,83319495,215412453,0.032,0.024,0.062,Domestic
2459,2459,60,"Apr 6, 2018",Blockers,21000000,60311495,94045328,33733833,39311495,12733833,73045328,0.011,0.004,0.021,Domestic
2460,2460,61,"Apr 5, 2019",Pet Sematary,21000000,54724696,109501146,54776450,33724696,33776450,88501146,0.01,0.01,0.026,Domestic
2461,2461,62,"Jun 30, 1999","South Park: Bigger, Longer & Uncut",21000000,52037603,52037603,0,31037603,-21000000,31037603,0.009,-0.006,0.009,Domestic
2462,2462,63,"Jun 18, 1982",Firefox,21000000,45785720,45785720,0,24785720,-21000000,24785720,0.007,-0.006,0.007,Domestic
2463,2463,64,"Apr 16, 2010",Death at a Funeral,21000000,42739347,48977233,6237886,21739347,-14762114,27977233,0.006,-0.004,0.008,Domestic
2464,2464,65,"Mar 19, 1993",Teenage Mutant Ninja Turtles III,21000000,42273609,42273609,0,21273609,-21000000,21273609,0.006,-0.006,0.006,Domestic
2465,2465,66,"Sep 14, 2001",Hardball,21000000,40222729,43728560,3505831,19222729,-17494169,22728560,0.006,-0.005,0.007,Domestic
2466,2466,67,"Nov 5, 2010",For Colored Girls,21000000,37729698,38017873,288175,16729698,-20711825,17017873,0.005,-0.006,0.005,Domestic
2467,2467,68,"Jan 5, 2007",Freedom Writers,21000000,36605602,43632609,7027007,15605602,-13972993,22632609,0.005,-0.004,0.007,Domestic
2468,2468,69,"Aug 4, 2017",Kidnap,21000000,30718107,34836080,4117973,9718107,-16882027,13836080,0.003,-0.005,0.004,Domestic
2469,2469,70,"Oct 11, 2002",The Transporter,21000000,25296447,43928932,18632485,4296447,-2367515,22928932,0.001,-0.001,0.007,Domestic
2470,2470,71,"Mar 14, 2008",Never Back Down,21000000,24850922,39319801,14468879,3850922,-6531121,18319801,0.001,-0.002,0.005,Domestic
2471,2471,72,"Dec 9, 2011",Tinker Tailor Soldier Spy,21000000,24149393,81452811,57303418,3149393,36303418,60452811,0.001,0.01,0.017,Domestic
2472,2472,73,"Sep 22, 2017",Victoria and Abdul,21000000,22245070,68271146,46026076,1245070,25026076,47271146,0.0,0.007,0.014,Domestic
2473,2473,74,"Nov 5, 1999",The Bachelor,21000000,21731001,36882378,15151377,731001,-5848623,15882378,0.0,-0.002,0.005,Domestic
2474,2474,75,"Mar 12, 1999",The Rage: Carrie 2,21000000,17760244,17760244,0,-3239756,-21000000,-3239756,-0.001,-0.006,-0.001,Domestic
2475,2475,76,"Aug 1, 2008",Swing Vote,21000000,16289867,17589867,1300000,-4710133,-19700000,-3410133,-0.001,-0.006,-0.001,Domestic
2476,2476,77,"Jun 5, 2009",Away We Go,21000000,9451946,10108016,656070,-11548054,-20343930,-10891984,-0.003,-0.006,-0.003,Domestic
2477,2477,78,"Sep 27, 2002",Moonlight Mile,21000000,6830957,6830957,0,-14169043,-21000000,-14169043,-0.004,-0.006,-0.004,Domestic
2478,2478,79,"May 6, 2011",The Beaver,21000000,970816,5046038,4075222,-20029184,-16924778,-15953962,-0.006,-0.005,-0.005,Domestic
2479,2479,80,"Feb 24, 2017",Bitter Harvest,21000000,557241,606162,48921,-20442759,-20951079,-20393838,-0.006,-0.006,-0.006,Domestic
2480,2480,81,"Oct 22, 1999",Molly,21000000,17396,17396,0,-20982604,-21000000,-20982604,-0.006,-0.006,-0.006,Domestic
2482,2482,83,"Apr 23, 1999",eXistenZ,20700000,2840417,2840417,0,-17859583,-20700000,-17859583,-0.005,-0.006,-0.005,Domestic
2483,2483,84,"Jul 23, 1982",The Best Little Whorehouse in Texas,20500000,69701637,69701637,0,49201637,-20500000,49201637,0.014,-0.006,0.014,Domestic
2484,2484,85,"Aug 11, 2006",Pulse,20500000,20264436,30241435,9976999,-235564,-10523001,9741435,-0.0,-0.003,0.003,Domestic
2485,2485,86,"Nov 13, 1991",Beauty and the Beast,20000000,376057266,608431132,232373866,356057266,212373866,588431132,0.103,0.061,0.17,Domestic
2486,2486,87,"Jun 12, 1981",Raiders of the Lost Ark,20000000,225686079,367452079,141766000,205686079,121766000,347452079,0.059,0.035,0.1,Domestic
2487,2487,88,"Mar 22, 2019",Us,20000000,175006930,254210310,79203380,155006930,59203380,234210310,0.045,0.017,0.068,Domestic
2488,2488,89,"Nov 20, 1992",Home Alone 2: Lost in New York,20000000,173585516,358994850,185409334,153585516,165409334,338994850,0.044,0.048,0.098,Domestic
2489,2489,90,"Nov 16, 1977",Close Encounters of the Third Kind,20000000,169100479,340800479,171700000,149100479,151700000,320800479,0.043,0.044,0.093,Domestic
2490,2490,91,"May 20, 1987",Beverly Hills Cop II,20000000,153665036,276665036,123000000,133665036,103000000,256665036,0.039,0.03,0.074,Domestic
2491,2491,92,"Dec 9, 2016",La La Land,20000000,151101803,426351163,275249360,131101803,255249360,406351163,0.038,0.074,0.117,Domestic
2492,2492,93,"Jul 19, 2013",The Conjuring,20000000,137400141,318000141,180600000,117400141,160600000,298000141,0.034,0.046,0.086,Domestic
2493,2493,94,"Mar 7, 2003",Bringing Down the House,20000000,132675402,164675402,32000000,112675402,12000000,144675402,0.033,0.003,0.042,Domestic
2494,2494,95,"Nov 17, 2017",Wonder,20000000,132422809,304604712,172181903,112422809,152181903,284604712,0.032,0.044,0.082,Domestic
2495,2495,96,"Feb 14, 1991",The Silence of the Lambs,20000000,130726716,275726716,145000000,110726716,125000000,255726716,0.032,0.036,0.074,Domestic
2496,2496,97,"Feb 14, 1992",Wayne's World,20000000,121697323,183097323,61400000,101697323,41400000,163097323,0.029,0.012,0.047,Domestic
2497,2497,98,"Oct 15, 2010",Jackass 3D,20000000,117229692,171685793,54456101,97229692,34456101,151685793,0.028,0.01,0.044,Domestic
2498,2498,99,"Jul 29, 2016",Bad Moms,20000000,113257297,180998716,67741419,93257297,47741419,160998716,0.027,0.014,0.046,Domestic
2499,2499,100,"Jan 18, 2019",Glass,20000000,111035005,245303505,134268500,91035005,114268500,225303505,0.026,0.033,0.065,Domestic
2500,2500,1,"Jun 16, 1978",Jaws 2,20000000,102922376,208900376,105978000,82922376,85978000,188900376,0.024,0.025,0.055,Domestic
2501,2501,2,"Oct 3, 2008",Beverly Hills Chihuahua,20000000,94514402,154218168,59703766,74514402,39703766,134218168,0.022,0.011,0.039,Domestic
2502,2502,3,"Jul 2, 2014",Tammy,20000000,84525432,96407655,11882223,64525432,-8117777,76407655,0.019,-0.002,0.022,Domestic
2503,2503,4,"Jan 21, 2005",Are We There Yet?,20000000,82674398,98114471,15440073,62674398,-4559927,78114471,0.018,-0.001,0.023,Domestic
2504,2504,5,"Nov 16, 2011",The Descendants,20000000,82624961,175507800,92882839,62624961,72882839,155507800,0.018,0.021,0.045,Domestic
2505,2505,6,"Oct 3, 2003",School of Rock,20000000,81261177,131944672,50683495,61261177,30683495,111944672,0.018,0.009,0.032,Domestic
2506,2506,7,"Apr 13, 2007",Disturbia,20000000,80818974,118537627,37718653,60818974,17718653,98537627,0.018,0.005,0.028,Domestic
2507,2507,8,"Jul 16, 1993",Free Willy,20000000,77698625,153698625,76000000,57698625,56000000,133698625,0.017,0.016,0.039,Domestic
2508,2508,9,"Oct 21, 2016",Tyler Perryâs Boo! A Madea Halloween,20000000,73206343,73206343,0,53206343,-20000000,53206343,0.015,-0.006,0.015,Domestic
2509,2509,10,"Aug 18, 1995",Mortal Kombat,20000000,70433227,122133227,51700000,50433227,31700000,102133227,0.015,0.009,0.029,Domestic
2510,2510,11,"Jun 23, 2004",White Chicks,20000000,69148997,111448997,42300000,49148997,22300000,91448997,0.014,0.006,0.026,Domestic
2511,2511,12,"Apr 24, 2009",Obsessed,20000000,68261644,73964713,5703069,48261644,-14296931,53964713,0.014,-0.004,0.016,Domestic
2512,2512,13,"Apr 18, 2003",Holes,20000000,67383924,71232214,3848290,47383924,-16151710,51232214,0.014,-0.005,0.015,Domestic
2513,2513,14,"Jun 29, 2012",Tyler Perry's Madea's Witness Protection,20000000,65653242,66950887,1297645,45653242,-18702355,46950887,0.013,-0.005,0.014,Domestic
2514,2514,15,"Mar 31, 2010",The Last Song,20000000,62950384,92678948,29728564,42950384,9728564,72678948,0.012,0.003,0.021,Domestic
2515,2515,16,"Apr 2, 2010",Why Did I Get Married Too?,20000000,60095852,60831067,735215,40095852,-19264785,40831067,0.012,-0.006,0.012,Domestic
2516,2516,17,"Oct 23, 1998",La vita Ã¨ bella,20000000,57598247,229385361,171787114,37598247,151787114,209385361,0.011,0.044,0.06,Domestic
2517,2517,18,"Oct 18, 2013",12 Years a Slave,20000000,56671993,181025343,124353350,36671993,104353350,161025343,0.011,0.03,0.046,Domestic
2518,2518,19,"Dec 13, 2002",Drumline,20000000,56398162,56398162,0,36398162,-20000000,36398162,0.011,-0.006,0.011,Domestic
2519,2519,20,"Jun 3, 2016",Me Before You,20000000,56245075,208265198,152020123,36245075,132020123,188265198,0.01,0.038,0.054,Domestic
2520,2520,21,"Feb 8, 2019",What Men Want,20000000,54611903,69911903,15300000,34611903,-4700000,49911903,0.01,-0.001,0.014,Domestic
2521,2521,22,"Apr 15, 2016",Barbershop: The Next Cut,20000000,54030051,54404202,374151,34030051,-19625849,34404202,0.01,-0.006,0.01,Domestic
2522,2522,23,"Dec 7, 1990",Edward Scissorhands,20000000,53976987,53976987,0,33976987,-20000000,33976987,0.01,-0.006,0.01,Domestic
2523,2523,24,"Sep 14, 2018",A Simple Favor,20000000,53548586,97628717,44080131,33548586,24080131,77628717,0.01,0.007,0.022,Domestic
2524,2524,25,"Jan 9, 2015",Selma,20000000,52076908,66776576,14699668,32076908,-5300332,46776576,0.009,-0.002,0.014,Domestic
2525,2525,26,"Dec 12, 1980",Popeye,20000000,49823037,49823037,0,29823037,-20000000,29823037,0.009,-0.006,0.009,Domestic
2526,2526,27,"Feb 17, 2006",Date Movie,20000000,48548426,85146165,36597739,28548426,16597739,65146165,0.008,0.005,0.019,Domestic
2527,2527,28,"Feb 15, 2002",Peter Pan: Return to Neverland,20000000,48430258,109862682,61432424,28430258,41432424,89862682,0.008,0.012,0.026,Domestic
2528,2528,29,"Feb 14, 2003",The Jungle Book 2,20000000,47901582,140122225,92220643,27901582,72220643,120122225,0.008,0.021,0.035,Domestic
2529,2529,30,"Mar 16, 2007",Premonition,20000000,47852604,81461343,33608739,27852604,13608739,61461343,0.008,0.004,0.018,Domestic
2530,2530,31,"Oct 20, 2017",Tyler Perryâs Boo 2! A Madea Halloween,20000000,47319572,47879572,560000,27319572,-19440000,27879572,0.008,-0.006,0.008,Domestic
2531,2531,32,"Feb 4, 2005",Boogeyman,20000000,46752382,67192859,20440477,26752382,440477,47192859,0.008,0.0,0.014,Domestic
2532,2532,33,"Feb 11, 2000",The Tigger Movie,20000000,45542421,96147688,50605267,25542421,30605267,76147688,0.007,0.009,0.022,Domestic
2533,2533,34,"Nov 6, 2015",Spotlight,20000000,45055776,92088460,47032684,25055776,27032684,72088460,0.007,0.008,0.021,Domestic
2534,2534,35,"Mar 30, 2018",Acrimony,20000000,43549096,46627836,3078740,23549096,-16921260,26627836,0.007,-0.005,0.008,Domestic
2535,2535,36,"Jun 26, 2015",Max,20000000,42656255,43658157,1001902,22656255,-18998098,23658157,0.007,-0.005,0.007,Domestic
2536,2536,37,"Mar 21, 2008",Meet the Browns,20000000,41975388,41975388,0,21975388,-20000000,21975388,0.006,-0.006,0.006,Domestic
2537,2537,38,"Jul 24, 2009",Orphan,20000000,41596251,78769428,37173177,21596251,17173177,58769428,0.006,0.005,0.017,Domestic
2538,2538,39,"Nov 17, 2017",The Star,20000000,40847995,62758010,21910015,20847995,1910015,42758010,0.006,0.001,0.012,Domestic
2539,2539,40,"Jan 26, 2007",Epic Movie,20000000,39739367,86858578,47119211,19739367,27119211,66858578,0.006,0.008,0.019,Domestic
2540,2540,41,"Sep 19, 2008",Lakeview Terrace,20000000,39263506,44821299,5557793,19263506,-14442207,24821299,0.006,-0.004,0.007,Domestic
2541,2541,42,"Oct 13, 2006",The Grudge 2,20000000,39143839,70743839,31600000,19143839,11600000,50743839,0.006,0.003,0.015,Domestic
2542,2542,43,"Jul 27, 2016",Nerve,20000000,38583626,70652284,32068658,18583626,12068658,50652284,0.005,0.003,0.015,Domestic
2543,2543,44,"May 14, 1982",Conan the Barbarian,20000000,38264085,79114085,40850000,18264085,20850000,59114085,0.005,0.006,0.017,Domestic
2544,2544,45,"Aug 14, 1998",How Stella Got Her Groove Back,20000000,37672944,37672944,0,17672944,-20000000,17672944,0.005,-0.006,0.005,Domestic
2545,2545,46,"Jul 19, 1991",Bill & Ted's Bogus Journey,20000000,37537675,37537675,0,17537675,-20000000,17537675,0.005,-0.006,0.005,Domestic
2546,2546,47,"Oct 13, 2006",Man of the Year,20000000,37442180,41342180,3900000,17442180,-16100000,21342180,0.005,-0.005,0.006,Domestic
2547,2547,48,"Feb 19, 2016",Risen,20000000,36880033,46255763,9375730,16880033,-10624270,26255763,0.005,-0.003,0.008,Domestic
2548,2548,49,"Aug 18, 2010",Vampires Suck,20000000,36661504,81424988,44763484,16661504,24763484,61424988,0.005,0.007,0.018,Domestic
2549,2549,50,"Dec 21, 1979",The Black Hole,20000000,35841901,35841901,0,15841901,-20000000,15841901,0.005,-0.006,0.005,Domestic
2550,2550,51,"Sep 1, 2010",The American,20000000,35606376,67950723,32344347,15606376,12344347,47950723,0.005,0.004,0.014,Domestic
2551,2551,52,"Mar 21, 1997",Selena,20000000,35450113,35450113,0,15450113,-20000000,15450113,0.004,-0.006,0.004,Domestic
2552,2552,53,"Nov 4, 2011",A Very Harold & Kumar 3D Christmas,20000000,35061031,36265745,1204714,15061031,-18795286,16265745,0.004,-0.005,0.005,Domestic
2553,2553,54,"Mar 19, 2004",Eternal Sunshine of the Spotless Mind,20000000,34366518,72570762,38204244,14366518,18204244,52570762,0.004,0.005,0.015,Domestic
2554,2554,55,"Jan 4, 2013",Texas Chainsaw 3D,20000000,34341945,47666013,13324068,14341945,-6675932,27666013,0.004,-0.002,0.008,Domestic
2555,2555,56,"Oct 27, 2006",Babel,20000000,34302837,132121212,97818375,14302837,77818375,112121212,0.004,0.022,0.032,Domestic
2556,2556,57,"Sep 19, 2014",This is Where I Leave You,20000000,34296320,41296320,7000000,14296320,-13000000,21296320,0.004,-0.004,0.006,Domestic
2557,2557,58,"Dec 12, 2008",Doubt,20000000,33446470,53191101,19744631,13446470,-255369,33191101,0.004,-0.0,0.01,Domestic
2558,2558,59,"Oct 15, 2004",Team America: World Police,20000000,32774834,50948811,18173977,12774834,-1826023,30948811,0.004,-0.001,0.009,Domestic
2559,2559,60,"Oct 27, 1995",Copycat,20000000,32051917,32051917,0,12051917,-20000000,12051917,0.003,-0.006,0.003,Domestic
2560,2560,61,"Apr 12, 2013",Scary Movie V,20000000,32015787,78613981,46598194,12015787,26598194,58613981,0.003,0.008,0.017,Domestic
2561,2561,62,"Mar 12, 2010",She's Out of My League,20000000,32010860,48680977,16670117,12010860,-3329883,28680977,0.003,-0.001,0.008,Domestic
2562,2562,63,"Nov 26, 2008",Milk,20000000,31841299,57293371,25452072,11841299,5452072,37293371,0.003,0.002,0.011,Domestic
2563,2563,64,"Oct 15, 1969",Paint Your Wagon,20000000,31678778,31678778,0,11678778,-20000000,11678778,0.003,-0.006,0.003,Domestic
2564,2564,65,"Aug 31, 2011",The Debt,20000000,31177548,46604054,15426506,11177548,-4573494,26604054,0.003,-0.001,0.008,Domestic
2565,2565,66,"Oct 25, 2002",Ghost Ship,20000000,30113491,68349884,38236393,10113491,18236393,48349884,0.003,0.005,0.014,Domestic
2566,2566,67,"Jan 8, 2010",Daybreakers,20000000,30101577,51445503,21343926,10101577,1343926,31445503,0.003,0.0,0.009,Domestic
2567,2567,68,"Mar 7, 2008",The Bank Job,20000000,30060660,66143005,36082345,10060660,16082345,46143005,0.003,0.005,0.013,Domestic
2568,2568,69,"Mar 20, 1998",Wild Things,20000000,29795299,55576699,25781400,9795299,5781400,35576699,0.003,0.002,0.01,Domestic
2569,2569,70,"Oct 16, 2009",The Stepfather,20000000,29062561,29227561,165000,9062561,-19835000,9227561,0.003,-0.006,0.003,Domestic
2570,2570,71,"Mar 31, 2000",High Fidelity,20000000,27277055,47881663,20604608,7277055,604608,27881663,0.002,0.0,0.008,Domestic
2571,2571,72,"Apr 28, 2006",Stick It,20000000,26910736,30399714,3488978,6910736,-16511022,10399714,0.002,-0.005,0.003,Domestic
2572,2572,73,"Jan 4, 2008",One Missed Call,20000000,26890041,44513466,17623425,6890041,-2376575,24513466,0.002,-0.001,0.007,Domestic
2573,2573,74,"Jan 12, 1996",Eye for an Eye,20000000,26792700,26792700,0,6792700,-20000000,6792700,0.002,-0.006,0.002,Domestic
2574,2574,75,"Apr 11, 2008",Street Kings,20000000,26418667,65457811,39039144,6418667,19039144,45457811,0.002,0.005,0.013,Domestic
2575,2575,76,"Aug 23, 2013",The World's End,20000000,26004851,47508505,21503654,6004851,1503654,27508505,0.002,0.0,0.008,Domestic
2576,2576,77,"Jan 19, 1996",From Dusk Till Dawn,20000000,25728961,25732986,4025,5728961,-19995975,5732986,0.002,-0.006,0.002,Domestic
2577,2577,78,"Sep 24, 2010",You Again,20000000,25702053,32838945,7136892,5702053,-12863108,12838945,0.002,-0.004,0.004,Domestic
2578,2578,79,"Jun 15, 2007",Nancy Drew,20000000,25584685,30703845,5119160,5584685,-14880840,10703845,0.002,-0.004,0.003,Domestic
2579,2579,80,"Sep 17, 2010",Alpha and Omega 3D,20000000,25107267,48958353,23851086,5107267,3851086,28958353,0.001,0.001,0.008,Domestic
2580,2580,81,"Dec 25, 2018",On the Basis of Sex,20000000,24622687,38073377,13450690,4622687,-6549310,18073377,0.001,-0.002,0.005,Domestic
2581,2581,82,"Feb 14, 2014",Endless Love,20000000,23438250,34718173,11279923,3438250,-8720077,14718173,0.001,-0.003,0.004,Domestic
2582,2582,83,"Sep 8, 2006",The Covenant,20000000,23364784,38164784,14800000,3364784,-5200000,18164784,0.001,-0.002,0.005,Domestic
2583,2583,84,"Jul 1, 2011",Monte Carlo,20000000,23186769,39686769,16500000,3186769,-3500000,19686769,0.001,-0.001,0.006,Domestic
2584,2584,85,"Mar 24, 2006",Stay Alive,20000000,23086480,23187506,101026,3086480,-19898974,3187506,0.001,-0.006,0.001,Domestic
2585,2585,86,"Oct 7, 2005",2 For the Money,20000000,22991379,30491379,7500000,2991379,-12500000,10491379,0.001,-0.004,0.003,Domestic
2586,2586,87,"Jun 16, 2017",Rough Night,20000000,22105643,46844357,24738714,2105643,4738714,26844357,0.001,0.001,0.008,Domestic
2587,2587,88,"Dec 4, 1998",Psycho,20000000,21541218,37226218,15685000,1541218,-4315000,17226218,0.0,-0.001,0.005,Domestic
2588,2588,89,"Oct 19, 1990",Quigley Down Under,20000000,21413105,21413105,0,1413105,-20000000,1413105,0.0,-0.006,0.0,Domestic
2589,2589,90,"Sep 27, 1995",To Die For,20000000,21284514,27688744,6404230,1284514,-13595770,7688744,0.0,-0.004,0.002,Domestic
2590,2590,91,"Aug 21, 2009",Shorts,20000000,20919166,29870801,8951635,919166,-11048365,9870801,0.0,-0.003,0.003,Domestic
2591,2591,92,"Oct 30, 1998",Vampires,20000000,20268825,20268825,0,268825,-20000000,268825,0.0,-0.006,0.0,Domestic
2592,2592,93,"Sep 19, 2008",Appaloosa,20000000,20211394,27911453,7700059,211394,-12299941,7911453,0.0,-0.004,0.002,Domestic
2593,2593,94,"Nov 20, 2015",Secret in Their Eyes,20000000,20180155,32608019,12427864,180155,-7572136,12608019,0.0,-0.002,0.004,Domestic
2594,2594,95,"Aug 13, 2004",Yu-Gi-Oh,20000000,19762690,28762690,9000000,-237310,-11000000,8762690,-0.0,-0.003,0.003,Domestic
2595,2595,96,"Mar 23, 2007",Reign Over Me,20000000,19661987,20081987,420000,-338013,-19580000,81987,-0.0,-0.006,0.0,Domestic
2596,2596,97,"Sep 19, 2008",My Best Friend's Girl,20000000,19219250,34787111,15567861,-780750,-4432139,14787111,-0.0,-0.001,0.004,Domestic
2597,2597,98,"May 11, 2007",Georgia Rule,20000000,18882880,20819601,1936721,-1117120,-18063279,819601,-0.0,-0.005,0.0,Domestic
2598,2598,99,"Jul 31, 1981",Under the Rainbow,20000000,18826490,18826490,0,-1173510,-20000000,-1173510,-0.0,-0.006,-0.0,Domestic
2599,2599,100,"Apr 12, 1985",Ladyhawke,20000000,18400000,18400000,0,-1600000,-20000000,-1600000,-0.0,-0.006,-0.0,Domestic
2600,2600,1,"Sep 21, 2007",Into the Wild,20000000,18354356,56822960,38468604,-1645644,18468604,36822960,-0.0,0.005,0.011,Domestic
2601,2601,2,"Sep 11, 1998",Simon Birch,20000000,18253415,18310591,57176,-1746585,-19942824,-1689409,-0.001,-0.006,-0.0,Domestic
2602,2602,3,"Feb 11, 2005",Pooh's Heffalump Movie,20000000,18098433,55686944,37588511,-1901567,17588511,35686944,-0.001,0.005,0.01,Domestic
2603,2603,4,"Sep 29, 2006",School for Scoundrels,20000000,17807569,17807569,0,-2192431,-20000000,-2192431,-0.001,-0.006,-0.001,Domestic
2604,2604,5,"Oct 26, 2012",Silent Hill: Revelation 3D,20000000,17530219,55975672,38445453,-2469781,18445453,35975672,-0.001,0.005,0.01,Domestic
2605,2605,6,"Nov 3, 1995",Home for the Holidays,20000000,17468887,22119269,4650382,-2531113,-15349618,2119269,-0.001,-0.004,0.001,Domestic
2606,2606,7,"Mar 31, 2017",The Zookeeperâs Wife,20000000,17445186,26308749,8863563,-2554814,-11136437,6308749,-0.001,-0.003,0.002,Domestic
2607,2607,8,"Feb 20, 2009",Fired Up,20000000,17231291,18608570,1377279,-2768709,-18622721,-1391430,-0.001,-0.005,-0.0,Domestic
2608,2608,9,"Apr 8, 2005",Kung Fu Hustle,20000000,17104669,102034104,84929435,-2895331,64929435,82034104,-0.001,0.019,0.024,Domestic
2609,2609,10,"Jul 26, 2002",The Country Bears,20000000,16988996,16988996,0,-3011004,-20000000,-3011004,-0.001,-0.006,-0.001,Domestic
2610,2610,11,"Sep 29, 2017",Flatliners,20000000,16883115,45173738,28290623,-3116885,8290623,25173738,-0.001,0.002,0.007,Domestic
2611,2611,12,"Mar 16, 2007",Dead Silence,20000000,16574590,20614661,4040071,-3425410,-15959929,614661,-0.001,-0.005,0.0,Domestic
2612,2612,13,"Nov 21, 2003",21 Grams,20000000,16248701,59667625,43418924,-3751299,23418924,39667625,-0.001,0.007,0.011,Domestic
2613,2613,14,"Dec 4, 2009",Armored,20000000,15988876,23661038,7672162,-4011124,-12327838,3661038,-0.001,-0.004,0.001,Domestic
2614,2614,15,"Dec 14, 2007",The Kite Runner,20000000,15800078,74180745,58380667,-4199922,38380667,54180745,-0.001,0.011,0.016,Domestic
2615,2615,16,"Sep 3, 2004",Paparazzi,20000000,15712072,16612072,900000,-4287928,-19100000,-3387928,-0.001,-0.006,-0.001,Domestic
2616,2616,17,"Jan 17, 2003",A Guy Thing,20000000,15543862,17430594,1886732,-4456138,-18113268,-2569406,-0.001,-0.005,-0.001,Domestic
2617,2617,18,"Feb 15, 1965",The Greatest Story Ever Told,20000000,15473333,15473333,0,-4526667,-20000000,-4526667,-0.001,-0.006,-0.001,Domestic
2618,2618,19,"Jul 21, 2000",Loser,20000000,15464026,18250106,2786080,-4535974,-17213920,-1749894,-0.001,-0.005,-0.001,Domestic
2619,2619,20,"Mar 6, 1998",Twilight,20000000,15055091,15055091,0,-4944909,-20000000,-4944909,-0.001,-0.006,-0.001,Domestic
2620,2620,21,"Sep 23, 2009",Capitalism: A Love Story,20000000,14363397,19121531,4758134,-5636603,-15241866,-878469,-0.002,-0.004,-0.0,Domestic
2621,2621,22,"Apr 13, 2012",Lockout,20000000,14326865,33943049,19616184,-5673135,-383816,13943049,-0.002,-0.0,0.004,Domestic
2622,2622,23,"Aug 29, 2008",Disaster Movie,20000000,14190901,36720752,22529851,-5809099,2529851,16720752,-0.002,0.001,0.005,Domestic
2623,2623,24,"Sep 30, 2011",What's Your Number?,20000000,14011084,30163785,16152701,-5988916,-3847299,10163785,-0.002,-0.001,0.003,Domestic
2624,2624,25,"Nov 14, 1997",The Man Who Knew Too Little,20000000,13801755,13801755,0,-6198245,-20000000,-6198245,-0.002,-0.006,-0.002,Domestic
2625,2625,26,"Apr 17, 2009",Crank 2: High Voltage,20000000,13684249,35472739,21788490,-6315751,1788490,15472739,-0.002,0.001,0.004,Domestic
2626,2626,27,"Oct 30, 2015",Burnt,20000000,13651946,36773510,23121564,-6348054,3121564,16773510,-0.002,0.001,0.005,Domestic
2627,2627,28,"Apr 30, 2004",Envy,20000000,13548322,14566246,1017924,-6451678,-18982076,-5433754,-0.002,-0.005,-0.002,Domestic
2628,2628,29,"Oct 13, 2006",One Night with the King,20000000,13395961,13725032,329071,-6604039,-19670929,-6274968,-0.002,-0.006,-0.002,Domestic
2629,2629,30,"Oct 21, 1994",Bullets Over Broadway,20000000,13383747,13383747,0,-6616253,-20000000,-6616253,-0.002,-0.006,-0.002,Domestic
2630,2630,31,"Sep 19, 2008",Ghost Town,20000000,13367624,29958228,16590604,-6632376,-3409396,9958228,-0.002,-0.001,0.003,Domestic
2631,2631,32,"Nov 22, 2002",The Quiet American,20000000,12987647,26348203,13360556,-7012353,-6639444,6348203,-0.002,-0.002,0.002,Domestic
2632,2632,33,"Feb 26, 2016",Triple 9,20000000,12639297,25943792,13304495,-7360703,-6695505,5943792,-0.002,-0.002,0.002,Domestic
2633,2633,34,"Sep 2, 2016",The Light Between Oceans,20000000,12545979,22281732,9735753,-7454021,-10264247,2281732,-0.002,-0.003,0.001,Domestic
2634,2634,35,"Oct 28, 2005",The Weather Man,20000000,12482775,15466961,2984186,-7517225,-17015814,-4533039,-0.002,-0.005,-0.001,Domestic
2635,2635,36,"Aug 23, 2002",Undisputed,20000000,12398628,12398628,0,-7601372,-20000000,-7601372,-0.002,-0.006,-0.002,Domestic
2636,2636,37,"Mar 27, 2009",12 Rounds,20000000,12234694,17306648,5071954,-7765306,-14928046,-2693352,-0.002,-0.004,-0.001,Domestic
2637,2637,38,"Oct 1, 2010",Let Me In,20000000,12134935,28270399,16135464,-7865065,-3864536,8270399,-0.002,-0.001,0.002,Domestic
2638,2638,39,"May 6, 1994",3 Ninjas Kick Back,20000000,11744960,11744960,0,-8255040,-20000000,-8255040,-0.002,-0.006,-0.002,Domestic
2639,2639,40,"Feb 22, 2008",Be Kind Rewind,20000000,11175164,30894247,19719083,-8824836,-280917,10894247,-0.003,-0.0,0.003,Domestic
2640,2640,41,"Dec 9, 2005",Mrs. Henderson Presents,20000000,11036366,27836366,16800000,-8963634,-3200000,7836366,-0.003,-0.001,0.002,Domestic
2641,2641,42,"Dec 12, 1997",Deconstructing Harry,20000000,10686841,10686841,0,-9313159,-20000000,-9313159,-0.003,-0.006,-0.003,Domestic
2642,2642,43,"Oct 22, 1999",Three to Tango,20000000,10570375,10570375,0,-9429625,-20000000,-9429625,-0.003,-0.006,-0.003,Domestic
2643,2643,44,"Dec 15, 1989",We're No Angels,20000000,10555348,10555348,0,-9444652,-20000000,-9444652,-0.003,-0.006,-0.003,Domestic
2644,2644,45,"Dec 6, 1996",Everyone Says I Love You,20000000,9725847,34600000,24874153,-10274153,4874153,14600000,-0.003,0.001,0.004,Domestic
2645,2645,46,"Aug 31, 2007",Death Sentence,20000000,9534258,16907831,7373573,-10465742,-12626427,-3092169,-0.003,-0.004,-0.001,Domestic
2646,2646,47,"Jun 3, 2016",Popstar: Never Stop Never Stopping,20000000,9496130,9537120,40990,-10503870,-19959010,-10462880,-0.003,-0.006,-0.003,Domestic
2647,2647,48,"Oct 27, 2017",Thank You for Your Service,20000000,9479390,9985316,505926,-10520610,-19494074,-10014684,-0.003,-0.006,-0.003,Domestic
2648,2648,49,"Dec 4, 2009",Everybody's Fine,20000000,9208876,9208876,0,-10791124,-20000000,-10791124,-0.003,-0.006,-0.003,Domestic
2649,2649,50,"Aug 27, 2004",Superbabies: Baby Geniuses 2,20000000,9109322,9355369,246047,-10890678,-19753953,-10644631,-0.003,-0.006,-0.003,Domestic
2650,2650,51,"Sep 20, 2013",Battle of the Year,20000000,8888355,16723377,7835022,-11111645,-12164978,-3276623,-0.003,-0.004,-0.001,Domestic
2651,2651,52,"Apr 29, 2016",Ratchet and Clank,20000000,8813410,14365639,5552229,-11186590,-14447771,-5634361,-0.003,-0.004,-0.002,Domestic
2652,2652,53,"Aug 17, 2007",Death at a Funeral,20000000,8580428,46790428,38210000,-11419572,18210000,26790428,-0.003,0.005,0.008,Domestic
2653,2653,54,"Sep 9, 2005",The Man,20000000,8330720,10393696,2062976,-11669280,-17937024,-9606304,-0.003,-0.005,-0.003,Domestic
2654,2654,55,"Jan 5, 2007",Code Name: The Cleaner,20000000,8135024,8135024,0,-11864976,-20000000,-11864976,-0.003,-0.006,-0.003,Domestic
2655,2655,56,"Dec 12, 2014",Inherent Vice,20000000,8110975,14772346,6661371,-11889025,-13338629,-5227654,-0.003,-0.004,-0.002,Domestic
2656,2656,57,"Apr 16, 2004",Connie & Carla,20000000,8047525,8047525,0,-11952475,-20000000,-11952475,-0.003,-0.006,-0.003,Domestic
2657,2657,58,"Oct 11, 2013",Machete Kills,20000000,8008161,18273009,10264848,-11991839,-9735152,-1726991,-0.003,-0.003,-0.0,Domestic
2658,2658,59,"Jan 1, 1969",Sweet Charity,20000000,8000000,8000000,0,-12000000,-20000000,-12000000,-0.003,-0.006,-0.003,Domestic
2659,2659,60,"Feb 24, 2006",Doogal,20000000,7578946,28058652,20479706,-12421054,479706,8058652,-0.004,0.0,0.002,Domestic
2660,2660,61,"Sep 16, 2005",Proof,20000000,7535331,8284331,749000,-12464669,-19251000,-11715669,-0.004,-0.006,-0.003,Domestic
2661,2661,62,"Oct 3, 2008",An American Carol,20000000,7013191,7022183,8992,-12986809,-19991008,-12977817,-0.004,-0.006,-0.004,Domestic
2662,2662,63,"Mar 14, 2003",Willard,20000000,6882696,6882696,0,-13117304,-20000000,-13117304,-0.004,-0.006,-0.004,Domestic
2663,2663,64,"Feb 1, 2008",Strange Wilderness,20000000,6575282,6947084,371802,-13424718,-19628198,-13052916,-0.004,-0.006,-0.004,Domestic
2664,2664,65,"Apr 24, 2015",Little Boy,20000000,6485961,17769299,11283338,-13514039,-8716662,-2230701,-0.004,-0.003,-0.001,Domestic
2665,2665,66,"Dec 17, 1999",Topsy Turvy,20000000,6201757,6201757,0,-13798243,-20000000,-13798243,-0.004,-0.006,-0.004,Domestic
2666,2666,67,"Oct 26, 2012",Chasing Mavericks,20000000,6002756,8300821,2298065,-13997244,-17701935,-11699179,-0.004,-0.005,-0.003,Domestic
2667,2667,68,"Dec 31, 2014",A Most Violent Year,20000000,5749134,8846875,3097741,-14250866,-16902259,-11153125,-0.004,-0.005,-0.003,Domestic
2668,2668,69,"Nov 23, 2011",A Dangerous Method,20000000,5702083,14807531,9105448,-14297917,-10894552,-5192469,-0.004,-0.003,-0.001,Domestic
2669,2669,70,"Jul 7, 2006",A Scanner Darkly,20000000,5501616,7405084,1903468,-14498384,-18096532,-12594916,-0.004,-0.005,-0.004,Domestic
2670,2670,71,"Aug 14, 2009",Bandslam,20000000,5210988,12967829,7756841,-14789012,-12243159,-7032171,-0.004,-0.004,-0.002,Domestic
2671,2671,72,"Jan 28, 2005",Alone in the Dark,20000000,5178569,10588079,5409510,-14821431,-14590490,-9411921,-0.004,-0.004,-0.003,Domestic
2672,2672,73,"Oct 29, 2004",Birth,20000000,5005899,14603001,9597102,-14994101,-10402898,-5396999,-0.004,-0.003,-0.002,Domestic
2673,2673,74,"Aug 26, 2016",Hands of Stone,20000000,4712792,5031975,319183,-15287208,-19680817,-14968025,-0.004,-0.006,-0.004,Domestic
2674,2674,75,"Oct 24, 2008",Passchendaele,20000000,4452423,4453327,904,-15547577,-19999096,-15546673,-0.004,-0.006,-0.004,Domestic
2675,2675,76,"Oct 3, 2008",Flash of Genius,20000000,4442377,4504111,61734,-15557623,-19938266,-15495889,-0.004,-0.006,-0.004,Domestic
2676,2676,77,"Nov 21, 2007",Iâm Not There,20000000,4017609,12397613,8380004,-15982391,-11619996,-7602387,-0.005,-0.003,-0.002,Domestic
2677,2677,78,"Sep 7, 2012",The Cold Light of Day,20000000,3763583,25361206,21597623,-16236417,1597623,5361206,-0.005,0.0,0.002,Domestic
2678,2678,79,"May 15, 2009",The Brothers Bloom,20000000,3531756,5531756,2000000,-16468244,-18000000,-14468244,-0.005,-0.005,-0.004,Domestic
2679,2679,80,"Oct 24, 2008","Synecdoche, New York",20000000,3083538,4383538,1300000,-16916462,-18700000,-15616462,-0.005,-0.005,-0.005,Domestic
2680,2680,81,"Oct 26, 2018",Suspiria,20000000,2483472,7034615,4551143,-17516528,-15448857,-12965385,-0.005,-0.004,-0.004,Domestic
2681,2681,82,"Nov 3, 2017",LBJ,20000000,2468683,2507181,38498,-17531317,-19961502,-17492819,-0.005,-0.006,-0.005,Domestic
2682,2682,83,"Oct 29, 1999",Mononoke-hime,20000000,2374107,150350000,147975893,-17625893,127975893,130350000,-0.005,0.037,0.038,Domestic
2683,2683,84,"Mar 19, 2004",Bon Voyage,20000000,2353728,8361736,6008008,-17646272,-13991992,-11638264,-0.005,-0.004,-0.003,Domestic
2684,2684,85,"Nov 13, 2015",My All-American,20000000,2246000,2246000,0,-17754000,-20000000,-17754000,-0.005,-0.006,-0.005,Domestic
2685,2685,86,"Jun 20, 1980",Can't Stop the Music,20000000,2000000,2000000,0,-18000000,-20000000,-18000000,-0.005,-0.006,-0.005,Domestic
2686,2686,87,"May 5, 2006",The Proposition,20000000,1903434,5313608,3410174,-18096566,-16589826,-14686392,-0.005,-0.005,-0.004,Domestic
2687,2687,88,"Aug 22, 2003",Marci X,20000000,1646664,1646664,0,-18353336,-20000000,-18353336,-0.005,-0.006,-0.005,Domestic
2688,2688,89,"Dec 6, 2002",Equilibrium,20000000,1190018,5345869,4155851,-18809982,-15844149,-14654131,-0.005,-0.005,-0.004,Domestic
2689,2689,90,"Apr 29, 2011",Dylan Dog: Dead of Night,20000000,1186538,6093725,4907187,-18813462,-15092813,-13906275,-0.005,-0.004,-0.004,Domestic
2690,2690,91,"Aug 29, 2012",The Oogieloves in the BIG Balloon Adventure,20000000,1065907,1065907,0,-18934093,-20000000,-18934093,-0.005,-0.006,-0.005,Domestic
2691,2691,92,"May 23, 2008",The Children of Huang Shi,20000000,1031872,8221700,7189828,-18968128,-12810172,-11778300,-0.005,-0.004,-0.003,Domestic
2692,2692,93,"Oct 20, 2000",The Yards,20000000,882710,2282710,1400000,-19117290,-18600000,-17717290,-0.006,-0.005,-0.005,Domestic
2693,2693,94,"Aug 6, 2010",Middle Men,20000000,754301,754301,0,-19245699,-20000000,-19245699,-0.006,-0.006,-0.006,Domestic
2694,2694,95,"Apr 28, 2017",JÃ¬yÃ¬ dÃ shÄ«,20000000,587470,43888531,43301061,-19412530,23301061,23888531,-0.006,0.007,0.007,Domestic
2695,2695,96,"Dec 3, 2010",All Good Things,20000000,582024,873617,291593,-19417976,-19708407,-19126383,-0.006,-0.006,-0.006,Domestic
2696,2696,97,"Nov 13, 2015",By the Sea,20000000,538460,3727746,3189286,-19461540,-16810714,-16272254,-0.006,-0.005,-0.005,Domestic
2697,2697,98,"Mar 18, 2005",Steamboy,20000000,468867,10468867,10000000,-19531133,-10000000,-9531133,-0.006,-0.003,-0.003,Domestic
2698,2698,99,"Apr 22, 2005",The Game of Their Lives,20000000,375474,375474,0,-19624526,-20000000,-19624526,-0.006,-0.006,-0.006,Domestic
2699,2699,100,"Sep 11, 1994",Rapa Nui,20000000,305070,305070,0,-19694930,-20000000,-19694930,-0.006,-0.006,-0.006,Domestic
2700,2700,1,"Dec 10, 2010",The Tempest,20000000,277943,277943,0,-19722057,-20000000,-19722057,-0.006,-0.006,-0.006,Domestic
2701,2701,2,"Mar 7, 2008",é·æ±ä¸è (CJ7),20000000,206678,47300771,47094093,-19793322,27094093,27300771,-0.006,0.008,0.008,Domestic
2702,2702,3,"Sep 18, 2009",The Burning Plain,20000000,200730,1167092,966362,-19799270,-19033638,-18832908,-0.006,-0.005,-0.005,Domestic
2703,2703,4,"Mar 27, 1998",Les Couloirs du temps: Les visiteurs 2,20000000,146072,26146072,26000000,-19853928,6000000,6146072,-0.006,0.002,0.002,Domestic
2704,2704,5,"Apr 25, 2003",People I Know,20000000,121972,5694213,5572241,-19878028,-14427759,-14305787,-0.006,-0.004,-0.004,Domestic
2705,2705,6,"Oct 30, 2015",Regression,20000000,55039,15824374,15769335,-19944961,-4230665,-4175626,-0.006,-0.001,-0.001,Domestic
2717,2717,18,"Aug 21, 2009",Der Baader Meinhof Komplex,19700000,476270,16498827,16022557,-19223730,-3677443,-3201173,-0.006,-0.001,-0.001,Domestic
2718,2718,19,"Dec 1, 2017",The Shape of Water,19500000,63859435,195790794,131931359,44359435,112431359,176290794,0.013,0.032,0.051,Domestic
2719,2719,20,"Nov 23, 2012",De rouille et dâos,19500000,2061449,29393634,27332185,-17438551,7832185,9893634,-0.005,0.002,0.003,Domestic
2720,2720,21,"Dec 20, 2006",The Painted Veil,19400000,8060487,15118795,7058308,-11339513,-12341692,-4281205,-0.003,-0.004,-0.001,Domestic
2722,2722,23,"Jul 29, 2011",The Devil's Double,19100000,1361512,5965646,4604134,-17738488,-14495866,-13134354,-0.005,-0.004,-0.004,Domestic
2723,2723,24,"Jul 3, 1985",Back to the Future,19000000,212259762,385524784,173265022,193259762,154265022,366524784,0.056,0.045,0.106,Domestic
2724,2724,25,"Nov 9, 1990",Dances with Wolves,19000000,184208842,424200000,239991158,165208842,220991158,405200000,0.048,0.064,0.117,Domestic
2725,2725,26,"Jul 7, 2000",Scary Movie,19000000,157019771,277200000,120180229,138019771,101180229,258200000,0.04,0.029,0.075,Domestic
2726,2726,27,"Jun 24, 2011",Bad Teacher,19000000,100292856,215448997,115156141,81292856,96156141,196448997,0.023,0.028,0.057,Domestic
2727,2727,28,"Aug 12, 2016",Sausage Party,19000000,97670358,141344255,43673897,78670358,24673897,122344255,0.023,0.007,0.035,Domestic
2728,2728,29,"Sep 15, 1989",Sea of Love,19000000,58571513,58571513,0,39571513,-19000000,39571513,0.011,-0.005,0.011,Domestic
2729,2729,30,"Jan 10, 2003",Just Married,19000000,56127162,101564935,45437773,37127162,26437773,82564935,0.011,0.008,0.024,Domestic
2730,2730,31,"Sep 11, 2009",I Can Do Bad All By Myself,19000000,51733921,51733921,0,32733921,-19000000,32733921,0.009,-0.005,0.009,Domestic
2731,2731,32,"Jul 16, 2004",A Cinderella Story,19000000,51438175,70164105,18725930,32438175,-274070,51164105,0.009,-0.0,0.015,Domestic
2732,2732,33,"May 23, 1980",The Shining,19000000,44017374,44728227,710853,25017374,-18289147,25728227,0.007,-0.005,0.007,Domestic
2733,2733,34,"Oct 26, 2001",Thirteen Ghosts,19000000,41867960,68467960,26600000,22867960,7600000,49467960,0.007,0.002,0.014,Domestic
2734,2734,35,"Oct 29, 1999",House on Haunted Hill,19000000,40846082,65090541,24244459,21846082,5244459,46090541,0.006,0.002,0.013,Domestic
2735,2735,36,"Feb 26, 2010",The Crazies,19000000,39123589,56445534,17321945,20123589,-1678055,37445534,0.006,-0.0,0.011,Domestic
2736,2736,37,"Jan 16, 2009",Notorious,19000000,36843682,44972183,8128501,17843682,-10871499,25972183,0.005,-0.003,0.007,Domestic
2737,2737,38,"Nov 2, 2018",Nobodyâs Fool,19000000,31713110,32589493,876383,12713110,-18123617,13589493,0.004,-0.005,0.004,Domestic
2738,2738,39,"Aug 20, 2010",The Switch,19000000,27758465,49858465,22100000,8758465,3100000,30858465,0.003,0.001,0.009,Domestic
2739,2739,40,"Jan 8, 2010",Leap Year,19000000,25918920,32618920,6700000,6918920,-12300000,13618920,0.002,-0.004,0.004,Domestic
2740,2740,41,"Nov 8, 2013",The Book Thief,19000000,21488481,76086711,54598230,2488481,35598230,57086711,0.001,0.01,0.016,Domestic
2741,2741,42,"Oct 19, 2007","Gone, Baby, Gone",19000000,20300218,34352162,14051944,1300218,-4948056,15352162,0.0,-0.001,0.004,Domestic
2742,2742,43,"Jul 26, 2000",Thomas and the Magic Railroad,19000000,15911332,15911332,0,-3088668,-19000000,-3088668,-0.001,-0.005,-0.001,Domestic
2743,2743,44,"Nov 8, 1962",Mutiny on The Bounty,19000000,13680000,13680000,0,-5320000,-19000000,-5320000,-0.002,-0.005,-0.002,Domestic
2744,2744,45,"Sep 20, 2002",Sen to Chihiro no Kamikakushi,19000000,10049886,274949886,264900000,-8950114,245900000,255949886,-0.003,0.071,0.074,Domestic
2745,2745,46,"Oct 17, 2008",Sex Drive,19000000,8402485,10412485,2010000,-10597515,-16990000,-8587515,-0.003,-0.005,-0.002,Domestic
2746,2746,47,"Jan 9, 1998",Firestorm,19000000,8123860,8123860,0,-10876140,-19000000,-10876140,-0.003,-0.005,-0.003,Domestic
2747,2747,48,"Mar 4, 2011",Take Me Home Tonight,19000000,6928068,7576604,648536,-12071932,-18351464,-11423396,-0.003,-0.005,-0.003,Domestic
2748,2748,49,"Sep 28, 2012",Won't Back Down,19000000,5310554,5745503,434949,-13689446,-18565051,-13254497,-0.004,-0.005,-0.004,Domestic
2749,2749,50,"Jun 1, 2018",Action Point,19000000,5059608,5103675,44067,-13940392,-18955933,-13896325,-0.004,-0.005,-0.004,Domestic
2750,2750,51,"Jan 1, 1964",The Fall of the Roman Empire,19000000,4750000,4750000,0,-14250000,-19000000,-14250000,-0.004,-0.005,-0.004,Domestic
2751,2751,52,"Nov 24, 1993",The Nutcracker,19000000,2119994,2119994,0,-16880006,-19000000,-16880006,-0.005,-0.005,-0.005,Domestic
2752,2752,53,"Dec 13, 2011",George Balanchine\'s The Nutcracker,19000000,2119994,2119994,0,-16880006,-19000000,-16880006,-0.005,-0.005,-0.005,Domestic
2753,2753,54,"Aug 16, 1996",Kansas City,19000000,1353824,1353824,0,-17646176,-19000000,-17646176,-0.005,-0.005,-0.005,Domestic
2755,2755,56,"Jun 24, 2005",George A. Romero's Land of the Dead,18975000,20700082,47751015,27050933,1725082,8075933,28776015,0.0,0.002,0.008,Domestic
2756,2756,57,"Dec 15, 2006",IndigÃ¨nes,18900000,320700,26063572,25742872,-18579300,6842872,7163572,-0.005,0.002,0.002,Domestic
2757,2757,58,"Apr 15, 2005",The Amityville Horror,18500000,65233369,109175673,43942304,46733369,25442304,90675673,0.013,0.007,0.026,Domestic
2758,2758,59,"Dec 6, 2002",Adaptation,18500000,22498520,32531759,10033239,3998520,-8466761,14031759,0.001,-0.002,0.004,Domestic
2759,2759,60,"Oct 2, 2009",The Invention of Lying,18500000,18451251,32679264,14228013,-48749,-4271987,14179264,-0.0,-0.001,0.004,Domestic
2760,2760,61,"May 22, 1998",Fear and Loathing in Las Vegas,18500000,10680275,13711903,3031628,-7819725,-15468372,-4788097,-0.002,-0.004,-0.001,Domestic
2761,2761,62,"Jul 4, 2008",Ne le dis Ã personne,18500000,6198883,33954018,27755135,-12301117,9255135,15454018,-0.004,0.003,0.004,Domestic
2762,2762,63,"Feb 2, 2001",Left Behind,18500000,4221341,4221341,0,-14278659,-18500000,-14278659,-0.004,-0.005,-0.004,Domestic
2763,2763,64,"May 9, 2014",Neighbors,18000000,150086800,270944428,120857628,132086800,102857628,252944428,0.038,0.03,0.073,Domestic
2764,2764,65,"Nov 3, 2006",Borat,18000000,128505958,261443242,132937284,110505958,114937284,243443242,0.032,0.033,0.07,Domestic
2765,2765,66,"Jul 29, 1994",The Mask,18000000,119920129,351620129,231700000,101920129,213700000,333620129,0.029,0.062,0.096,Domestic
2766,2766,67,"Jun 3, 1988",Big,18000000,114968774,151668774,36700000,96968774,18700000,133668774,0.028,0.005,0.039,Domestic
2767,2767,68,"Jul 13, 2001",Legally Blonde,18000000,96493426,141809235,45315809,78493426,27315809,123809235,0.023,0.008,0.036,Domestic
2768,2768,69,"Apr 30, 2004",Mean Girls,18000000,86047227,130953026,44905799,68047227,26905799,112953026,0.02,0.008,0.033,Domestic
2769,2769,70,"Jun 1, 1984",Star Trek III: The Search for Spock,18000000,76471046,87000000,10528954,58471046,-7471046,69000000,0.017,-0.002,0.02,Domestic
2770,2770,71,"Sep 9, 2005",The Exorcism of Emily Rose,18000000,75072454,144529078,69456624,57072454,51456624,126529078,0.016,0.015,0.037,Domestic
2771,2771,72,"Dec 10, 1999",Deuce Bigalow: Male Gigolo,18000000,65535067,92935067,27400000,47535067,9400000,74935067,0.014,0.003,0.022,Domestic
2772,2772,73,"Jan 1, 2004",Barbershop 2: Back in Business,18000000,65070412,65842412,772000,47070412,-17228000,47842412,0.014,-0.005,0.014,Domestic
2773,2773,74,"Dec 16, 2005",The Family Stone,18000000,60062868,92357499,32294631,42062868,14294631,74357499,0.012,0.004,0.021,Domestic
2774,2774,75,"Nov 26, 2003",Bad Santa,18000000,60060328,77147031,17086703,42060328,-913297,59147031,0.012,-0.0,0.017,Domestic
2775,2775,76,"Jun 12, 1987",Predator,18000000,59735548,98267558,38532010,41735548,20532010,80267558,0.012,0.006,0.023,Domestic
2776,2776,77,"Mar 25, 2016",My Big Fat Greek Wedding 2,18000000,59689605,92096558,32406953,41689605,14406953,74096558,0.012,0.004,0.021,Domestic
2777,2777,78,"Sep 11, 2015",The Perfect Guy,18000000,57027435,60278166,3250731,39027435,-14749269,42278166,0.011,-0.004,0.012,Domestic
2778,2778,79,"May 2, 1997",Austin Powers: International Man of Mystery,18000000,53883989,67683989,13800000,35883989,-4200000,49683989,0.01,-0.001,0.014,Domestic
2779,2779,80,"Mar 25, 2011",Diary of a Wimpy Kid: Rodrick Rules,18000000,52698535,73695194,20996659,34698535,2996659,55695194,0.01,0.001,0.016,Domestic
2780,2780,81,"Sep 19, 1984",Amadeus,18000000,51973029,51973029,0,33973029,-18000000,33973029,0.01,-0.005,0.01,Domestic
2781,2781,82,"Apr 11, 2008",Prom Night,18000000,43869350,57193655,13324305,25869350,-4675695,39193655,0.007,-0.001,0.011,Domestic
2782,2782,83,"Apr 8, 2011",Soul Surfer,18000000,43853424,47158652,3305228,25853424,-14694772,29158652,0.007,-0.004,0.008,Domestic
2783,2783,84,"Sep 26, 2003",Under the Tuscan Sun,18000000,43601508,57490024,13888516,25601508,-4111484,39490024,0.007,-0.001,0.011,Domestic
2784,2784,85,"Jun 29, 2018",Uncle Drew,18000000,42469946,46527161,4057215,24469946,-13942785,28527161,0.007,-0.004,0.008,Domestic
2785,2785,86,"Oct 17, 2014",Birdman or (The Unexpected Virtue of Ignorance),18000000,42340598,103215094,60874496,24340598,42874496,85215094,0.007,0.012,0.025,Domestic
2786,2786,87,"Oct 10, 1986",Peggy Sue Got Married,18000000,41382841,41382841,0,23382841,-18000000,23382841,0.007,-0.005,0.007,Domestic
2787,2787,88,"Dec 26, 2001",Gosford Park,18000000,41300105,41300105,0,23300105,-18000000,23300105,0.007,-0.005,0.007,Domestic
2788,2788,89,"Jan 11, 2002",Orange County,18000000,41059716,43308707,2248991,23059716,-15751009,25308707,0.007,-0.005,0.007,Domestic
2789,2789,90,"Jul 26, 2013",Blue Jasmine,18000000,33404871,102912961,69508090,15404871,51508090,84912961,0.004,0.015,0.025,Domestic
2790,2790,91,"Apr 28, 2006",United 93,18000000,31567134,77635035,46067901,13567134,28067901,59635035,0.004,0.008,0.017,Domestic
2791,2791,92,"Dec 5, 2003",Honey,18000000,30272254,62646763,32374509,12272254,14374509,44646763,0.004,0.004,0.013,Domestic
2792,2792,93,"Oct 14, 2005",The Fog,18000000,29511112,37048526,7537414,11511112,-10462586,19048526,0.003,-0.003,0.005,Domestic
2793,2793,94,"May 24, 1996",Spy Hard,18000000,26936265,26936265,0,8936265,-18000000,8936265,0.003,-0.005,0.003,Domestic
2794,2794,95,"Aug 7, 2015",Ricki and the Flash,18000000,26839498,41166033,14326535,8839498,-3673465,23166033,0.003,-0.001,0.007,Domestic
2795,2795,96,"Dec 13, 1989",Glory,18000000,26593580,26593580,0,8593580,-18000000,8593580,0.002,-0.005,0.002,Domestic
2796,2796,97,"Jun 29, 1984",Conan the Destroyer,18000000,26400000,26400000,0,8400000,-18000000,8400000,0.002,-0.005,0.002,Domestic
2797,2797,98,"Nov 13, 2015",Love the Coopers,18000000,26302731,42227490,15924759,8302731,-2075241,24227490,0.002,-0.001,0.007,Domestic
2798,2798,99,"Jun 24, 1970",Catch-22,18000000,24911670,24911670,0,6911670,-18000000,6911670,0.002,-0.005,0.002,Domestic
2799,2799,100,"Apr 10, 2009",Observe and Report,18000000,24007324,27148898,3141574,6007324,-14858426,9148898,0.002,-0.004,0.003,Domestic
2800,2800,1,"Nov 14, 1980",Raging Bull,18000000,23380203,23380203,0,5380203,-18000000,5380203,0.002,-0.005,0.002,Domestic
2801,2801,2,"Sep 18, 2009",Love Happens,18000000,22965110,36133014,13167904,4965110,-4832096,18133014,0.001,-0.001,0.005,Domestic
2802,2802,3,"Sep 25, 2009",Fame,18000000,22455510,80227619,57772109,4455510,39772109,62227619,0.001,0.011,0.018,Domestic
2803,2803,4,"Apr 28, 2017",The Circle,18000000,20497844,40651864,20154020,2497844,2154020,22651864,0.001,0.001,0.007,Domestic
2804,2804,5,"Dec 4, 1985",Young Sherlock Holmes,18000000,19739000,19739000,0,1739000,-18000000,1739000,0.001,-0.005,0.001,Domestic
2805,2805,6,"Nov 5, 2010",127 Hours,18000000,18335230,60217171,41881941,335230,23881941,42217171,0.0,0.007,0.012,Domestic
2806,2806,7,"May 19, 2000",Small Time Crooks,18000000,17266359,29934477,12668118,-733641,-5331882,11934477,-0.0,-0.002,0.003,Domestic
2807,2807,8,"May 12, 2000",Center Stage,18000000,17200925,21361109,4160184,-799075,-13839816,3361109,-0.0,-0.004,0.001,Domestic
2808,2808,9,"Jan 15, 2016",Norm of the North,18000000,17062499,30535660,13473161,-937501,-4526839,12535660,-0.0,-0.001,0.004,Domestic
2809,2809,10,"Feb 6, 2004",Catch That Kid,18000000,16703799,16959614,255815,-1296201,-17744185,-1040386,-0.0,-0.005,-0.0,Domestic
2810,2810,11,"Aug 16, 2013",Jobs,18000000,16131410,43402515,27271105,-1868590,9271105,25402515,-0.001,0.003,0.007,Domestic
2811,2811,12,"Oct 26, 2001",Life as a House,18000000,15652637,23889158,8236521,-2347363,-9763479,5889158,-0.001,-0.003,0.002,Domestic
2812,2812,13,"Jan 8, 2010",Youth in Revolt,18000000,15285588,19685588,4400000,-2714412,-13600000,1685588,-0.001,-0.004,0.0,Domestic
2813,2813,14,"Jul 25, 2014",And So It Goes,18000000,15160801,17920013,2759212,-2839199,-15240788,-79987,-0.001,-0.004,-0.0,Domestic
2814,2814,15,"Jul 10, 2009","I Love You, Beth Cooper",18000000,14800725,16382538,1581813,-3199275,-16418187,-1617462,-0.001,-0.005,-0.0,Domestic
2815,2815,16,"Jul 24, 1981",Blow Out,18000000,13747234,13747234,0,-4252766,-18000000,-4252766,-0.001,-0.005,-0.001,Domestic
2816,2816,17,"Mar 30, 2001",The Tailor of Panama,18000000,13491653,27491653,14000000,-4508347,-4000000,9491653,-0.001,-0.001,0.003,Domestic
2817,2817,18,"May 22, 1981",The Legend of the Lone Ranger,18000000,13400000,13400000,0,-4600000,-18000000,-4600000,-0.001,-0.005,-0.001,Domestic
2818,2818,19,"Jan 31, 2014",Labor Day,18000000,13371528,14189810,818282,-4628472,-17181718,-3810190,-0.001,-0.005,-0.001,Domestic
2819,2819,20,"Aug 30, 2013",Getaway,18000000,10501938,11813989,1312051,-7498062,-16687949,-6186011,-0.002,-0.005,-0.002,Domestic
2820,2820,21,"Sep 26, 1997",The Ice Storm,18000000,8038061,16011975,7973914,-9961939,-10026086,-1988025,-0.003,-0.003,-0.001,Domestic
2821,2821,22,"Oct 15, 2004",Being Julia,18000000,7739049,14488705,6749656,-10260951,-11250344,-3511295,-0.003,-0.003,-0.001,Domestic
2822,2822,23,"Mar 22, 1989",Troop Beverly Hills,18000000,7190505,7190505,0,-10809495,-18000000,-10809495,-0.003,-0.005,-0.003,Domestic
2823,2823,24,"Feb 21, 1986",Nine 1/2 Weeks,18000000,6734844,6734844,0,-11265156,-18000000,-11265156,-0.003,-0.005,-0.003,Domestic
2824,2824,25,"Jan 15, 2010",The Last Station,18000000,6617867,15696146,9078279,-11382133,-8921721,-2303854,-0.003,-0.003,-0.001,Domestic
2825,2825,26,"Jun 26, 1981",Dragonslayer,18000000,6000000,6000000,0,-12000000,-18000000,-12000000,-0.003,-0.005,-0.003,Domestic
2826,2826,27,"Sep 30, 1994",Ed Wood,18000000,5828466,5828466,0,-12171534,-18000000,-12171534,-0.004,-0.005,-0.004,Domestic
2827,2827,28,"Jun 6, 2008",Mongol,18000000,5705761,27147349,21441588,-12294239,3441588,9147349,-0.004,0.001,0.003,Domestic
2828,2828,29,"Oct 8, 2008",RocknRolla,18000000,5700626,27794339,22093713,-12299374,4093713,9794339,-0.004,0.001,0.003,Domestic
2829,2829,30,"Jun 25, 1982",Megaforce,18000000,5675599,5675599,0,-12324401,-18000000,-12324401,-0.004,-0.005,-0.004,Domestic
2830,2830,31,"Aug 20, 2010",Mao's Last Dancer,18000000,4806750,25941437,21134687,-13193250,3134687,7941437,-0.004,0.001,0.002,Domestic
2831,2831,32,"Dec 25, 1996",Hamlet,18000000,4501094,7129670,2628576,-13498906,-15371424,-10870330,-0.004,-0.004,-0.003,Domestic
2832,2832,33,"Apr 11, 2014",The Railway Man,18000000,4438438,23910210,19471772,-13561562,1471772,5910210,-0.004,0.0,0.002,Domestic
2833,2833,34,"Dec 29, 1995",Restoration,18000000,4100000,4100000,0,-13900000,-18000000,-13900000,-0.004,-0.005,-0.004,Domestic
2834,2834,35,"Mar 18, 2016",Midnight Special,18000000,3712282,7680250,3967968,-14287718,-14032032,-10319750,-0.004,-0.004,-0.003,Domestic
2835,2835,36,"Nov 25, 2016",Miss Sloane,18000000,3500605,7719630,4219025,-14499395,-13780975,-10280370,-0.004,-0.004,-0.003,Domestic
2836,2836,37,"Sep 27, 2013",Metallica Through the Never,18000000,3419967,9082906,5662939,-14580033,-12337061,-8917094,-0.004,-0.004,-0.003,Domestic
2837,2837,38,"Sep 19, 2003",Anything Else,18000000,3203044,13203044,10000000,-14796956,-8000000,-4796956,-0.004,-0.002,-0.001,Domestic
2838,2838,39,"Feb 23, 1996",Unforgettable,18000000,2483790,2483790,0,-15516210,-18000000,-15516210,-0.004,-0.005,-0.004,Domestic
2839,2839,40,"Mar 17, 2017",T2: Trainspotting,18000000,2402004,42091262,39689258,-15597996,21689258,24091262,-0.005,0.006,0.007,Domestic
2840,2840,41,"Dec 30, 2009",Das Weisse Band: Eine deutsche Kindergeschichte,18000000,2222862,25727044,23504182,-15777138,5504182,7727044,-0.005,0.002,0.002,Domestic
2841,2841,42,"Apr 25, 1986",8 Million Ways to Die,18000000,1305114,1305114,0,-16694886,-18000000,-16694886,-0.005,-0.005,-0.005,Domestic
2842,2842,43,"Mar 1, 2013",Phantom,18000000,1034589,1199510,164921,-16965411,-17835079,-16800490,-0.005,-0.005,-0.005,Domestic
2843,2843,44,"Apr 26, 2002",The Salton Sea,18000000,676698,676698,0,-17323302,-18000000,-17323302,-0.005,-0.005,-0.005,Domestic
2844,2844,45,"Apr 24, 2009",The Informers,18000000,315000,315000,0,-17685000,-18000000,-17685000,-0.005,-0.005,-0.005,Domestic
2845,2845,46,"Sep 24, 1999",One Man's Hero,18000000,229311,229311,0,-17770689,-18000000,-17770689,-0.005,-0.005,-0.005,Domestic
2846,2846,47,"Oct 15, 2010",Carlos,18000000,145526,1619153,1473627,-17854474,-16526373,-16380847,-0.005,-0.005,-0.005,Domestic
2847,2847,48,"Sep 22, 2006",Renaissance,18000000,70644,2401413,2330769,-17929356,-15669231,-15598587,-0.005,-0.005,-0.005,Domestic
2854,2854,55,"Jun 28, 1985",Red Sonja,17900000,6905861,6908640,2779,-10994139,-17897221,-10991360,-0.003,-0.005,-0.003,Domestic
2855,2855,56,"Jul 13, 2012",Red Lights,17700000,49521,14518884,14469363,-17650479,-3230637,-3181116,-0.005,-0.001,-0.001,Domestic
2856,2856,57,"Aug 17, 2007",Superbad,17500000,121463226,169955142,48491916,103963226,30991916,152455142,0.03,0.009,0.044,Domestic
2857,2857,58,"Feb 20, 2009",Madea Goes To Jail,17500000,90508336,90508336,0,73008336,-17500000,73008336,0.021,-0.005,0.021,Domestic
2858,2858,59,"Feb 14, 2008",Step Up 2 the Streets,17500000,58017783,148586910,90569127,40517783,73069127,131086910,0.012,0.021,0.038,Domestic
2859,2859,60,"Jan 13, 2006",Hoodwinked,17500000,51386611,109843390,58456779,33886611,40956779,92343390,0.01,0.012,0.027,Domestic
2860,2860,61,"Dec 22, 2004",Hotel Rwanda,17500000,23519128,36521223,13002095,6019128,-4497905,19021223,0.002,-0.001,0.005,Domestic
2861,2861,62,"Aug 25, 2006",Beerfest,17500000,19185184,20159316,974132,1685184,-16525868,2659316,0.0,-0.005,0.001,Domestic
2862,2862,63,"Nov 27, 2013",Black Nativity,17500000,7018188,7285135,266947,-10481812,-17233053,-10214865,-0.003,-0.005,-0.003,Domestic
2863,2863,64,"Apr 25, 2003",City of Ghosts,17500000,325491,325491,0,-17174509,-17500000,-17174509,-0.005,-0.005,-0.005,Domestic
2865,2865,66,"Apr 6, 2018",A Quiet Place,17000000,188024361,334522294,146497933,171024361,129497933,317522294,0.049,0.037,0.092,Domestic
2866,2866,67,"Aug 10, 2001",The Others,17000000,96522687,207765056,111242369,79522687,94242369,190765056,0.023,0.027,0.055,Domestic
2867,2867,68,"Jul 18, 1986",Aliens,17000000,85160248,183316455,98156207,68160248,81156207,166316455,0.02,0.023,0.048,Domestic
2868,2868,69,"Aug 13, 2014",Letâs Be Cops,17000000,82390774,136890774,54500000,65390774,37500000,119890774,0.019,0.011,0.035,Domestic
2869,2869,70,"Oct 17, 1997",I Know What You Did Last Summer,17000000,72250091,125250091,53000000,55250091,36000000,108250091,0.016,0.01,0.031,Domestic
2870,2870,71,"Oct 22, 1964",My Fair Lady,17000000,72000000,72071636,71636,55000000,-16928364,55071636,0.016,-0.005,0.016,Domestic
2871,2871,72,"Oct 22, 2004",Sideways,17000000,71502303,109793192,38290889,54502303,21290889,92793192,0.016,0.006,0.027,Domestic
2872,2872,73,"Nov 15, 2013",The Best Man Holiday,17000000,70525195,72835710,2310515,53525195,-14689485,55835710,0.015,-0.004,0.016,Domestic
2873,2873,74,"Feb 13, 2009",Friday the 13th,17000000,65002019,92670237,27668218,48002019,10668218,75670237,0.014,0.003,0.022,Domestic
2874,2874,75,"Sep 28, 2012",Pitch Perfect,17000000,65001093,116044347,51043254,48001093,34043254,99044347,0.014,0.01,0.029,Domestic
2875,2875,76,"Aug 5, 1998",Halloween: H2O,17000000,55041738,55041738,0,38041738,-17000000,38041738,0.011,-0.005,0.011,Domestic
2876,2876,77,"Apr 5, 2013",Evil Dead,17000000,54239856,97778356,43538500,37239856,26538500,80778356,0.011,0.008,0.023,Domestic
2877,2877,78,"Aug 27, 2004",Jet Li's Hero,17000000,53652140,177535958,123883818,36652140,106883818,160535958,0.011,0.031,0.046,Domestic
2878,2878,79,"Oct 29, 2010",Saw 3D,17000000,45710178,133735284,88025106,28710178,71025106,116735284,0.008,0.021,0.034,Domestic
2879,2879,80,"Feb 20, 2015","McFarland, USA",17000000,44480275,45707924,1227649,27480275,-15772351,28707924,0.008,-0.005,0.008,Domestic
2880,2880,81,"Nov 11, 2016",Almost Christmas,17000000,42065185,42493506,428321,25065185,-16571679,25493506,0.007,-0.005,0.007,Domestic
2881,2881,82,"Mar 10, 2006",The Hills Have Eyes,17000000,41778863,70355813,28576950,24778863,11576950,53355813,0.007,0.003,0.015,Domestic
2882,2882,83,"Mar 1, 2002",40 Days and 40 Nights,17000000,37939782,95092667,57152885,20939782,40152885,78092667,0.006,0.012,0.023,Domestic
2883,2883,84,"Oct 10, 2003",Good Boy!,17000000,37667746,45312217,7644471,20667746,-9355529,28312217,0.006,-0.003,0.008,Domestic
2884,2884,85,"Jan 26, 2007",Smokin' Aces,17000000,35662731,57263440,21600709,18662731,4600709,40263440,0.005,0.001,0.012,Domestic
2885,2885,86,"Oct 2, 1998",A Night at the Roxbury,17000000,30331165,30331165,0,13331165,-17000000,13331165,0.004,-0.005,0.004,Domestic
2886,2886,87,"Mar 4, 2011",Beastly,17000000,27865571,38028230,10162659,10865571,-6837341,21028230,0.003,-0.002,0.006,Domestic
2887,2887,88,"Mar 5, 2010",Brooklyn's Finest,17000000,27163593,39233233,12069640,10163593,-4930360,22233233,0.003,-0.001,0.006,Domestic
2888,2888,89,"Jul 9, 1982",Tron,17000000,26918576,26918576,0,9918576,-17000000,9918576,0.003,-0.005,0.003,Domestic
2889,2889,90,"Aug 20, 2010",Lottery Ticket,17000000,24719879,24719879,0,7719879,-17000000,7719879,0.002,-0.005,0.002,Domestic
2890,2890,91,"Sep 5, 2003",Dickie Roberts: Former Child Star,17000000,22734486,23734486,1000000,5734486,-16000000,6734486,0.002,-0.005,0.002,Domestic
2891,2891,92,"Mar 31, 2006",ATL,17000000,21170563,21170563,0,4170563,-17000000,4170563,0.001,-0.005,0.001,Domestic
2892,2892,93,"Aug 24, 2001",Summer Catch,17000000,19693891,19693891,0,2693891,-17000000,2693891,0.001,-0.005,0.001,Domestic
2893,2893,94,"Dec 11, 1998",A Simple Plan,17000000,16316273,16316273,0,-683727,-17000000,-683727,-0.0,-0.005,-0.0,Domestic
2894,2894,95,"Mar 24, 2006",Larry the Cable Guy: Health Inspector,17000000,15680099,15680099,0,-1319901,-17000000,-1319901,-0.0,-0.005,-0.0,Domestic
2895,2895,96,"Nov 27, 2002",Wes Craven Presents: They,17000000,12840842,16140842,3300000,-4159158,-13700000,-859158,-0.001,-0.004,-0.0,Domestic
2896,2896,97,"Oct 1, 1999",The Adventures of Elmo in Grouchland,17000000,11634458,11634458,0,-5365542,-17000000,-5365542,-0.002,-0.005,-0.002,Domestic
2897,2897,98,"Jul 24, 1987",Superman IV: The Quest for Peace,17000000,11227824,11227824,0,-5772176,-17000000,-5772176,-0.002,-0.005,-0.002,Domestic
2898,2898,99,"May 29, 1963",55 Days at Peking,17000000,10000000,10000000,0,-7000000,-17000000,-7000000,-0.002,-0.005,-0.002,Domestic
2899,2899,100,"Jun 5, 2009",My Life in Ruins,17000000,8677425,20477425,11800000,-8322575,-5200000,3477425,-0.002,-0.002,0.001,Domestic
2900,2900,1,"Apr 21, 2006",American Dreamz,17000000,7314027,16510971,9196944,-9685973,-7803056,-489029,-0.003,-0.002,-0.0,Domestic
2901,2901,2,"Jan 25, 2008",How She Move,17000000,7070641,8607815,1537174,-9929359,-15462826,-8392185,-0.003,-0.004,-0.002,Domestic
2902,2902,3,"Feb 24, 2006",Running Scared,17000000,6855137,9729088,2873951,-10144863,-14126049,-7270912,-0.003,-0.004,-0.002,Domestic
2903,2903,4,"Aug 24, 2012",The Apparition,17000000,4936819,10637281,5700462,-12063181,-11299538,-6362719,-0.003,-0.003,-0.002,Domestic
2904,2904,5,"Apr 30, 2004",Bobby Jones: Stroke of Genius,17000000,2694071,2694071,0,-14305929,-17000000,-14305929,-0.004,-0.005,-0.004,Domestic
2905,2905,6,"Aug 29, 1986",Shanghai Surprise,17000000,2315000,2315000,0,-14685000,-17000000,-14685000,-0.004,-0.005,-0.004,Domestic
2906,2906,7,"Dec 25, 2010",L'illusionniste,17000000,2231474,8609949,6378475,-14768526,-10621525,-8390051,-0.004,-0.003,-0.002,Domestic
2907,2907,8,"Jan 1, 1981",Roar,17000000,2110050,2110050,0,-14889950,-17000000,-14889950,-0.004,-0.005,-0.004,Domestic
2908,2908,9,"Oct 17, 2003",Veronica Guerin,17000000,1569918,9438074,7868156,-15430082,-9131844,-7561926,-0.004,-0.003,-0.002,Domestic
2909,2909,10,"Jun 10, 2016",Genius,17000000,1361045,7265283,5904238,-15638955,-11095762,-9734717,-0.005,-0.003,-0.003,Domestic
2910,2910,11,"Nov 14, 2007",Southland Tales,17000000,275380,364607,89227,-16724620,-16910773,-16635393,-0.005,-0.005,-0.005,Domestic
2911,2911,12,"Jun 26, 2015",Escobar: Paradise Lost,17000000,195792,3917679,3721887,-16804208,-13278113,-13082321,-0.005,-0.004,-0.004,Domestic
2916,2916,17,"Mar 11, 2016",The Young Messiah,16800000,6469813,7313697,843884,-10330187,-15956116,-9486303,-0.003,-0.005,-0.003,Domestic
2917,2917,18,"Nov 10, 2006",FUR: An Imaginary Portrait of Diane Arbus,16800000,223202,2281089,2057887,-16576798,-14742113,-14518911,-0.005,-0.004,-0.004,Domestic
2918,2918,19,"Nov 27, 1991",My Girl,16500000,58011485,58011485,0,41511485,-16500000,41511485,0.012,-0.005,0.012,Domestic
2919,2919,20,"Dec 11, 1987",Wall Street,16500000,43848100,43848100,0,27348100,-16500000,27348100,0.008,-0.005,0.008,Domestic
2920,2920,21,"Dec 11, 1995",Sense and Sensibility,16500000,42993774,134993774,92000000,26493774,75500000,118493774,0.008,0.022,0.034,Domestic
2921,2921,22,"Aug 18, 2006",The Illusionist,16500000,39868642,83792062,43923420,23368642,27423420,67292062,0.007,0.008,0.019,Domestic
2922,2922,23,"Aug 3, 2007",Becoming Jane,16500000,18663911,39380876,20716965,2163911,4216965,22880876,0.001,0.001,0.007,Domestic
2923,2923,24,"Dec 19, 2003",House of Sand and Fog,16500000,13005485,16157923,3152438,-3494515,-13347562,-342077,-0.001,-0.004,-0.0,Domestic
2924,2924,25,"Sep 21, 2007",Sydney White,16500000,11892415,13636339,1743924,-4607585,-14756076,-2863661,-0.001,-0.004,-0.001,Domestic
2926,2926,27,"Jun 2, 1989",Dead Poets Society,16400000,95860116,239500000,143639884,79460116,127239884,223100000,0.023,0.037,0.064,Domestic
2927,2927,28,"Dec 16, 1994",Dumb & Dumber,16000000,127175374,246400000,119224626,111175374,103224626,230400000,0.032,0.03,0.067,Domestic
2928,2928,29,"Jul 14, 1989",When Harry Met Sallyâ¦,16000000,92823546,92961960,138414,76823546,-15861586,76961960,0.022,-0.005,0.022,Domestic
2929,2929,30,"May 19, 2000",Road Trip,16000000,68525609,119739110,51213501,52525609,35213501,103739110,0.015,0.01,0.03,Domestic
2930,2930,31,"Dec 8, 1982",The Verdict,16000000,53977250,53977250,0,37977250,-16000000,37977250,0.011,-0.005,0.011,Domestic
2931,2931,32,"Jan 15, 1999",Varsity Blues,16000000,52894169,54294169,1400000,36894169,-14600000,38294169,0.011,-0.004,0.011,Domestic
2932,2932,33,"May 25, 2012",Moonrise Kingdom,16000000,45512466,68848446,23335980,29512466,7335980,52848446,0.009,0.002,0.015,Domestic
2933,2933,34,"Nov 25, 2011",The Artist,16000000,44667095,128256712,83589617,28667095,67589617,112256712,0.008,0.02,0.032,Domestic
2934,2934,35,"Jan 9, 2009",The Unborn,16000000,42670410,78208812,35538402,26670410,19538402,62208812,0.008,0.006,0.018,Domestic
2935,2935,36,"Aug 2, 2002",The Master of Disguise,16000000,40363530,40363530,0,24363530,-16000000,24363530,0.007,-0.005,0.007,Domestic
2936,2936,37,"Oct 6, 2006",The Texas Chainsaw Massacre: The Beginning,16000000,39517763,50517763,11000000,23517763,-5000000,34517763,0.007,-0.001,0.01,Domestic
2937,2937,38,"Dec 29, 2006",El Laberinto del Fauno,16000000,37634615,87041569,49406954,21634615,33406954,71041569,0.006,0.01,0.021,Domestic
2938,2938,39,"Feb 4, 2011",The Roommate,16000000,37300107,52545707,15245600,21300107,-754400,36545707,0.006,-0.0,0.011,Domestic
2939,2939,40,"Feb 2, 2007",The Messengers,16000000,35374833,53774833,18400000,19374833,2400000,37774833,0.006,0.001,0.011,Domestic
2940,2940,41,"Mar 2, 2001",See Spot Run,16000000,33357476,43057552,9700076,17357476,-6299924,27057552,0.005,-0.002,0.008,Domestic
2941,2941,42,"Aug 9, 1991",Double Impact,16000000,29090445,29090445,0,13090445,-16000000,13090445,0.004,-0.005,0.004,Domestic
2942,2942,43,"Jun 27, 2001",Baby Boy,16000000,28734552,28734552,0,12734552,-16000000,12734552,0.004,-0.005,0.004,Domestic
2943,2943,44,"Apr 11, 2001",Joe Dirt,16000000,27087695,30987695,3900000,11087695,-12100000,14987695,0.003,-0.003,0.004,Domestic
2944,2944,45,"Sep 12, 2008",The Women,16000000,26902075,50103808,23201733,10902075,7201733,34103808,0.003,0.002,0.01,Domestic
2945,2945,46,"Apr 20, 2007",Hot Fuzz,16000000,23618786,81742618,58123832,7618786,42123832,65742618,0.002,0.012,0.019,Domestic
2946,2946,47,"Aug 15, 2008",Vicky Cristina Barcelona,16000000,23216709,104504817,81288108,7216709,65288108,88504817,0.002,0.019,0.026,Domestic
2947,2947,48,"Jun 16, 2000",Boys and Girls,16000000,21799652,21799652,0,5799652,-16000000,5799652,0.002,-0.005,0.002,Domestic
2948,2948,49,"Jun 13, 2018",Superfly,16000000,20537137,20723581,186444,4537137,-15813556,4723581,0.001,-0.005,0.001,Domestic
2949,2949,50,"Nov 18, 1994",LÃ©on,16000000,19284974,45284974,26000000,3284974,10000000,29284974,0.001,0.003,0.008,Domestic
2950,2950,51,"Mar 12, 2010",Remember Me,16000000,19068240,56506120,37437880,3068240,21437880,40506120,0.001,0.006,0.012,Domestic
2951,2951,52,"Oct 11, 2002",White Oleander,16000000,16357770,21657770,5300000,357770,-10700000,5657770,0.0,-0.003,0.002,Domestic
2952,2952,53,"Sep 18, 2009",Jennifer's Body,16000000,16204793,31943401,15738608,204793,-261392,15943401,0.0,-0.0,0.005,Domestic
2953,2953,54,"Mar 3, 2000",Drowning Mona,16000000,15427192,15980376,553184,-572808,-15446816,-19624,-0.0,-0.004,-0.0,Domestic
2954,2954,55,"Jan 30, 1987",Radio Days,16000000,14792779,14792779,0,-1207221,-16000000,-1207221,-0.0,-0.005,-0.0,Domestic
2955,2955,56,"Jul 18, 2003",How to Deal,16000000,14108518,14108518,0,-1891482,-16000000,-1891482,-0.001,-0.005,-0.001,Domestic
2956,2956,57,"Oct 3, 2014",Left Behind,16000000,14019924,20769209,6749285,-1980076,-9250715,4769209,-0.001,-0.003,0.001,Domestic
2957,2957,58,"May 28, 2004",Soul Plane,16000000,13922211,14553807,631596,-2077789,-15368404,-1446193,-0.001,-0.004,-0.0,Domestic
2958,2958,59,"Dec 9, 1988",My Stepmother Is an Alien,16000000,13854000,13854000,0,-2146000,-16000000,-2146000,-0.001,-0.005,-0.001,Domestic
2959,2959,60,"Jun 29, 2012",People Like Us,16000000,12431792,12617472,185680,-3568208,-15814320,-3382528,-0.001,-0.005,-0.001,Domestic
2960,2960,61,"May 28, 1999",The Thirteenth Floor,16000000,11810854,11810854,0,-4189146,-16000000,-4189146,-0.001,-0.005,-0.001,Domestic
2961,2961,62,"Sep 3, 2004",The Cookout,16000000,11540112,11540112,0,-4459888,-16000000,-4459888,-0.001,-0.005,-0.001,Domestic
2962,2962,63,"Oct 19, 1979",Meteor,16000000,8400000,8400000,0,-7600000,-16000000,-7600000,-0.002,-0.005,-0.002,Domestic
2963,2963,64,"Mar 7, 1986",Highlander,16000000,5900000,12900000,7000000,-10100000,-9000000,-3100000,-0.003,-0.003,-0.001,Domestic
2964,2964,65,"Nov 18, 2016",Bleed for This,16000000,5083906,6603926,1520020,-10916094,-14479980,-9396074,-0.003,-0.004,-0.003,Domestic
2965,2965,66,"May 3, 2002",Hollywood Ending,16000000,4839383,14839383,10000000,-11160617,-6000000,-1160617,-0.003,-0.002,-0.0,Domestic
2966,2966,67,"Sep 15, 2000",Duets,16000000,4734235,6615452,1881217,-11265765,-14118783,-9384548,-0.003,-0.004,-0.003,Domestic
2967,2967,68,"Aug 13, 1999",Detroit Rock City,16000000,4217115,5825314,1608199,-11782885,-14391801,-10174686,-0.003,-0.004,-0.003,Domestic
2968,2968,69,"Oct 19, 2007",Things We Lost in the Fire,16000000,3287315,8120148,4832833,-12712685,-11167167,-7879852,-0.004,-0.003,-0.002,Domestic
2969,2969,70,"Nov 14, 2014",The Homesman,16000000,2429989,8217571,5787582,-13570011,-10212418,-7782429,-0.004,-0.003,-0.002,Domestic
2970,2970,71,"Apr 5, 2013",Trance,16000000,2322593,22594052,20271459,-13677407,4271459,6594052,-0.004,0.001,0.002,Domestic
2971,2971,72,"May 16, 2014",The Immigrant,16000000,2013456,7585011,5571555,-13986544,-10428445,-8414989,-0.004,-0.003,-0.002,Domestic
2972,2972,73,"Aug 15, 1997",Steel,16000000,1686429,1686429,0,-14313571,-16000000,-14313571,-0.004,-0.005,-0.004,Domestic
2973,2973,74,"Dec 21, 2005",The White Countess,16000000,1669971,2814566,1144595,-14330029,-14855405,-13185434,-0.004,-0.004,-0.004,Domestic
2974,2974,75,"Jul 25, 2008",Bienvenue chez les Ch'tis,16000000,1477650,247474497,245996847,-14522350,229996847,231474497,-0.004,0.066,0.067,Domestic
2975,2975,76,"Oct 1, 2014","Men, Women and Children",16000000,705908,1685403,979495,-15294092,-15020505,-14314597,-0.004,-0.004,-0.004,Domestic
2976,2976,77,"Sep 24, 2010",Enter the Void,16000000,337997,1467278,1129281,-15662003,-14870719,-14532722,-0.005,-0.004,-0.004,Domestic
2977,2977,78,"Dec 31, 2008",Good,16000000,31631,31631,0,-15968369,-16000000,-15968369,-0.005,-0.005,-0.005,Domestic
2978,2978,79,"Nov 2, 2012",Vamps,16000000,3361,94812,91451,-15996639,-15908549,-15905188,-0.005,-0.005,-0.005,Domestic
2982,2982,83,"Dec 21, 2018",Second Act,15700000,39282227,63288854,24006627,23582227,8306627,47588854,0.007,0.002,0.014,Domestic
2983,2983,84,"Jun 21, 2002",Juwanna Mann,15600000,13571817,13771817,200000,-2028183,-15400000,-1828183,-0.001,-0.004,-0.001,Domestic
2984,2984,85,"Jun 8, 2007",La MÃ´me,15500000,10299782,88611837,78312055,-5200218,62812055,73111837,-0.002,0.018,0.021,Domestic
2985,2985,86,"Nov 15, 2002",Ararat,15500000,1693000,1693000,0,-13807000,-15500000,-13807000,-0.004,-0.004,-0.004,Domestic
2986,2986,87,"Apr 13, 2007",Slow Burn,15500000,1237615,1237615,0,-14262385,-15500000,-14262385,-0.004,-0.004,-0.004,Domestic
2987,2987,88,"Apr 22, 2005",Madison,15500000,517262,517262,0,-14982738,-15500000,-14982738,-0.004,-0.004,-0.004,Domestic
2988,2988,89,"Feb 26, 2010",The Yellow Handkerchief,15500000,318623,318623,0,-15181377,-15500000,-15181377,-0.004,-0.004,-0.004,Domestic
2989,2989,90,"Sep 27, 2002",Wasabi,15300000,81525,7000000,6918475,-15218475,-8381525,-8300000,-0.004,-0.002,-0.002,Domestic
2990,2990,91,"Mar 31, 2006",Slither,15250000,7802450,12930343,5127893,-7447550,-10122107,-2319657,-0.002,-0.003,-0.001,Domestic
2991,2991,92,"Nov 16, 1990",Home Alone,15000000,285761243,476684675,190923432,270761243,175923432,461684675,0.078,0.051,0.133,Domestic
2992,2992,93,"Dec 5, 1984",Beverly Hills Cop,15000000,234760478,316300000,81539522,219760478,66539522,301300000,0.063,0.019,0.087,Domestic
2993,2993,94,"May 16, 1986",Top Gun,15000000,179800601,356799634,176999033,164800601,161999033,341799634,0.048,0.047,0.099,Domestic
2994,2994,95,"Dec 17, 1982",Tootsie,15000000,177200000,177200000,0,162200000,-15000000,162200000,0.047,-0.004,0.047,Domestic
2995,2995,96,"Nov 25, 1987",3 Men and a Baby,15000000,167780960,167780960,0,152780960,-15000000,152780960,0.044,-0.004,0.044,Domestic
2996,2996,97,"Nov 26, 2010",The Kingâs Speech,15000000,138797449,430821168,292023719,123797449,277023719,415821168,0.036,0.08,0.12,Domestic
2997,2997,98,"Sep 15, 1999",American Beauty,15000000,130058047,356258047,226200000,115058047,211200000,341258047,0.033,0.061,0.099,Domestic
2998,2998,99,"Dec 8, 2000","Crouching Tiger, Hidden Dragon",15000000,128067808,213514672,85446864,113067808,70446864,198514672,0.033,0.02,0.057,Domestic
2999,2999,100,"Dec 9, 1988",Twins,15000000,111936388,216600000,104663612,96936388,89663612,201600000,0.028,0.026,0.058,Domestic
3000,3000,1,"Dec 20, 1996",Scream,15000000,103046663,173046663,70000000,88046663,55000000,158046663,0.025,0.016,0.046,Domestic
3001,3001,2,"Aug 11, 2017",Annabelle: Creation,15000000,102092201,305384865,203292664,87092201,188292664,290384865,0.025,0.054,0.084,Domestic
3002,3002,3,"Oct 25, 2013",Jackass Presents: Bad Grandpa,15000000,102003019,160903019,58900000,87003019,43900000,145903019,0.025,0.013,0.042,Domestic
3003,3003,4,"Jun 28, 1978",Heaven Can Wait,15000000,98800000,98800000,0,83800000,-15000000,83800000,0.024,-0.004,0.024,Domestic
3004,3004,5,"Dec 18, 1985",The Color Purple,15000000,93589701,93589701,0,78589701,-15000000,78589701,0.023,-0.004,0.023,Domestic
3005,3005,6,"Nov 28, 2014",The Imitation Game,15000000,91125143,227740463,136615320,76125143,121615320,212740463,0.022,0.035,0.061,Domestic
3006,3006,7,"Mar 30, 1988",Beetlejuice,15000000,73839613,73887546,47933,58839613,-14952067,58887546,0.017,-0.004,0.017,Domestic
3007,3007,8,"Nov 18, 1959",Ben-Hur,15000000,73000000,73259017,259017,58000000,-14740983,58259017,0.017,-0.004,0.017,Domestic
3008,3008,9,"Jan 18, 2013",Mama,15000000,71628180,148095566,76467386,56628180,61467386,133095566,0.016,0.018,0.038,Domestic
3009,3009,10,"Oct 10, 1980",Private Benjamin,15000000,69847348,69847348,0,54847348,-15000000,54847348,0.016,-0.004,0.016,Domestic
3010,3010,11,"Mar 7, 1980",Coal Miner's Daughter,15000000,67182787,67182787,0,52182787,-15000000,52182787,0.015,-0.004,0.015,Domestic
3011,3011,12,"Mar 6, 1987",Lethal Weapon,15000000,65192350,120192350,55000000,50192350,40000000,105192350,0.014,0.012,0.03,Domestic
3012,3012,13,"Mar 19, 2010",Diary of a Wimpy Kid,15000000,64003625,76954311,12950686,49003625,-2049314,61954311,0.014,-0.001,0.018,Domestic
3013,3013,14,"Jul 29, 1983",National Lampoonâs Vacation,15000000,61400000,61400000,0,46400000,-15000000,46400000,0.013,-0.004,0.013,Domestic
3014,3014,15,"Aug 31, 2007",Halloween,15000000,58269151,77514401,19245250,43269151,4245250,62514401,0.012,0.001,0.018,Domestic
3015,3015,16,"Sep 30, 2006",The Queen,15000000,56441711,128885873,72444162,41441711,57444162,113885873,0.012,0.017,0.033,Domestic
3016,3016,17,"Oct 12, 2007",Why Did I Get Married?,15000000,55204525,55934178,729653,40204525,-14270347,40934178,0.012,-0.004,0.012,Domestic
3017,3017,18,"Feb 3, 2012",The Woman in Black,15000000,54333290,128955898,74622608,39333290,59622608,113955898,0.011,0.017,0.033,Domestic
3018,3018,19,"Dec 21, 1994",Little Women,15000000,50003303,50003303,0,35003303,-15000000,35003303,0.01,-0.004,0.01,Domestic
3019,3019,20,"Jan 1, 1979",The Deer Hunter,15000000,50000000,50009253,9253,35000000,-14990747,35009253,0.01,-0.004,0.01,Domestic
3020,3020,21,"Aug 10, 2018",BlacKkKlansman,15000000,49275340,93017335,43741995,34275340,28741995,78017335,0.01,0.008,0.023,Domestic
3021,3021,22,"Feb 3, 2006",When a Stranger Calls,15000000,47860214,67215435,19355221,32860214,4355221,52215435,0.009,0.001,0.015,Domestic
3022,3022,23,"Feb 8, 2002",Big Fat Liar,15000000,47811275,52461017,4649742,32811275,-10350258,37461017,0.009,-0.003,0.011,Domestic
3023,3023,24,"Aug 15, 1997",Cop Land,15000000,44906632,63706632,18800000,29906632,3800000,48706632,0.009,0.001,0.014,Domestic
3024,3024,25,"Dec 25, 1997",Wag the Dog,15000000,43057470,64252038,21194568,28057470,6194568,49252038,0.008,0.002,0.014,Domestic
3025,3025,26,"Feb 22, 2013",Snitch,15000000,42930462,57907734,14977272,27930462,-22728,42907734,0.008,-0.0,0.012,Domestic
3026,3026,27,"May 2, 2003",The Lizzie McGuire Movie,15000000,42734455,55534455,12800000,27734455,-2200000,40534455,0.008,-0.001,0.012,Domestic
3027,3027,28,"Dec 4, 2015",Krampus,15000000,42725475,61788393,19062918,27725475,4062918,46788393,0.008,0.001,0.014,Domestic
3028,3028,29,"Sep 21, 2012",End of Watch,15000000,41003371,57586606,16583235,26003371,1583235,42586606,0.008,0.0,0.012,Domestic
3029,3029,30,"Dec 25, 1998",The Faculty,15000000,40283321,40283321,0,25283321,-15000000,25283321,0.007,-0.004,0.007,Domestic
3030,3030,31,"Jun 9, 1993",What's Love Got to Do With It,15000000,39100956,39100956,0,24100956,-15000000,24100956,0.007,-0.004,0.007,Domestic
3031,3031,32,"Dec 14, 2001",Not Another Teen Movie,15000000,37882551,62401343,24518792,22882551,9518792,47401343,0.007,0.003,0.014,Domestic
3032,3032,33,"Dec 3, 2014",Wild,15000000,37880356,52460543,14580187,22880356,-419813,37460543,0.007,-0.0,0.011,Domestic
3033,3033,34,"Dec 16, 1962",Lawrence of Arabia,15000000,37495385,69995385,32500000,22495385,17500000,54995385,0.006,0.005,0.016,Domestic
3034,3034,35,"Nov 7, 2014",The Theory of Everything,15000000,35893537,123327692,87434155,20893537,72434155,108327692,0.006,0.021,0.031,Domestic
3035,3035,36,"Sep 16, 2011",Drive,15000000,35060689,81357930,46297241,20060689,31297241,66357930,0.006,0.009,0.019,Domestic
3036,3036,37,"Mar 31, 2000",The Skulls,15000000,35007180,35007180,0,20007180,-15000000,20007180,0.006,-0.004,0.006,Domestic
3037,3037,38,"Oct 10, 1966",Hawaii,15000000,34562222,34562222,0,19562222,-15000000,19562222,0.006,-0.004,0.006,Domestic
3038,3038,39,"Nov 23, 2018",The Favourite,15000000,34366783,94113929,59747146,19366783,44747146,79113929,0.006,0.013,0.023,Domestic
3039,3039,40,"Apr 18, 2003",Malibu's Most Wanted,15000000,34308901,34499204,190303,19308901,-14809697,19499204,0.006,-0.004,0.006,Domestic
3040,3040,41,"Sep 4, 2009",All About Steve,15000000,33862903,40127259,6264356,18862903,-8735644,25127259,0.005,-0.003,0.007,Domestic
3041,3041,42,"Apr 28, 2000",Where the Heart Is,15000000,33771174,40862054,7090880,18771174,-7909120,25862054,0.005,-0.002,0.007,Domestic
3042,3042,43,"Aug 28, 2009",Halloween 2,15000000,33392973,38512850,5119877,18392973,-9880123,23512850,0.005,-0.003,0.007,Domestic
3043,3043,44,"Mar 13, 2009",The Last House on the Left,15000000,32752215,46526243,13774028,17752215,-1225972,31526243,0.005,-0.0,0.009,Domestic
3044,3044,45,"Feb 18, 2005",Because of Winn-Dixie,15000000,32647042,33508485,861443,17647042,-14138557,18508485,0.005,-0.004,0.005,Domestic
3045,3045,46,"Feb 4, 2005",The Wedding Date,15000000,31726995,47175038,15448043,16726995,448043,32175038,0.005,0.0,0.009,Domestic
3046,3046,47,"Sep 25, 1987",The Princess Bride,15000000,30857000,30859628,2628,15857000,-14997372,15859628,0.005,-0.004,0.005,Domestic
3047,3047,48,"Jul 12, 2002",Halloween: Resurrection,15000000,30259652,37659652,7400000,15259652,-7600000,22659652,0.004,-0.002,0.007,Domestic
3048,3048,49,"Dec 25, 2007",The Great Debaters,15000000,30226144,30261293,35149,15226144,-14964851,15261293,0.004,-0.004,0.004,Domestic
3049,3049,50,"Aug 22, 2014",When the Game Stands Tall,15000000,30127963,30138912,10949,15127963,-14989051,15138912,0.004,-0.004,0.004,Domestic
3050,3050,51,"Jun 12, 1981",Clash of the Titans,15000000,30000000,44400000,14400000,15000000,-600000,29400000,0.004,-0.0,0.008,Domestic
3051,3051,52,"Feb 20, 2004",Confessions of a Teenage Drama Queen,15000000,29331068,33118854,3787786,14331068,-11212214,18118854,0.004,-0.003,0.005,Domestic
3052,3052,53,"Apr 17, 1998",The Object of my Affection,15000000,29145924,29145924,0,14145924,-15000000,14145924,0.004,-0.004,0.004,Domestic
3053,3053,54,"May 11, 2007",28 Weeks Later,15000000,28638916,64232714,35593798,13638916,20593798,49232714,0.004,0.006,0.014,Domestic
3054,3054,55,"Apr 11, 1997",Grosse Pointe Blank,15000000,28084357,31070412,2986055,13084357,-12013945,16070412,0.004,-0.003,0.005,Domestic
3055,3055,56,"Apr 21, 2000",Love and Basketball,15000000,27441122,27709625,268503,12441122,-14731497,12709625,0.004,-0.004,0.004,Domestic
3056,3056,57,"Sep 8, 2017",Home Again,15000000,27020284,37336874,10316590,12020284,-4683410,22336874,0.003,-0.001,0.006,Domestic
3057,3057,58,"Oct 27, 2000",Book of Shadows: Blair Witch 2,15000000,26421314,47721314,21300000,11421314,6300000,32721314,0.003,0.002,0.009,Domestic
3058,3058,59,"Oct 10, 1997",Boogie Nights,15000000,26410771,43111725,16700954,11410771,1700954,28111725,0.003,0.0,0.008,Domestic
3059,3059,60,"Jul 23, 2010",Ramona and Beezus,15000000,26167002,27469621,1302619,11167002,-13697381,12469621,0.003,-0.004,0.004,Domestic
3060,3060,61,"Aug 27, 2014",The November Man,15000000,25018119,34820335,9802216,10018119,-5197784,19820335,0.003,-0.002,0.006,Domestic
3061,3061,62,"May 3, 1996",The Craft,15000000,24769466,55669466,30900000,9769466,15900000,40669466,0.003,0.005,0.012,Domestic
3062,3062,63,"Dec 28, 2005",Match Point,15000000,23089926,87973835,64883909,8089926,49883909,72973835,0.002,0.014,0.021,Domestic
3063,3063,64,"Nov 5, 1993",The Remains of the Day,15000000,22954968,63954968,41000000,7954968,26000000,48954968,0.002,0.008,0.014,Domestic
3064,3064,65,"Jan 15, 1993",Nowhere to Run,15000000,22189039,52189039,30000000,7189039,15000000,37189039,0.002,0.004,0.011,Domestic
3065,3065,66,"Sep 22, 2000",Urban Legends: Final Cut,15000000,21468807,38574362,17105555,6468807,2105555,23574362,0.002,0.001,0.007,Domestic
3066,3066,67,"Mar 29, 2013",The Place Beyond the Pines,15000000,21403519,47011449,25607930,6403519,10607930,32011449,0.002,0.003,0.009,Domestic
3067,3067,68,"Oct 20, 2006",Flicka,15000000,21000147,21896367,896220,6000147,-14103780,6896367,0.002,-0.004,0.002,Domestic
3068,3068,69,"Mar 23, 2007",The Hills Have Eyes II,15000000,20804166,37466538,16662372,5804166,1662372,22466538,0.002,0.0,0.006,Domestic
3069,3069,70,"Apr 29, 2016",Keanu,15000000,20591853,20688141,96288,5591853,-14903712,5688141,0.002,-0.004,0.002,Domestic
3070,3070,71,"Dec 22, 2010",Country Strong,15000000,20218921,20601987,383066,5218921,-14616934,5601987,0.002,-0.004,0.002,Domestic
3071,3071,72,"Oct 11, 2002",Tuck Everlasting,15000000,19161999,19344615,182616,4161999,-14817384,4344615,0.001,-0.004,0.001,Domestic
3072,3072,73,"Oct 13, 2006",The Marine,15000000,18844784,22165608,3320824,3844784,-11679176,7165608,0.001,-0.003,0.002,Domestic
3073,3073,74,"Jul 24, 1998",Disturbing Behavior,15000000,17507368,19014238,1506870,2507368,-13493130,4014238,0.001,-0.004,0.001,Domestic
3074,3074,75,"Mar 6, 1998",The Big Lebowski,15000000,17498804,46189568,28690764,2498804,13690764,31189568,0.001,0.004,0.009,Domestic
3075,3075,76,"Jul 25, 2014",A Most Wanted Man,15000000,17237855,36068890,18831035,2237855,3831035,21068890,0.001,0.001,0.006,Domestic
3076,3076,77,"Jun 26, 2009",The Hurt Locker,15000000,17017811,49894223,32876412,2017811,17876412,34894223,0.001,0.005,0.01,Domestic
3077,3077,78,"Jan 28, 2000",Eye of the Beholder,15000000,16500786,18260865,1760079,1500786,-13239921,3260865,0.0,-0.004,0.001,Domestic
3078,3078,79,"Nov 2, 2012",The Man with the Iron Fists,15000000,15634090,22018988,6384898,634090,-8615102,7018988,0.0,-0.002,0.002,Domestic
3079,3079,80,"May 11, 1984",Firestarter,15000000,15136870,15136870,0,136870,-15000000,136870,0.0,-0.004,0.0,Domestic
3080,3080,81,"Feb 1, 2019",Miss Bala,15000000,14998027,15362298,364271,-1973,-14635729,362298,-0.0,-0.004,0.0,Domestic
3081,3081,82,"Nov 30, 2012",Killing Them Softly,15000000,14945541,39238443,24292902,-54459,9292902,24238443,-0.0,0.003,0.007,Domestic
3082,3082,83,"Apr 20, 2001",Freddy Got Fingered,15000000,14249005,14249005,0,-750995,-15000000,-750995,-0.0,-0.004,-0.0,Domestic
3083,3083,84,"Aug 19, 2011",One Day,15000000,13843771,59168692,45324921,-1156229,30324921,44168692,-0.0,0.009,0.013,Domestic
3084,3084,85,"Jun 25, 2004",De-Lovely,15000000,13337299,18524496,5187197,-1662701,-9812803,3524496,-0.0,-0.003,0.001,Domestic
3085,3085,86,"Oct 2, 2009",Whip It,15000000,13077184,18889972,5812788,-1922816,-9187212,3889972,-0.001,-0.003,0.001,Domestic
3086,3086,87,"Jan 11, 2008",The Pirates Who Don't Do Anything: A VeggieTales Movie,15000000,12981269,13248444,267175,-2018731,-14732825,-1751556,-0.001,-0.004,-0.001,Domestic
3087,3087,88,"Jan 23, 2008",U2 3D,15000000,12898847,26170402,13271555,-2101153,-1728445,11170402,-0.001,-0.0,0.003,Domestic
3088,3088,89,"Sep 1, 2000",Highlander: Endgame,15000000,12801190,12801190,0,-2198810,-15000000,-2198810,-0.001,-0.004,-0.001,Domestic
3089,3089,90,"Jan 20, 2017",The Founder,15000000,12786053,24403192,11617139,-2213947,-3382861,9403192,-0.001,-0.001,0.003,Domestic
3090,3090,91,"Aug 25, 2006",Idlewild,15000000,12669914,12669914,0,-2330086,-15000000,-2330086,-0.001,-0.004,-0.001,Domestic
3091,3091,92,"Apr 25, 2003",Confidence,15000000,12212417,12212417,0,-2787583,-15000000,-2787583,-0.001,-0.004,-0.001,Domestic
3092,3092,93,"Oct 11, 2002",Knockaround Guys,15000000,11660180,12419700,759520,-3339820,-14240480,-2580300,-0.001,-0.004,-0.001,Domestic
3093,3093,94,"Aug 27, 1999",The Muse,15000000,11614954,11614954,0,-3385046,-15000000,-3385046,-0.001,-0.004,-0.001,Domestic
3094,3094,95,"Apr 3, 1998",Barney's Great Adventure,15000000,11156471,11156471,0,-3843529,-15000000,-3843529,-0.001,-0.004,-0.001,Domestic
3095,3095,96,"Mar 1, 1989",New York Stories,15000000,10763469,10763469,0,-4236531,-15000000,-4236531,-0.001,-0.004,-0.001,Domestic
3096,3096,97,"Nov 25, 1998",Home Fries,15000000,10513979,10513979,0,-4486021,-15000000,-4486021,-0.001,-0.004,-0.001,Domestic
3097,3097,98,"Mar 24, 2000",Here on Earth,15000000,10494147,10845127,350980,-4505853,-14649020,-4154873,-0.001,-0.004,-0.001,Domestic
3098,3098,99,"Oct 8, 2004",Raise Your Voice,15000000,10411980,14811980,4400000,-4588020,-10600000,-188020,-0.001,-0.003,-0.0,Domestic
3099,3099,100,"Dec 18, 1985",Brazil,15000000,9929135,9932146,3011,-5070865,-14996989,-5067854,-0.001,-0.004,-0.001,Domestic
3100,3100,1,"Apr 23, 1993",The Dark Half,15000000,9579068,9579068,0,-5420932,-15000000,-5420932,-0.002,-0.004,-0.002,Domestic
3101,3101,2,"Mar 2, 2007",Black Snake Moan,15000000,9396870,10951153,1554283,-5603130,-13445717,-4048847,-0.002,-0.004,-0.001,Domestic
3102,3102,3,"Feb 21, 2003",Dark Blue,15000000,9237470,12262065,3024595,-5762530,-11975405,-2737935,-0.002,-0.003,-0.001,Domestic
3103,3103,4,"Jun 22, 2007",A Mighty Heart,15000000,9176787,19153568,9976781,-5823213,-5023219,4153568,-0.002,-0.001,0.001,Domestic
3104,3104,5,"Sep 30, 1983",Brainstorm,15000000,8921050,8921050,0,-6078950,-15000000,-6078950,-0.002,-0.004,-0.002,Domestic
3105,3105,6,"Sep 23, 2016",Queen of Katwe,15000000,8874389,10055481,1181092,-6125611,-13818908,-4944519,-0.002,-0.004,-0.001,Domestic
3106,3106,7,"Mar 24, 2000",Whatever it Takes,15000000,8735529,8735529,0,-6264471,-15000000,-6264471,-0.002,-0.004,-0.002,Domestic
3107,3107,8,"Mar 21, 2003",Boat Trip,15000000,8586376,14933713,6347337,-6413624,-8652663,-66287,-0.002,-0.002,-0.0,Domestic
3108,3108,9,"May 22, 2002",The Importance of Being Earnest,15000000,8378141,8378141,0,-6621859,-15000000,-6621859,-0.002,-0.004,-0.002,Domestic
3109,3109,10,"May 21, 1999",The Love Letter,15000000,8322608,9010980,688372,-6677392,-14311628,-5989020,-0.002,-0.004,-0.002,Domestic
3110,3110,11,"May 5, 2006",Hoot,15000000,8117637,8224998,107361,-6882363,-14892639,-6775002,-0.002,-0.004,-0.002,Domestic
3111,3111,12,"Feb 8, 2008",In Bruges,15000000,7800825,34533783,26732958,-7199175,11732958,19533783,-0.002,0.003,0.006,Domestic
3112,3112,13,"Jan 4, 2013",Promised Land,15000000,7597898,12394562,4796664,-7402102,-10203336,-2605438,-0.002,-0.003,-0.001,Domestic
3113,3113,14,"Oct 8, 2001",Mulholland Drive,15000000,7219578,20785973,13566395,-7780422,-1433605,5785973,-0.002,-0.0,0.002,Domestic
3114,3114,15,"Jun 8, 2018",Hotel Artemis,15000000,6708137,12758799,6050662,-8291863,-8949338,-2241201,-0.002,-0.003,-0.001,Domestic
3115,3115,16,"Aug 20, 2008",The Rocker,15000000,6409528,8767338,2357810,-8590472,-12642190,-6232662,-0.002,-0.004,-0.002,Domestic
3116,3116,17,"Aug 21, 2009",Post Grad,15000000,6382178,6563402,181224,-8617822,-14818776,-8436598,-0.002,-0.004,-0.002,Domestic
3117,3117,18,"Jun 19, 2009",Whatever Works,15000000,5306706,35106706,29800000,-9693294,14800000,20106706,-0.003,0.004,0.006,Domestic
3118,3118,19,"Jul 19, 2000",The In Crowd,15000000,5217498,5217498,0,-9782502,-15000000,-9782502,-0.003,-0.004,-0.003,Domestic
3119,3119,20,"Dec 14, 2005",Los tres entierros de Melquiades Estrada,15000000,5027684,13454474,8426790,-9972316,-6573210,-1545526,-0.003,-0.002,-0.0,Domestic
3120,3120,21,"Sep 24, 1999",Jakob the Liar,15000000,4956401,4956401,0,-10043599,-15000000,-10043599,-0.003,-0.004,-0.003,Domestic
3121,3121,22,"Sep 28, 2007",Se jie,15000000,4604982,65167430,60562448,-10395018,45562448,50167430,-0.003,0.013,0.014,Domestic
3122,3122,23,"Oct 21, 2005","Kiss Kiss, Bang Bang",15000000,4235837,16829464,12593627,-10764163,-2406373,1829464,-0.003,-0.001,0.001,Domestic
3123,3123,24,"Apr 30, 1999",Idle Hands,15000000,4023741,4023741,0,-10976259,-15000000,-10976259,-0.003,-0.004,-0.003,Domestic
3124,3124,25,"Oct 30, 2015",Scouts Guide to the Zombie Apocalypse,15000000,3703046,15554855,11851809,-11296954,-3148191,554855,-0.003,-0.001,0.0,Domestic
3125,3125,26,"Jan 26, 2007",Blood and Chocolate,15000000,3526588,6551310,3024722,-11473412,-11975278,-8448690,-0.003,-0.003,-0.002,Domestic
3126,3126,27,"Sep 22, 2010",You Will Meet a Tall Dark Stranger,15000000,3247816,34247816,31000000,-11752184,16000000,19247816,-0.003,0.005,0.006,Domestic
3127,3127,28,"Oct 23, 2015",Rock the Kasbah,15000000,3020665,3386153,365488,-11979335,-14634512,-11613847,-0.003,-0.004,-0.003,Domestic
3128,3128,29,"Sep 15, 2010",Never Let Me Go,15000000,2434652,11173718,8739066,-12565348,-6260934,-3826282,-0.004,-0.002,-0.001,Domestic
3129,3129,30,"Sep 9, 2016",The Disappointments Room,15000000,2423467,3503761,1080294,-12576533,-13919706,-11496239,-0.004,-0.004,-0.003,Domestic
3130,3130,31,"Dec 25, 2003",The Company,15000000,2281585,3396508,1114923,-12718415,-13885077,-11603492,-0.004,-0.004,-0.003,Domestic
3131,3131,32,"Jul 18, 2008",Transsiberian,15000000,2203641,6379575,4175934,-12796359,-10824066,-8620425,-0.004,-0.003,-0.002,Domestic
3132,3132,33,"Oct 22, 1999",Crazy in Alabama,15000000,1954202,1954202,0,-13045798,-15000000,-13045798,-0.004,-0.004,-0.004,Domestic
3133,3133,34,"Jan 17, 1986",The Clan of the Cave Bear,15000000,1953732,1953732,0,-13046268,-15000000,-13046268,-0.004,-0.004,-0.004,Domestic
3134,3134,35,"Feb 3, 2017",The Comedian,15000000,1658706,1658706,0,-13341294,-15000000,-13341294,-0.004,-0.004,-0.004,Domestic
3135,3135,36,"Mar 14, 2008",Funny Games,15000000,1294640,8200127,6905487,-13705360,-8094513,-6799873,-0.004,-0.002,-0.002,Domestic
3136,3136,37,"Jun 2, 2006",Banlieue 13,15000000,1200216,11599903,10399687,-13799784,-4600313,-3400097,-0.004,-0.001,-0.001,Domestic
3137,3137,38,"Nov 12, 1999",Felicia's Journey,15000000,824295,1970268,1145973,-14175705,-13854027,-13029732,-0.004,-0.004,-0.004,Domestic
3138,3138,39,"Jan 25, 2002",Metropolis,15000000,673414,1405032,731618,-14326586,-14268382,-13594968,-0.004,-0.004,-0.004,Domestic
3139,3139,40,"Oct 16, 2015",CÃ¬kÃ¨ NiÃ¨ YinniÃ¡ng,15000000,632542,11279884,10647342,-14367458,-4352658,-3720116,-0.004,-0.001,-0.001,Domestic
3140,3140,41,"Dec 1, 1995",Things to Do in Denver when You're Dead,15000000,529766,529766,0,-14470234,-15000000,-14470234,-0.004,-0.004,-0.004,Domestic
3141,3141,42,"Apr 26, 2013",The Reluctant Fundamentalist,15000000,528731,528731,0,-14471269,-15000000,-14471269,-0.004,-0.004,-0.004,Domestic
3142,3142,43,"Feb 6, 2004",The Return,15000000,501752,5953886,5452134,-14498248,-9547866,-9046114,-0.004,-0.003,-0.003,Domestic
3143,3143,44,"Jul 25, 2003",Buffalo Soldiers,15000000,353743,353743,0,-14646257,-15000000,-14646257,-0.004,-0.004,-0.004,Domestic
3144,3144,45,"Apr 25, 2003",Steal (Canadian Release),15000000,220944,220944,0,-14779056,-15000000,-14779056,-0.004,-0.004,-0.004,Domestic
3145,3145,46,"Aug 27, 2010",Centurion,15000000,123570,7885048,7761478,-14876430,-7238522,-7114952,-0.004,-0.002,-0.002,Domestic
3146,3146,47,"Oct 23, 2009",Ong-Bak 2,15000000,102458,7583050,7480592,-14897542,-7519408,-7416950,-0.004,-0.002,-0.002,Domestic
3147,3147,48,"Dec 31, 1996",Silent Trigger,15000000,76382,76382,0,-14923618,-15000000,-14923618,-0.004,-0.004,-0.004,Domestic
3148,3148,49,"Aug 1, 2008",Midnight Meat Train,15000000,73548,1590246,1516698,-14926452,-13483302,-13409754,-0.004,-0.004,-0.004,Domestic
3149,3149,50,"Sep 6, 2013",Winnie Mandela,15000000,61847,61847,0,-14938153,-15000000,-14938153,-0.004,-0.004,-0.004,Domestic
3150,3150,51,"Nov 4, 2011",The Son of No One,15000000,30680,1148578,1117898,-14969320,-13882102,-13851422,-0.004,-0.004,-0.004,Domestic
3151,3151,52,"Oct 25, 2002",All the Queen's Men,15000000,22723,22723,0,-14977277,-15000000,-14977277,-0.004,-0.004,-0.004,Domestic
3152,3152,53,"Oct 5, 2007",The Good Night,15000000,22441,22441,0,-14977559,-15000000,-14977559,-0.004,-0.004,-0.004,Domestic
3164,3164,65,"Feb 12, 1993",Groundhog Day,14600000,70906973,70906973,0,56306973,-14600000,56306973,0.016,-0.004,0.016,Domestic
3165,3165,66,"Jul 1, 2015",Magic Mike XXL,14500000,66013057,123660597,57647540,51513057,43147540,109160597,0.015,0.012,0.032,Domestic
3166,3166,67,"Nov 1, 1996",Romeo+Juliet,14500000,46338728,147542381,101203653,31838728,86703653,133042381,0.009,0.025,0.038,Domestic
3167,3167,68,"Jul 22, 2011",Elle s'appelait Sarah,14500000,7691700,25480031,17788331,-6808300,3288331,10980031,-0.002,0.001,0.003,Domestic
3169,3169,70,"Aug 7, 1992",Unforgiven,14400000,101157447,159157447,58000000,86757447,43600000,144757447,0.025,0.013,0.042,Domestic
3170,3170,71,"Jan 27, 2006",Manderlay,14200000,74205,543306,469101,-14125795,-13730899,-13656694,-0.004,-0.004,-0.004,Domestic
3171,3171,72,"Mar 23, 1990",Pretty Woman,14000000,178406268,432645872,254239604,164406268,240239604,418645872,0.047,0.069,0.121,Domestic
3172,3172,73,"Sep 18, 1987",Fatal Attraction,14000000,156645693,320100000,163454307,142645693,149454307,306100000,0.041,0.043,0.088,Domestic
3173,3173,74,"Nov 12, 2008",Slumdog Millionaire,14000000,141330703,384530440,243199737,127330703,229199737,370530440,0.037,0.066,0.107,Domestic
3174,3174,75,"Dec 17, 1974",Towering Inferno,14000000,116000000,139700000,23700000,102000000,9700000,125700000,0.029,0.003,0.036,Domestic
3175,3175,76,"May 25, 1988",Crocodile Dundee 2,14000000,109306210,239606210,130300000,95306210,116300000,225606210,0.028,0.034,0.065,Domestic
3176,3176,77,"Dec 20, 1989",Born on the Fourth of July,14000000,70001698,70001698,0,56001698,-14000000,56001698,0.016,-0.004,0.016,Domestic
3177,3177,78,"Oct 1, 1993",Cool Runnings,14000000,68856263,155056263,86200000,54856263,72200000,141056263,0.016,0.021,0.041,Domestic
3178,3178,79,"Jan 12, 2007",Stomp the Yard,14000000,61356221,75525718,14169497,47356221,169497,61525718,0.014,0.0,0.018,Domestic
3179,3179,80,"Jan 16, 2009",My Bloody Valentine,14000000,51545952,102836002,51290050,37545952,37290050,88836002,0.011,0.011,0.026,Domestic
3180,3180,81,"Aug 31, 2012",The Possession,14000000,49130588,82925064,33794476,35130588,19794476,68925064,0.01,0.006,0.02,Domestic
3181,3181,82,"Oct 22, 1982",First Blood,14000000,47212904,125212904,78000000,33212904,64000000,111212904,0.01,0.018,0.032,Domestic
3182,3182,83,"Jul 13, 1977",The Spy Who Loved Me,14000000,46800000,185400000,138600000,32800000,124600000,171400000,0.009,0.036,0.049,Domestic
3183,3183,84,"Sep 25, 1998",Urban Legend,14000000,38116707,72571864,34455157,24116707,20455157,58571864,0.007,0.006,0.017,Domestic
3184,3184,85,"Dec 9, 1981",Taps,14000000,35856053,35856053,0,21856053,-14000000,21856053,0.006,-0.004,0.006,Domestic
3185,3185,86,"Feb 24, 2012",Tyler Perry's Good Deeds,14000000,35025791,35579177,553386,21025791,-13446614,21579177,0.006,-0.004,0.006,Domestic
3186,3186,87,"Jan 18, 1991",White Fang,14000000,34729091,34729091,0,20729091,-14000000,20729091,0.006,-0.004,0.006,Domestic
3187,3187,88,"Dec 21, 1988",Dangerous Liaisons,14000000,34700000,34700000,0,20700000,-14000000,20700000,0.006,-0.004,0.006,Domestic
3188,3188,89,"Oct 8, 1999",Superstar,14000000,30628981,30628981,0,16628981,-14000000,16628981,0.005,-0.004,0.005,Domestic
3189,3189,90,"Jan 13, 2012",The Iron Lady,14000000,29959436,115592104,85632668,15959436,71632668,101592104,0.005,0.021,0.029,Domestic
3190,3190,91,"Jul 23, 1993",Poetic Justice,14000000,27450453,27450453,0,13450453,-14000000,13450453,0.004,-0.004,0.004,Domestic
3191,3191,92,"Oct 4, 2002",Jonah: A VeggieTales Movie,14000000,25571351,25608779,37428,11571351,-13962572,11608779,0.003,-0.004,0.003,Domestic
3192,3192,93,"Mar 8, 2002",All About the Benjamins,14000000,25482931,25873145,390214,11482931,-13609786,11873145,0.003,-0.004,0.003,Domestic
3193,3193,94,"Jun 17, 1977",Exorcist II: The Heretic,14000000,25011000,25011000,0,11011000,-14000000,11011000,0.003,-0.004,0.003,Domestic
3194,3194,95,"Mar 12, 2010",Our Family Wedding,14000000,20255281,21410546,1155265,6255281,-12844735,7410546,0.002,-0.004,0.002,Domestic
3195,3195,96,"Oct 27, 1995",Vampire in Brooklyn,14000000,19637147,19637147,0,5637147,-14000000,5637147,0.002,-0.004,0.002,Domestic
3196,3196,97,"May 5, 2006",An American Haunting,14000000,16298046,30443277,14145231,2298046,145231,16443277,0.001,0.0,0.005,Domestic
3197,3197,98,"Aug 22, 2003",My Boss's Daughter,14000000,15549702,15549702,0,1549702,-14000000,1549702,0.0,-0.004,0.0,Domestic
3198,3198,99,"Aug 7, 2009",A Perfect Getaway,14000000,15515460,22815460,7300000,1515460,-6700000,8815460,0.0,-0.002,0.003,Domestic
3199,3199,100,"Oct 25, 1996",Thinner,14000000,15171475,15171475,0,1171475,-14000000,1171475,0.0,-0.004,0.0,Domestic
3200,3200,1,"Aug 21, 1998",Dead Man on Campus,14000000,15064948,15064948,0,1064948,-14000000,1064948,0.0,-0.004,0.0,Domestic
3201,3201,2,"May 14, 1999",Tea with Mussolini,14000000,14395874,14395874,0,395874,-14000000,395874,0.0,-0.004,0.0,Domestic
3202,3202,3,"Jun 22, 1977","New York, New York",14000000,13800000,13800000,0,-200000,-14000000,-200000,-0.0,-0.004,-0.0,Domestic
3203,3203,4,"Apr 26, 2002",Jason X,14000000,13121555,16951798,3830243,-878445,-10169757,2951798,-0.0,-0.003,0.001,Domestic
3204,3204,5,"May 13, 1994",Crooklyn,14000000,13024170,13024170,0,-975830,-14000000,-975830,-0.0,-0.004,-0.0,Domestic
3205,3205,6,"Mar 16, 2007",I Think I Love My Wife,14000000,12559771,13205411,645640,-1440229,-13354360,-794589,-0.0,-0.004,-0.0,Domestic
3206,3206,7,"Feb 20, 2015",Hot Tub Time Machine 2,14000000,12314651,12826644,511993,-1685349,-13488007,-1173356,-0.0,-0.004,-0.0,Domestic
3207,3207,8,"Nov 17, 2006",Bobby,14000000,11242801,20597806,9355005,-2757199,-4644995,6597806,-0.001,-0.001,0.002,Domestic
3208,3208,9,"Feb 2, 2001",Head Over Heels,14000000,10397365,10397365,0,-3602635,-14000000,-3602635,-0.001,-0.004,-0.001,Domestic
3209,3209,10,"Oct 26, 2012",Fun Size,14000000,9409538,11166615,1757077,-4590462,-12242923,-2833385,-0.001,-0.004,-0.001,Domestic
3210,3210,11,"Apr 23, 1999",Lost and Found,14000000,6552255,6552255,0,-7447745,-14000000,-7447745,-0.002,-0.004,-0.002,Domestic
3211,3211,12,"Nov 30, 2007",Le Scaphandre et le Papillon,14000000,5990075,22754472,16764397,-8009925,2764397,8754472,-0.002,0.001,0.003,Domestic
3212,3212,13,"Oct 6, 2006",Little Children,14000000,5463019,14121177,8658158,-8536981,-5341842,121177,-0.002,-0.002,0.0,Domestic
3213,3213,14,"Apr 21, 2000",Gossip,14000000,5108820,12591270,7482450,-8891180,-6517550,-1408730,-0.003,-0.002,-0.0,Domestic
3214,3214,15,"Mar 26, 1999",A Walk on the Moon,14000000,4741987,4741987,0,-9258013,-14000000,-9258013,-0.003,-0.004,-0.003,Domestic
3215,3215,16,"Oct 23, 2015",Suffragette,14000000,4702420,34044909,29342489,-9297580,15342489,20044909,-0.003,0.004,0.006,Domestic
3216,3216,17,"Oct 27, 2006",Catch a Fire,14000000,4299773,5782198,1482425,-9700227,-12517575,-8217802,-0.003,-0.004,-0.002,Domestic
3217,3217,18,"Dec 19, 2014",Mr. Turner,14000000,3958546,25187026,21228480,-10041454,7228480,11187026,-0.003,0.002,0.003,Domestic
3218,3218,19,"Sep 7, 2001",Soul Survivors,14000000,3100650,4288246,1187596,-10899350,-12812404,-9711754,-0.003,-0.004,-0.003,Domestic
3219,3219,20,"May 22, 2009",Easy Virtue,14000000,2656784,20537741,17880957,-11343216,3880957,6537741,-0.003,0.001,0.002,Domestic
3220,3220,21,"Mar 31, 1995",Jefferson in Paris,14000000,2461628,2461628,0,-11538372,-14000000,-11538372,-0.003,-0.004,-0.003,Domestic
3221,3221,22,"Aug 6, 2010",Flipped,14000000,1755212,4289993,2534781,-12244788,-11465219,-9710007,-0.004,-0.003,-0.003,Domestic
3222,3222,23,"Jan 1, 1978",Caravans,14000000,1000000,1000000,0,-13000000,-14000000,-13000000,-0.004,-0.004,-0.004,Domestic
3223,3223,24,"Jun 25, 2010",Les herbes folles,14000000,403952,1903952,1500000,-13596048,-12500000,-12096048,-0.004,-0.004,-0.003,Domestic
3224,3224,25,"Jan 24, 2003",Amen,14000000,274299,274299,0,-13725701,-14000000,-13725701,-0.004,-0.004,-0.004,Domestic
3225,3225,26,"Sep 26, 2008",The Lucky Ones,14000000,266967,266967,0,-13733033,-14000000,-13733033,-0.004,-0.004,-0.004,Domestic
3226,3226,27,"Sep 30, 2011",Margaret,14000000,47185,623292,576107,-13952815,-13423893,-13376708,-0.004,-0.004,-0.004,Domestic
3229,3229,30,"Dec 9, 2005",Brokeback Mountain,13900000,83043761,176980863,93937102,69143761,80037102,163080863,0.02,0.023,0.047,Domestic
3230,3230,31,"Jul 1, 1995",Clueless,13700000,56598476,56598476,0,42898476,-13700000,42898476,0.012,-0.004,0.012,Domestic
3232,3232,33,"Mar 30, 1990",Teenage Mutant Ninja Turtles,13500000,135265915,202000000,66734085,121765915,53234085,188500000,0.035,0.015,0.054,Domestic
3233,3233,34,"Oct 5, 1956",The Ten Commandments,13500000,85400591,85434516,33925,71900591,-13466075,71934516,0.021,-0.004,0.021,Domestic
3234,3234,35,"Nov 8, 2002",Far From Heaven,13500000,15901849,29027914,13126065,2401849,-373935,15527914,0.001,-0.0,0.004,Domestic
3235,3235,36,"Oct 12, 2012",Seven Psychopaths,13500000,15024049,33035736,18011687,1524049,4511687,19535736,0.0,0.001,0.006,Domestic
3236,3236,37,"Nov 22, 2000",Quills,13500000,7060876,11732088,4671212,-6439124,-8828788,-1767912,-0.002,-0.003,-0.001,Domestic
3237,3237,38,"Jan 29, 1982",The Border,13500000,6118683,6118683,0,-7381317,-13500000,-7381317,-0.002,-0.004,-0.002,Domestic
3238,3238,39,"Feb 18, 2005",Der Untergang,13500000,5501940,93631744,88129804,-7998060,74629804,80131744,-0.002,0.022,0.023,Domestic
3239,3239,40,"Mar 2, 2001",The Caveman's Valentine,13500000,687081,892506,205425,-12812919,-13294575,-12607494,-0.004,-0.004,-0.004,Domestic
3240,3240,41,"Apr 1, 2011",The Last Godfather,13400000,164247,164247,0,-13235753,-13400000,-13235753,-0.004,-0.004,-0.004,Domestic
3241,3241,42,"Apr 4, 2014",Under the Skin,13300000,2614251,7229933,4615682,-10685749,-8684318,-6070067,-0.003,-0.003,-0.002,Domestic
3242,3242,43,"Dec 17, 2004",Mar adentro,13300000,2086345,39686345,37600000,-11213655,24300000,26386345,-0.003,0.007,0.008,Domestic
3243,3243,44,"Sep 12, 2014",No Good Deed,13200000,52543632,54323210,1779578,39343632,-11420422,41123210,0.011,-0.003,0.012,Domestic
3244,3244,45,"Dec 23, 1987",Good Morning Vietnam,13000000,123922370,123922370,0,110922370,-13000000,110922370,0.032,-0.004,0.032,Domestic
3245,3245,46,"Dec 3, 2010",Black Swan,13000000,106954678,331266710,224312032,93954678,211312032,318266710,0.027,0.061,0.092,Domestic
3246,3246,47,"Jan 12, 2001",Save the Last Dance,13000000,91038276,122244329,31206053,78038276,18206053,109244329,0.023,0.005,0.032,Domestic
3247,3247,48,"Feb 11, 2011",Justin Bieber: Never Say Never,13000000,73013910,99034125,26020215,60013910,13020215,86034125,0.017,0.004,0.025,Domestic
3248,3248,49,"Jul 4, 2018",The First Purge,13000000,69488745,136617305,67128560,56488745,54128560,123617305,0.016,0.016,0.036,Domestic
3249,3249,50,"Mar 16, 2016",Miracles from Heaven,13000000,61705123,73798736,12093613,48705123,-906387,60798736,0.014,-0.0,0.018,Domestic
3250,3250,51,"Feb 11, 2000",Snow Day,13000000,60008303,62452927,2444624,47008303,-10555376,49452927,0.014,-0.003,0.014,Domestic
3251,3251,52,"Jan 23, 2004",The Butterfly Effect,13000000,57924679,95638592,37713913,44924679,24713913,82638592,0.013,0.007,0.024,Domestic
3252,3252,53,"Dec 11, 1974",The Godfather: Part II,13000000,57300000,57300000,0,44300000,-13000000,44300000,0.013,-0.004,0.013,Domestic
3253,3253,54,"Jun 24, 2016",The Shallows,13000000,55121623,118763442,63641819,42121623,50641819,105763442,0.012,0.015,0.031,Domestic
3254,3254,55,"Jul 17, 1987",RoboCop,13000000,53424681,53424681,0,40424681,-13000000,40424681,0.012,-0.004,0.012,Domestic
3255,3255,56,"Aug 19, 1988",A Nightmare on Elm Street 4: The Dream Master,13000000,49369899,49369899,0,36369899,-13000000,36369899,0.011,-0.004,0.011,Domestic
3256,3256,57,"Nov 21, 2007",This Christmas,13000000,49121934,49733545,611611,36121934,-12388389,36733545,0.01,-0.004,0.011,Domestic
3257,3257,58,"Feb 14, 2014",About Last Night,13000000,48637684,50445860,1808176,35637684,-11191824,37445860,0.01,-0.003,0.011,Domestic
3258,3258,59,"Dec 15, 2000","Dude, Where's My Car?",13000000,46729374,73180297,26450923,33729374,13450923,60180297,0.01,0.004,0.017,Domestic
3259,3259,60,"Aug 12, 1988",Young Guns,13000000,44726644,44726644,0,31726644,-13000000,31726644,0.009,-0.004,0.009,Domestic
3260,3260,61,"Oct 10, 2014",St. Vincent,13000000,44137712,54837234,10699522,31137712,-2300478,41837234,0.009,-0.001,0.012,Domestic
3261,3261,62,"Jul 2, 2014",Earth to Echo,13000000,38934842,42174545,3239703,25934842,-9760297,29174545,0.007,-0.003,0.008,Domestic
3262,3262,63,"Mar 31, 1999",10 Things I Hate About You,13000000,38177966,60413950,22235984,25177966,9235984,47413950,0.007,0.003,0.014,Domestic
3263,3263,64,"May 10, 2002",The New Guy,13000000,28972187,28972187,0,15972187,-13000000,15972187,0.005,-0.004,0.005,Domestic
3264,3264,65,"Feb 5, 1993",Loaded Weapon 1,13000000,27979399,27979399,0,14979399,-13000000,14979399,0.004,-0.004,0.004,Domestic
3265,3265,66,"Mar 12, 1999",Baby Geniuses,13000000,27151490,27151490,0,14151490,-13000000,14151490,0.004,-0.004,0.004,Domestic
3266,3266,67,"Apr 24, 1998",The Big Hit,13000000,27066941,27066941,0,14066941,-13000000,14066941,0.004,-0.004,0.004,Domestic
3267,3267,68,"Nov 9, 1990",Child's Play 2,13000000,26904572,34166572,7262000,13904572,-5738000,21166572,0.004,-0.002,0.006,Domestic
3268,3268,69,"Jul 10, 1996",Harriet the Spy,13000000,26570048,26570048,0,13570048,-13000000,13570048,0.004,-0.004,0.004,Domestic
3269,3269,70,"Mar 1, 2013",21 and Over,13000000,25682380,42195766,16513386,12682380,3513386,29195766,0.004,0.001,0.008,Domestic
3270,3270,71,"Nov 21, 2007",The Mist,13000000,25593755,57189408,31595653,12593755,18595653,44189408,0.004,0.005,0.013,Domestic
3271,3271,72,"Apr 10, 2015",Ex Machina,13000000,25440971,38358392,12917421,12440971,-82579,25358392,0.004,-0.0,0.007,Domestic
3272,3272,73,"Oct 29, 1999",Being John Malkovich,13000000,22858926,32382381,9523455,9858926,-3476545,19382381,0.003,-0.001,0.006,Domestic
3273,3273,74,"Sep 7, 2001",Two Can Play That Game,13000000,22235901,22391450,155549,9235901,-12844451,9391450,0.003,-0.004,0.003,Domestic
3274,3274,75,"Mar 11, 2016",Eye in the Sky,13000000,18704596,35402802,16698206,5704596,3698206,22402802,0.002,0.001,0.006,Domestic
3275,3275,76,"Mar 22, 2013",Admission,13000000,18007317,18733666,726349,5007317,-12273651,5733666,0.001,-0.004,0.002,Domestic
3276,3276,77,"Sep 21, 2012",The Perks of Being a Wallflower,13000000,17742948,33069303,15326355,4742948,2326355,20069303,0.001,0.001,0.006,Domestic
3277,3277,78,"Jun 29, 2001",crazy/beautiful,13000000,16929123,19929123,3000000,3929123,-10000000,6929123,0.001,-0.003,0.002,Domestic
3278,3278,79,"Aug 28, 1998",54,13000000,16757163,16757163,0,3757163,-13000000,3757163,0.001,-0.004,0.001,Domestic
3279,3279,80,"Oct 16, 2015",Room,13000000,14677674,36262783,21585109,1677674,8585109,23262783,0.0,0.002,0.007,Domestic
3280,3280,81,"Oct 16, 2015",Woodlawn,13000000,14394097,14403703,9606,1394097,-12990394,1403703,0.0,-0.004,0.0,Domestic
3281,3281,82,"Dec 20, 2006",Letters from Iwo Jima,13000000,13756082,67867998,54111916,756082,41111916,54867998,0.0,0.012,0.016,Domestic
3282,3282,83,"May 29, 2009",MÃ¤n som hatar kvinnor,13000000,12749992,109421911,96671919,-250008,83671919,96421911,-0.0,0.024,0.028,Domestic
3283,3283,84,"Feb 23, 2007",The Astronaut Farmer,13000000,11003643,11141213,137570,-1996357,-12862430,-1858787,-0.001,-0.004,-0.001,Domestic
3284,3284,85,"Jun 12, 1998",Dirty Work,13000000,10020081,10020081,0,-2979919,-13000000,-2979919,-0.001,-0.004,-0.001,Domestic
3285,3285,86,"Jul 17, 2015",Bajrangi Bhaijaan,13000000,8178001,121778347,113600346,-4821999,100600346,108778347,-0.001,0.029,0.031,Domestic
3286,3286,87,"May 8, 1998",Woo,13000000,8064972,8064972,0,-4935028,-13000000,-4935028,-0.001,-0.004,-0.001,Domestic
3287,3287,88,"Sep 9, 2016",Robinson Crusoe,13000000,8005586,42446455,34440869,-4994414,21440869,29446455,-0.001,0.006,0.009,Domestic
3288,3288,89,"Apr 13, 1994",Serial Mom,13000000,7881335,7881335,0,-5118665,-13000000,-5118665,-0.001,-0.004,-0.001,Domestic
3289,3289,90,"Aug 4, 1999",Dick,13000000,6276869,6276869,0,-6723131,-13000000,-6723131,-0.002,-0.004,-0.002,Domestic
3290,3290,91,"Nov 10, 1999",Light It Up,13000000,5871603,5871603,0,-7128397,-13000000,-7128397,-0.002,-0.004,-0.002,Domestic
3291,3291,92,"Aug 24, 2001",Bubble Boy,13000000,5002310,5002310,0,-7997690,-13000000,-7997690,-0.002,-0.004,-0.002,Domestic
3292,3292,93,"Feb 1, 2002",Birthday Girl,13000000,4919896,8130727,3210831,-8080104,-9789169,-4869273,-0.002,-0.003,-0.001,Domestic
3293,3293,94,"May 4, 2007","Paris, je t'aime",13000000,4857374,5175088,317714,-8142626,-12682286,-7824912,-0.002,-0.004,-0.002,Domestic
3294,3294,95,"Dec 7, 2018",Ben is Back,13000000,3703182,9633111,5929929,-9296818,-7070071,-3366889,-0.003,-0.002,-0.001,Domestic
3295,3295,96,"Aug 24, 2007",Resurrecting the Champ,13000000,3172382,3260555,88173,-9827618,-12911827,-9739445,-0.003,-0.004,-0.003,Domestic
3296,3296,97,"Mar 26, 2010",Chloe,13000000,3075255,11831131,8755876,-9924745,-4244124,-1168869,-0.003,-0.001,-0.0,Domestic
3297,3297,98,"Mar 2, 2001",The Widow of St. Pierre,13000000,3058380,3058380,0,-9941620,-13000000,-9941620,-0.003,-0.004,-0.003,Domestic
3298,3298,99,"Dec 4, 2015",Youth,13000000,2703296,24001573,21298277,-10296704,8298277,11001573,-0.003,0.002,0.003,Domestic
3299,3299,100,"Apr 5, 1996",Faithful,13000000,2104439,2104439,0,-10895561,-13000000,-10895561,-0.003,-0.004,-0.003,Domestic
3300,3300,1,"Feb 26, 2010",Un ProphÃ¨te,13000000,2087720,19910624,17822904,-10912280,4822904,6910624,-0.003,0.001,0.002,Domestic
3301,3301,2,"Dec 3, 2010","I Love You, Phillip Morris",13000000,2037459,23014027,20976568,-10962541,7976568,10014027,-0.003,0.002,0.003,Domestic
3302,3302,3,"Jul 24, 2015",The Vatican Tapes,13000000,1784763,14929184,13144421,-11215237,144421,1929184,-0.003,0.0,0.001,Domestic
3303,3303,4,"Mar 17, 2006",Find Me Guilty,13000000,1173673,2898225,1724552,-11826327,-11275448,-10101775,-0.003,-0.003,-0.003,Domestic
3304,3304,5,"May 14, 1993",Excessive Force,13000000,1152117,1152117,0,-11847883,-13000000,-11847883,-0.003,-0.004,-0.003,Domestic
3305,3305,6,"Oct 13, 2006",Infamous,13000000,1151330,2613717,1462387,-11848670,-11537613,-10386283,-0.003,-0.003,-0.003,Domestic
3306,3306,7,"Jul 29, 2011",Attack the Block,13000000,1024175,6459183,5435008,-11975825,-7564992,-6540817,-0.003,-0.002,-0.002,Domestic
3307,3307,8,"Aug 14, 2015",Brothers,13000000,656688,17856688,17200000,-12343312,4200000,4856688,-0.004,0.001,0.001,Domestic
3308,3308,9,"Dec 29, 2000",The Claim,13000000,622023,1375635,753612,-12377977,-12246388,-11624365,-0.004,-0.004,-0.003,Domestic
3309,3309,10,"Dec 23, 2011",In The Land of Blood and Honey,13000000,303877,509193,205316,-12696123,-12794684,-12490807,-0.004,-0.004,-0.004,Domestic
3310,3310,11,"Jun 18, 2010",The Killer Inside Me,13000000,217277,3617277,3400000,-12782723,-9600000,-9382723,-0.004,-0.003,-0.003,Domestic
3313,3313,14,"Mar 15, 2013",The Call,12800000,51872378,69821476,17949098,39072378,5149098,57021476,0.011,0.001,0.016,Domestic
3314,3314,15,"Aug 5, 2016",Operation Chromite,12700000,1022720,49196532,48173812,-11677280,35473812,36496532,-0.003,0.01,0.011,Domestic
3315,3315,16,"Sep 12, 2014",The Drop,12600000,10724389,19054534,8330145,-1875611,-4269855,6454534,-0.001,-0.001,0.002,Domestic
3316,3316,17,"Jul 12, 2002",The Crocodile Hunter: Collision Course,12500000,28436931,33436931,5000000,15936931,-7500000,20936931,0.005,-0.002,0.006,Domestic
3317,3317,18,"Sep 3, 2010",Machete,12500000,26593646,46370970,19777324,14093646,7277324,33870970,0.004,0.002,0.01,Domestic
3318,3318,19,"Dec 19, 2002",Antwone Fisher,12500000,21078145,23367586,2289441,8578145,-10210559,10867586,0.002,-0.003,0.003,Domestic
3319,3319,20,"Feb 12, 1982",La Guerre du feu,12500000,20959585,20959585,0,8459585,-12500000,8459585,0.002,-0.004,0.002,Domestic
3320,3320,21,"Nov 22, 2002",The Emperor's Club,12500000,14060950,16193713,2132763,1560950,-10367237,3693713,0.0,-0.003,0.001,Domestic
3321,3321,22,"Sep 10, 1993",True Romance,12500000,12281000,12309980,28980,-219000,-12471020,-190020,-0.0,-0.004,-0.0,Domestic
3322,3322,23,"Sep 11, 2009",Sorority Row,12500000,11965282,26735797,14770515,-534718,2270515,14235797,-0.0,0.001,0.004,Domestic
3323,3323,24,"Sep 30, 1992",Glengarry Glen Ross,12500000,10725228,10725228,0,-1774772,-12500000,-1774772,-0.001,-0.004,-0.001,Domestic
3324,3324,25,"Nov 7, 2008",The Boy in the Striped Pyjamas,12500000,9046156,44083403,35037247,-3453844,22537247,31583403,-0.001,0.007,0.009,Domestic
3325,3325,26,"Apr 2, 1982",Cat People,12500000,7000000,21000000,14000000,-5500000,1500000,8500000,-0.002,0.0,0.002,Domestic
3326,3326,27,"May 25, 1979",The Prisoner of Zenda,12500000,7000000,7000000,0,-5500000,-12500000,-5500000,-0.002,-0.004,-0.002,Domestic
3327,3327,28,"Oct 15, 2010",Conviction,12500000,6797696,11826980,5029284,-5702304,-7470716,-673020,-0.002,-0.002,-0.0,Domestic
3328,3328,29,"Oct 12, 2007",Lars and the Real Girl,12500000,5956480,11277119,5320639,-6543520,-7179361,-1222881,-0.002,-0.002,-0.0,Domestic
3329,3329,30,"May 21, 2010",Solitary Man,12500000,4360548,4360548,0,-8139452,-12500000,-8139452,-0.002,-0.004,-0.002,Domestic
3330,3330,31,"Sep 22, 2000",Dancer in the Dark,12500000,4157491,45557491,41400000,-8342509,28900000,33057491,-0.002,0.008,0.01,Domestic
3331,3331,32,"Dec 17, 2010",Casino Jack,12500000,2039869,2272186,232317,-10460131,-12267683,-10227814,-0.003,-0.004,-0.003,Domestic
3332,3332,33,"Dec 31, 1997",Oscar and Lucinda,12500000,1612957,1612957,0,-10887043,-12500000,-10887043,-0.003,-0.004,-0.003,Domestic
3333,3333,34,"Nov 1, 1996",The Funeral,12500000,1212799,1412799,200000,-11287201,-12300000,-11087201,-0.003,-0.004,-0.003,Domestic
3334,3334,35,"Sep 3, 2004",Tae Guik Gi: The Brotherhood of War,12500000,1110186,69826708,68716522,-11389814,56216522,57326708,-0.003,0.016,0.017,Domestic
3335,3335,36,"Apr 16, 2010",The Perfect Game,12500000,1089445,3931367,2841922,-11410555,-9658078,-8568633,-0.003,-0.003,-0.002,Domestic
3336,3336,37,"Oct 5, 2012",The Paperboy,12500000,677200,4027663,3350463,-11822800,-9149537,-8472337,-0.003,-0.003,-0.002,Domestic
3337,3337,38,"Mar 1, 2013",Ernest et Celestine,12500000,292562,9376444,9083882,-12207438,-3416118,-3123556,-0.004,-0.001,-0.001,Domestic
3338,3338,39,"May 4, 2012",A Little Bit of Heaven,12500000,10011,1100287,1090276,-12489989,-11409724,-11399713,-0.004,-0.003,-0.003,Domestic
3339,3339,40,"Nov 18, 1988",The Land Before Time,12300000,48092846,81972846,33880000,35792846,21580000,69672846,0.01,0.006,0.02,Domestic
3340,3340,41,"Jun 20, 1975",Jaws,12000000,260000000,470700000,210700000,248000000,198700000,458700000,0.072,0.057,0.132,Domestic
3341,3341,42,"Dec 26, 1973",The Exorcist,12000000,230347346,428214478,197867132,218347346,185867132,416214478,0.063,0.054,0.12,Domestic
3342,3342,43,"Jun 6, 2014",The Fault in Our Stars,12000000,124872350,307166834,182294484,112872350,170294484,295166834,0.033,0.049,0.085,Domestic
3343,3343,44,"Jul 9, 1999",American Pie,12000000,101800948,234723148,132922200,89800948,120922200,222723148,0.026,0.035,0.064,Domestic
3344,3344,45,"Apr 20, 2012",Think Like a Man,12000000,91547205,113373764,21826559,79547205,9826559,101373764,0.023,0.003,0.029,Domestic
3345,3345,46,"Apr 16, 2014",Heaven is for Real,12000000,91386097,100916299,9530202,79386097,-2469798,88916299,0.023,-0.001,0.026,Domestic
3346,3346,47,"Dec 12, 1986",The Golden Child,12000000,79817937,79817937,0,67817937,-12000000,67817937,0.02,-0.003,0.02,Domestic
3347,3347,48,"Jun 4, 1982",Star Trek II: The Wrath of Khan,12000000,78912963,95800000,16887037,66912963,4887037,83800000,0.019,0.001,0.024,Domestic
3348,3348,49,"Sep 13, 2002",Barbershop,12000000,75781642,77063461,1281819,63781642,-10718181,65063461,0.018,-0.003,0.019,Domestic
3349,3349,50,"Jun 3, 1983",WarGames,12000000,74433837,74433837,0,62433837,-12000000,62433837,0.018,-0.003,0.018,Domestic
3350,3350,51,"Feb 4, 1994",Ace Ventura: Pet Detective,12000000,72217396,107217396,35000000,60217396,23000000,95217396,0.017,0.007,0.027,Domestic
3351,3351,52,"Feb 24, 2012",Act of Valor,12000000,70012847,82497035,12484188,58012847,484188,70497035,0.017,0.0,0.02,Domestic
3352,3352,53,"Feb 8, 1985",Witness,12000000,65532576,65532576,0,53532576,-12000000,53532576,0.015,-0.003,0.015,Domestic
3353,3353,54,"Aug 11, 2006",Step Up,12000000,65328121,110989157,45661036,53328121,33661036,98989157,0.015,0.01,0.029,Domestic
3354,3354,55,"Feb 3, 2012",Chronicle,12000000,64575175,123681790,59106615,52575175,47106615,111681790,0.015,0.014,0.032,Domestic
3355,3355,56,"Dec 20, 1996",Beavis and Butt-Head Do America,12000000,63118386,63118386,0,51118386,-12000000,51118386,0.015,-0.003,0.015,Domestic
3356,3356,57,"Jan 1, 1970",Patton,12000000,62500000,62500000,0,50500000,-12000000,50500000,0.015,-0.003,0.015,Domestic
3357,3357,58,"Mar 2, 2012",Project X,12000000,54731865,103028188,48296323,42731865,36296323,91028188,0.012,0.01,0.026,Domestic
3358,3358,59,"Nov 10, 2017","Three Billboards Outside Ebbing, Missouri",12000000,54513740,160191915,105678175,42513740,93678175,148191915,0.012,0.027,0.043,Domestic
3359,3359,60,"Nov 25, 2016",Lion,12000000,51739495,149570720,97831225,39739495,85831225,137570720,0.011,0.025,0.04,Domestic
3360,3360,61,"May 4, 2018",Overboard,12000000,50316123,85369830,35053707,38316123,23053707,73369830,0.011,0.007,0.021,Domestic
3361,3361,62,"Dec 25, 1997",Jackie Brown,12000000,39673162,74727492,35054330,27673162,23054330,62727492,0.008,0.007,0.018,Domestic
3362,3362,63,"Nov 18, 1983",Yentl,12000000,39012241,39012241,0,27012241,-12000000,27012241,0.008,-0.003,0.008,Domestic
3363,3363,64,"Apr 25, 2008",Harold & Kumar Escape from Guantanamo Bay,12000000,38108728,43353117,5244389,26108728,-6755611,31353117,0.008,-0.002,0.009,Domestic
3364,3364,65,"Nov 22, 2013",Philomena,12000000,37709979,98963392,61253413,25709979,49253413,86963392,0.007,0.014,0.025,Domestic
3365,3365,66,"Nov 6, 1981",Time Bandits,12000000,37400000,37400000,0,25400000,-12000000,25400000,0.007,-0.003,0.007,Domestic
3366,3366,67,"Feb 15, 2002",Crossroads,12000000,37188667,57000000,19811333,25188667,7811333,45000000,0.007,0.002,0.013,Domestic
3367,3367,68,"Jul 24, 2015",Paper Towns,12000000,32000304,85450484,53450180,20000304,41450180,73450484,0.006,0.012,0.021,Domestic
3368,3368,69,"Oct 10, 2008",Quarantine,12000000,31691811,41924774,10232963,19691811,-1767037,29924774,0.006,-0.001,0.009,Domestic
3369,3369,70,"Aug 21, 2002",One Hour Photo,12000000,31597131,52223306,20626175,19597131,8626175,40223306,0.006,0.002,0.012,Domestic
3370,3370,71,"Feb 1, 2008",The Eye,12000000,31418697,57577765,26159068,19418697,14159068,45577765,0.006,0.004,0.013,Domestic
3371,3371,72,"Apr 7, 2004",Johnson Family Vacation,12000000,31203964,31286759,82795,19203964,-11917205,19286759,0.006,-0.003,0.006,Domestic
3372,3372,73,"Dec 21, 2001",How High,12000000,31155435,31222395,66960,19155435,-11933040,19222395,0.006,-0.003,0.006,Domestic
3373,3373,74,"Oct 7, 1960",Spartacus,12000000,30000000,60000000,30000000,18000000,18000000,48000000,0.005,0.005,0.014,Domestic
3374,3374,75,"Sep 1, 2006",Crank,12000000,27838408,43924923,16086515,15838408,4086515,31924923,0.005,0.001,0.009,Domestic
3375,3375,76,"Dec 11, 1992",The Muppet Christmas Carol,12000000,27281507,27492918,211411,15281507,-11788589,15492918,0.004,-0.003,0.004,Domestic
3376,3376,77,"Aug 12, 2016",Hell or High Water,12000000,27007844,37584304,10576460,15007844,-1423540,25584304,0.004,-0.0,0.007,Domestic
3377,3377,78,"Oct 25, 2002",Frida,12000000,25885000,56131239,30246239,13885000,18246239,44131239,0.004,0.005,0.013,Domestic
3378,3378,79,"Jul 5, 2012",Katy Perry: Part of Me,12000000,25326071,32700439,7374368,13326071,-4625632,20700439,0.004,-0.001,0.006,Domestic
3379,3379,80,"Dec 12, 2014",Top Five,12000000,25317379,26001741,684362,13317379,-11315638,14001741,0.004,-0.003,0.004,Domestic
3380,3380,81,"Sep 11, 1998",Rounders,12000000,22921898,22921898,0,10921898,-12000000,10921898,0.003,-0.003,0.003,Domestic
3381,3381,82,"Apr 28, 1967",Casino Royale,12000000,22744718,41744718,19000000,10744718,7000000,29744718,0.003,0.002,0.009,Domestic
3382,3382,83,"Jun 15, 1979",Prophecy,12000000,22673340,22673340,0,10673340,-12000000,10673340,0.003,-0.003,0.003,Domestic
3383,3383,84,"Jan 30, 2015",Project Almanac,12000000,22348241,32909437,10561196,10348241,-1438804,20909437,0.003,-0.0,0.006,Domestic
3384,3384,85,"May 14, 2010",Just Wright,12000000,21540363,21867665,327302,9540363,-11672698,9867665,0.003,-0.003,0.003,Domestic
3385,3385,86,"Sep 10, 1999",Stir of Echoes,12000000,21133087,21133087,0,9133087,-12000000,9133087,0.003,-0.003,0.003,Domestic
3386,3386,87,"Jan 13, 1995",Tales from the Crypt: Demon Knight,12000000,21089146,21089146,0,9089146,-12000000,9089146,0.003,-0.003,0.003,Domestic
3387,3387,88,"Jan 1, 1978",The Boys from Brazil,12000000,19000000,19000000,0,7000000,-12000000,7000000,0.002,-0.003,0.002,Domestic
3388,3388,89,"Mar 11, 2005",The Upside of Anger,12000000,18761993,28915761,10153768,6761993,-1846232,16915761,0.002,-0.001,0.005,Domestic
3389,3389,90,"Mar 3, 2006",Aquamarine,12000000,18597342,22978953,4381611,6597342,-7618389,10978953,0.002,-0.002,0.003,Domestic
3390,3390,91,"Nov 15, 2013",Nebraska,12000000,17654912,24761360,7106448,5654912,-4893552,12761360,0.002,-0.001,0.004,Domestic
3391,3391,92,"Jan 9, 2004",My Baby's Daddy,12000000,17321573,17322212,639,5321573,-11999361,5322212,0.002,-0.003,0.002,Domestic
3392,3392,93,"Oct 5, 2001",Max Keeble's Big Move,12000000,17292381,17292381,0,5292381,-12000000,5292381,0.002,-0.003,0.002,Domestic
3393,3393,94,"Dec 9, 2011",Young Adult,12000000,16311571,22750356,6438785,4311571,-5561215,10750356,0.001,-0.002,0.003,Domestic
3394,3394,95,"Nov 1, 2013",About Time,12000000,15323921,89309178,73985257,3323921,61985257,77309178,0.001,0.018,0.022,Domestic
3395,3395,96,"Dec 14, 2018",If Beale Street Could Talk,12000000,14915773,19859167,4943394,2915773,-7056606,7859167,0.001,-0.002,0.002,Domestic
3396,3396,97,"Jul 14, 2017",Wish Upon,12000000,14301505,23477345,9175840,2301505,-2824160,11477345,0.001,-0.001,0.003,Domestic
3397,3397,98,"Aug 6, 1997",Def Jam's How To Be a Player,12000000,14010363,14010363,0,2010363,-12000000,2010363,0.001,-0.003,0.001,Domestic
3398,3398,99,"Oct 30, 1998",Living Out Loud,12000000,12905901,12905901,0,905901,-12000000,905901,0.0,-0.003,0.0,Domestic
3399,3399,100,"Oct 3, 2008",Rachel Getting Married,12000000,12796861,17475475,4678614,796861,-7321386,5475475,0.0,-0.002,0.002,Domestic
3400,3400,1,"Mar 20, 1981",The Postman Always Rings Twice,12000000,12200000,44200000,32000000,200000,20000000,32200000,0.0,0.006,0.009,Domestic
3401,3401,2,"Dec 12, 2003",Girl with a Pearl Earring,12000000,11634362,43274797,31640435,-365638,19640435,31274797,-0.0,0.006,0.009,Domestic
3402,3402,3,"Feb 10, 1982",Das Boot,12000000,11487676,84970337,73482661,-512324,61482661,72970337,-0.0,0.018,0.021,Domestic
3403,3403,4,"Apr 21, 2017",Unforgettable,12000000,11368012,16221211,4853199,-631988,-7146801,4221211,-0.0,-0.002,0.001,Domestic
3404,3404,5,"Dec 3, 2004",House of Flying Daggers,12000000,11050094,92863945,81813851,-949906,69813851,80863945,-0.0,0.02,0.023,Domestic
3405,3405,6,"Mar 22, 2002",Sorority Boys,12000000,10198766,12516222,2317456,-1801234,-9682544,516222,-0.001,-0.003,0.0,Domestic
3406,3406,7,"Oct 13, 2017",Marshall,12000000,10051659,10116816,65157,-1948341,-11934843,-1883184,-0.001,-0.003,-0.001,Domestic
3407,3407,8,"Dec 5, 2008",Cadillac Records,12000000,8195551,8942516,746965,-3804449,-11253035,-3057484,-0.001,-0.003,-0.001,Domestic
3408,3408,9,"Sep 14, 2012",Arbitrage,12000000,7919574,35830713,27911139,-4080426,15911139,23830713,-0.001,0.005,0.007,Domestic
3409,3409,10,"Oct 24, 1960",The Alamo,12000000,7900000,7900000,0,-4100000,-12000000,-4100000,-0.001,-0.003,-0.001,Domestic
3410,3410,11,"May 12, 2000",Screwed,12000000,6982680,6982680,0,-5017320,-12000000,-5017320,-0.001,-0.003,-0.001,Domestic
3411,3411,12,"Oct 20, 2006",Running With Scissors,12000000,6860000,8706701,1846701,-5140000,-10153299,-3293299,-0.001,-0.003,-0.001,Domestic
3412,3412,13,"Sep 3, 1993",Fortress,12000000,6730578,46730578,40000000,-5269422,28000000,34730578,-0.002,0.008,0.01,Domestic
3413,3413,14,"Jun 1, 2012",For Greater Glory: The True Story of Cristiada,12000000,5669081,10026255,4357174,-6330919,-7642826,-1973745,-0.002,-0.002,-0.001,Domestic
3414,3414,15,"Nov 17, 2006",For Your Consideration,12000000,5549923,5549923,0,-6450077,-12000000,-6450077,-0.002,-0.003,-0.002,Domestic
3415,3415,16,"Nov 20, 1998",Celebrity,12000000,5078660,6200000,1121340,-6921340,-10878660,-5800000,-0.002,-0.003,-0.002,Domestic
3416,3416,17,"Jun 20, 2003",From Justin to Kelly,12000000,4922166,4922166,0,-7077834,-12000000,-7077834,-0.002,-0.003,-0.002,Domestic
3417,3417,18,"Jun 6, 1986",Invaders from Mars,12000000,4884663,4984663,100000,-7115337,-11900000,-7015337,-0.002,-0.003,-0.002,Domestic
3418,3418,19,"Mar 22, 1996",Girl 6,12000000,4880941,4880941,0,-7119059,-12000000,-7119059,-0.002,-0.003,-0.002,Domestic
3419,3419,20,"Oct 22, 2003",In the Cut,12000000,4717455,23693646,18976191,-7282545,6976191,11693646,-0.002,0.002,0.003,Domestic
3420,3420,21,"Feb 22, 2008",Charlie Bartlett,12000000,3950294,5295909,1345615,-8049706,-10654385,-6704091,-0.002,-0.003,-0.002,Domestic
3421,3421,22,"Feb 13, 2009",Two Lovers,12000000,3149034,16349034,13200000,-8850966,1200000,4349034,-0.003,0.0,0.001,Domestic
3422,3422,23,"Nov 15, 2013",La grande bellezza,12000000,2883879,29549145,26665266,-9116121,14665266,17549145,-0.003,0.004,0.005,Domestic
3423,3423,24,"Feb 15, 2002",Last Orders,12000000,2326407,2326407,0,-9673593,-12000000,-9673593,-0.003,-0.003,-0.003,Domestic
3424,3424,25,"Mar 9, 2007",Gwoemul,12000000,2201923,92618117,90416194,-9798077,78416194,80618117,-0.003,0.023,0.023,Domestic
3425,3425,26,"Nov 13, 1981",The Pursuit of D.B. Cooper,12000000,2104164,2104164,0,-9895836,-12000000,-9895836,-0.003,-0.003,-0.003,Domestic
3426,3426,27,"Mar 19, 1999",Ravenous,12000000,2062406,2062406,0,-9937594,-12000000,-9937594,-0.003,-0.003,-0.003,Domestic
3427,3427,28,"Jun 14, 2002",The Dangerous Lives of Altar Boys,12000000,1779284,1779284,0,-10220716,-12000000,-10220716,-0.003,-0.003,-0.003,Domestic
3428,3428,29,"Mar 1, 2013",Stoker,12000000,1703125,12034913,10331788,-10296875,-1668212,34913,-0.003,-0.0,0.0,Domestic
3429,3429,30,"Mar 7, 2008",Married Life,12000000,1506998,2975188,1468190,-10493002,-10531810,-9024812,-0.003,-0.003,-0.003,Domestic
3430,3430,31,"Aug 5, 2005",2046,12000000,1442338,19287485,17845147,-10557662,5845147,7287485,-0.003,0.002,0.002,Domestic
3431,3431,32,"Mar 11, 2011",Kill the Irishman,12000000,1188194,1188194,0,-10811806,-12000000,-10811806,-0.003,-0.003,-0.003,Domestic
3432,3432,33,"Sep 30, 2005",Duma,12000000,870067,994790,124723,-11129933,-11875277,-11005210,-0.003,-0.003,-0.003,Domestic
3433,3433,34,"Apr 20, 2012",Darling Companion,12000000,793352,1200346,406994,-11206648,-11593006,-10799654,-0.003,-0.003,-0.003,Domestic
3434,3434,35,"Jun 4, 2010",Ondine,12000000,550472,557545,7073,-11449528,-11992927,-11442455,-0.003,-0.003,-0.003,Domestic
3435,3435,36,"Jul 20, 2001",Brother,12000000,450594,450594,0,-11549406,-12000000,-11549406,-0.003,-0.003,-0.003,Domestic
3436,3436,37,"Oct 4, 2002",Welcome to Collinwood,12000000,378650,4606284,4227634,-11621350,-7772366,-7393716,-0.003,-0.002,-0.002,Domestic
3437,3437,38,"Apr 18, 2008",Life Before Her Eyes,12000000,303439,7203439,6900000,-11696561,-5100000,-4796561,-0.003,-0.001,-0.001,Domestic
3438,3438,39,"Oct 31, 1997",Critical Care,12000000,220175,220175,0,-11779825,-12000000,-11779825,-0.003,-0.003,-0.003,Domestic
3439,3439,40,"Sep 28, 2007",Trade,12000000,214202,1513388,1299186,-11785798,-10700814,-10486612,-0.003,-0.003,-0.003,Domestic
3440,3440,41,"Jan 6, 2006",Fateless,12000000,196857,196857,0,-11803143,-12000000,-11803143,-0.003,-0.003,-0.003,Domestic
3441,3441,42,"Sep 3, 2010",San qiang pai an jing qi,12000000,190946,310946,120000,-11809054,-11880000,-11689054,-0.003,-0.003,-0.003,Domestic
3442,3442,43,"Sep 17, 1999",Breakfast of Champions,12000000,178287,178287,0,-11821713,-12000000,-11821713,-0.003,-0.003,-0.003,Domestic
3443,3443,44,"Mar 9, 2001",Company Man,12000000,146028,622273,476245,-11853972,-11523755,-11377727,-0.003,-0.003,-0.003,Domestic
3444,3444,45,"Nov 7, 2009",Nanjing! Nanjing!,12000000,122558,20122558,20000000,-11877442,8000000,8122558,-0.003,0.002,0.002,Domestic
3445,3445,46,"Oct 9, 2015",Trash,12000000,17484,6553186,6535702,-11982516,-5464298,-5446814,-0.003,-0.002,-0.002,Domestic
3446,3446,47,"Aug 19, 2011",5 Days of War,12000000,17479,87793,70314,-11982521,-11929686,-11912207,-0.003,-0.003,-0.003,Domestic
3447,3447,48,"Nov 11, 2015",10 Days in a Madhouse,12000000,14616,14616,0,-11985384,-12000000,-11985384,-0.003,-0.003,-0.003,Domestic
3456,3456,57,"Sep 23, 2016",The Dressmaker,11900000,2022115,24041617,22019502,-9877885,10119502,12141617,-0.003,0.003,0.004,Domestic
3457,3457,58,"Dec 10, 1999",Diamonds,11900000,81897,81897,0,-11818103,-11900000,-11818103,-0.003,-0.003,-0.003,Domestic
3458,3458,59,"Mar 20, 1998",Madadayo,11900000,48856,48856,0,-11851144,-11900000,-11851144,-0.003,-0.003,-0.003,Domestic
3459,3459,60,"Nov 20, 2015",Carol,11800000,12711491,42843521,30132030,911491,18332030,31043521,0.0,0.005,0.009,Domestic
3460,3460,61,"Apr 21, 1989",Pet Sematary,11500000,57469179,57469179,0,45969179,-11500000,45969179,0.013,-0.003,0.013,Domestic
3461,3461,62,"Jan 22, 2016",Dirty Grandpa,11500000,35593113,105078449,69485336,24093113,57985336,93578449,0.007,0.017,0.027,Domestic
3463,3463,64,"Oct 9, 2009",St. Trinianâs,11400000,15000,29830239,29815239,-11385000,18415239,18430239,-0.003,0.005,0.005,Domestic
3464,3464,65,"May 25, 1977",Star Wars Ep. IV: A New Hope,11000000,460998007,786598007,325600000,449998007,314600000,775598007,0.13,0.091,0.224,Domestic
3465,3465,66,"Jun 8, 1984",Gremlins,11000000,148168459,148199515,31056,137168459,-10968944,137199515,0.04,-0.003,0.04,Domestic
3466,3466,67,"Dec 22, 1965",Doctor Zhivago,11000000,111897830,112036323,138493,100897830,-10861507,101036323,0.029,-0.003,0.029,Domestic
3467,3467,68,"Dec 10, 2010",The Fighter,11000000,93617009,129262388,35645379,82617009,24645379,118262388,0.024,0.007,0.034,Domestic
3468,3468,69,"Oct 24, 2008",High School Musical 3: Senior Year,11000000,90559416,274392880,183833464,79559416,172833464,263392880,0.023,0.05,0.076,Domestic
3469,3469,70,"Dec 27, 1991",Fried Green Tomatoes,11000000,81204830,81204830,0,70204830,-11000000,70204830,0.02,-0.003,0.02,Domestic
3470,3470,71,"Sep 22, 2006",Jackass: Number Two,11000000,72778712,85278712,12500000,61778712,1500000,74278712,0.018,0.0,0.021,Domestic
3471,3471,72,"Mar 13, 1992",My Cousin Vinny,11000000,52929168,52929168,0,41929168,-11000000,41929168,0.012,-0.003,0.012,Domestic
3472,3472,73,"Aug 22, 2014",If I Stay,11000000,50474843,78356170,27881327,39474843,16881327,67356170,0.011,0.005,0.019,Domestic
3473,3473,74,"Apr 7, 1989",Major League,11000000,49793054,49793054,0,38793054,-11000000,38793054,0.011,-0.003,0.011,Domestic
3474,3474,75,"Apr 4, 2003",Phone Booth,11000000,46566212,97837138,51270926,35566212,40270926,86837138,0.01,0.012,0.025,Domestic
3475,3475,76,"Jan 25, 2002",A Walk to Remember,11000000,41227069,46060861,4833792,30227069,-6166208,35060861,0.009,-0.002,0.01,Domestic
3476,3476,77,"Dec 29, 1995",Dead Man Walking,11000000,39387284,83088295,43701011,28387284,32701011,72088295,0.008,0.009,0.021,Domestic
3477,3477,78,"Mar 5, 1999",Cruel Intentions,11000000,38665260,76238901,37573641,27665260,26573641,65238901,0.008,0.008,0.019,Domestic
3478,3478,79,"Nov 4, 2015",Brooklyn,11000000,38322743,62076141,23753398,27322743,12753398,51076141,0.008,0.004,0.015,Domestic
3479,3479,80,"Oct 17, 2008",The Secret Life of Bees,11000000,37780486,39994347,2213861,26780486,-8786139,28994347,0.008,-0.003,0.008,Domestic
3480,3480,81,"Apr 1, 2015",Woman in Gold,11000000,33307793,58586407,25278614,22307793,14278614,47586407,0.006,0.004,0.014,Domestic
3481,3481,82,"Jun 12, 1981",History of the World: Part I,11000000,31672000,31672000,0,20672000,-11000000,20672000,0.006,-0.003,0.006,Domestic
3482,3482,83,"Dec 8, 2017","I, Tonya",11000000,30014534,53797409,23782875,19014534,12782875,42797409,0.005,0.004,0.012,Domestic
3483,3483,84,"Oct 23, 2009",Saw VI,11000000,27693292,69752402,42059110,16693292,31059110,58752402,0.005,0.009,0.017,Domestic
3484,3484,85,"Oct 12, 2001",Corky Romano,11000000,23978402,25116103,1137701,12978402,-9862299,14116103,0.004,-0.003,0.004,Domestic
3485,3485,86,"Feb 14, 2019",Fighting With My Family,11000000,22958583,39049922,16091339,11958583,5091339,28049922,0.003,0.001,0.008,Domestic
3486,3486,87,"Aug 7, 1992",Raising Cain,11000000,21171695,21171695,0,10171695,-11000000,10171695,0.003,-0.003,0.003,Domestic
3487,3487,88,"Apr 13, 1978",F.I.S.T,11000000,20388920,20388920,0,9388920,-11000000,9388920,0.003,-0.003,0.003,Domestic
3488,3488,89,"Jan 1, 1975",Barry Lyndon,11000000,20000000,20169934,169934,9000000,-10830066,9169934,0.003,-0.003,0.003,Domestic
3489,3489,90,"Jan 11, 2013",Quartet,11000000,18388357,56178935,37790578,7388357,26790578,45178935,0.002,0.008,0.013,Domestic
3490,3490,91,"Nov 21, 2001",Out Cold,11000000,13906394,14786394,880000,2906394,-10120000,3786394,0.001,-0.003,0.001,Domestic
3491,3491,92,"Oct 13, 2000",The Ladies Man,11000000,13592872,13719474,126602,2592872,-10873398,2719474,0.001,-0.003,0.001,Domestic
3492,3492,93,"Mar 30, 2001",Tomcats,11000000,13558739,13558739,0,2558739,-11000000,2558739,0.001,-0.003,0.001,Domestic
3493,3493,94,"Dec 6, 2013",Inside Llewyn Davis,11000000,13248209,32943247,19695038,2248209,8695038,21943247,0.001,0.003,0.006,Domestic
3494,3494,95,"Apr 12, 2002",Frailty,11000000,13110448,19947280,6836832,2110448,-4163168,8947280,0.001,-0.001,0.003,Domestic
3495,3495,96,"Feb 19, 1993",Army of Darkness,11000000,11502976,21502976,10000000,502976,-1000000,10502976,0.0,-0.0,0.003,Domestic
3496,3496,97,"Nov 12, 2004",Kinsey,11000000,10214647,17443529,7228882,-785353,-3771118,6443529,-0.0,-0.001,0.002,Domestic
3497,3497,98,"May 10, 2013",Peeples,11000000,9177065,9307166,130101,-1822935,-10869899,-1692834,-0.001,-0.003,-0.0,Domestic
3498,3498,99,"Dec 25, 1993",What's Eating Gilbert Grape,11000000,9170214,9170214,0,-1829786,-11000000,-1829786,-0.001,-0.003,-0.001,Domestic
3499,3499,100,"Jul 6, 2016",Sultan,11000000,5599781,72989781,67390000,-5400219,56390000,61989781,-0.002,0.016,0.018,Domestic
3500,3500,1,"Feb 1, 2002",Slackers,11000000,4814244,5942218,1127974,-6185756,-9872026,-5057782,-0.002,-0.003,-0.001,Domestic
3501,3501,2,"Sep 26, 2003",The Gospel of John,11000000,4068087,4234355,166268,-6931913,-10833732,-6765645,-0.002,-0.003,-0.002,Domestic
3502,3502,3,"Oct 10, 2004",Vera Drake,11000000,3753806,13353855,9600049,-7246194,-1399951,2353855,-0.002,-0.0,0.001,Domestic
3503,3503,4,"Jan 31, 2003",The Guru,11000000,3051221,24150550,21099329,-7948779,10099329,13150550,-0.002,0.003,0.004,Domestic
3504,3504,5,"Dec 14, 1995",Othello,11000000,2844379,2844379,0,-8155621,-11000000,-8155621,-0.002,-0.003,-0.002,Domestic
3505,3505,6,"May 12, 1995",The Perez Family,11000000,2794056,2794056,0,-8205944,-11000000,-8205944,-0.002,-0.003,-0.002,Domestic
3506,3506,7,"Jan 1, 1970",The Molly Maguires,11000000,2200000,2200000,0,-8800000,-11000000,-8800000,-0.003,-0.003,-0.003,Domestic
3507,3507,8,"Jan 1, 1991",Return to the Blue Lagoon,11000000,2000000,2000000,0,-9000000,-11000000,-9000000,-0.003,-0.003,-0.003,Domestic
3508,3508,9,"Sep 7, 2007",Romance and Cigarettes,11000000,551002,3231251,2680249,-10448998,-8319751,-7768749,-0.003,-0.002,-0.002,Domestic
3509,3509,10,"Nov 10, 2006",Copying Beethoven,11000000,355968,6586324,6230356,-10644032,-4769644,-4413676,-0.003,-0.001,-0.001,Domestic
3510,3510,11,"Aug 26, 2011",Brighton Rock,11000000,229653,229653,0,-10770347,-11000000,-10770347,-0.003,-0.003,-0.003,Domestic
3511,3511,12,"Nov 16, 2012",Le prÃ©nom,11000000,61611,25307405,25245794,-10938389,14245794,14307405,-0.003,0.004,0.004,Domestic
3516,3516,17,"Oct 24, 2008",Saw V,10800000,56746769,118209778,61463009,45946769,50663009,107409778,0.013,0.015,0.031,Domestic
3517,3517,18,"May 25, 2012",Les Intouchables,10800000,13182281,484873045,471690764,2382281,460890764,474073045,0.001,0.133,0.137,Domestic
3518,3518,19,"Apr 27, 2007",Jindabyne,10800000,399879,2862544,2462665,-10400121,-8337335,-7937456,-0.003,-0.002,-0.002,Domestic
3519,3519,20,"Aug 11, 2006",Kabhi Alvida Naa Kehna,10750000,3275443,32575443,29300000,-7474557,18550000,21825443,-0.002,0.005,0.006,Domestic
3520,3520,21,"May 25, 1979",Alien,10700000,80930630,203628947,122698317,70230630,111998317,192928947,0.02,0.032,0.056,Domestic
3521,3521,22,"Jun 4, 1982",Poltergeist,10700000,74706019,121706019,47000000,64006019,36300000,111006019,0.018,0.01,0.032,Domestic
3522,3522,23,"Jun 18, 1999",An Ideal Husband,10700000,18542974,31341183,12798209,7842974,2098209,20641183,0.002,0.001,0.006,Domestic
3523,3523,24,"Dec 25, 2004",Darkness,10600000,22163442,34409206,12245764,11563442,1645764,23809206,0.003,0.0,0.007,Domestic
3524,3524,25,"Dec 6, 2013",The Last Days on Mars,10600000,24084,261364,237280,-10575916,-10362720,-10338636,-0.003,-0.003,-0.003,Domestic
3525,3525,26,"Jun 11, 1982",ET: The Extra-Terrestrial,10500000,435110554,792965326,357854772,424610554,347354772,782465326,0.123,0.1,0.226,Domestic
3526,3526,27,"Apr 2, 1968",2001: A Space Odyssey,10500000,59936321,71928046,11991725,49436321,1491725,61428046,0.014,0.0,0.018,Domestic
3527,3527,28,"Apr 20, 2007",In the Land of Women,10500000,11052958,14140402,3087444,552958,-7412556,3640402,0.0,-0.002,0.001,Domestic
3528,3528,29,"Dec 31, 1994",There Goes My Baby,10500000,125169,125169,0,-10374831,-10500000,-10374831,-0.003,-0.003,-0.003,Domestic
3529,3529,30,"Feb 20, 2004",The Blue Butterfly,10400000,1610194,1610194,0,-8789806,-10400000,-8789806,-0.003,-0.003,-0.003,Domestic
3530,3530,31,"Nov 2, 2001",Le Fabuleux destin d'AmÃ©lie Poulain,10350000,33201661,174201661,141000000,22851661,130650000,163851661,0.007,0.038,0.047,Domestic
3532,3532,33,"Feb 18, 1983",Lovesick,10100000,10143618,10143618,0,43618,-10100000,43618,0.0,-0.003,0.0,Domestic
3533,3533,34,"Apr 30, 2010",Housefull,10100000,1183658,18726300,17542642,-8916342,7442642,8626300,-0.003,0.002,0.002,Domestic
3534,3534,35,"Aug 24, 2007",September Dawn,10100000,1066555,1066555,0,-9033445,-10100000,-9033445,-0.003,-0.003,-0.003,Domestic
3535,3535,36,"Oct 19, 2018",Halloween,10000000,159342015,254900667,95558652,149342015,85558652,244900667,0.043,0.025,0.071,Domestic
3536,3536,37,"Dec 5, 1997",Good Will Hunting,10000000,138433435,225925989,87492554,128433435,77492554,215925989,0.037,0.022,0.062,Domestic
3537,3537,38,"Oct 22, 2004",The Grudge,10000000,110359362,187281115,76921753,100359362,66921753,177281115,0.029,0.019,0.051,Domestic
3538,3538,39,"Aug 26, 2016",Donât Breathe,10000000,89217875,158973685,69755810,79217875,59755810,148973685,0.023,0.017,0.043,Domestic
3539,3539,40,"Jun 26, 1981",Stripes,10000000,85300000,85300000,0,75300000,-10000000,75300000,0.022,-0.003,0.022,Domestic
3540,3540,41,"Oct 27, 2006",Saw III,10000000,80238724,163876815,83638091,70238724,73638091,153876815,0.02,0.021,0.044,Domestic
3541,3541,42,"Jul 1, 2016",The Purge: Election Year,10000000,79042440,118514727,39472287,69042440,29472287,108514727,0.02,0.009,0.031,Domestic
3542,3542,43,"May 18, 2018",Book Club,10000000,68566296,91113683,22547387,58566296,12547387,81113683,0.017,0.004,0.023,Domestic
3543,3543,44,"Aug 25, 2000",Bring it On,10000000,68353550,90453550,22100000,58353550,12100000,80453550,0.017,0.003,0.023,Domestic
3544,3544,45,"Jan 5, 2018",Insidious: The Last Key,10000000,67745330,167885588,100140258,57745330,90140258,157885588,0.017,0.026,0.046,Domestic
3545,3545,46,"Jan 29, 1999",She's All That,10000000,63465522,63465522,0,53465522,-10000000,53465522,0.015,-0.003,0.015,Domestic
3546,3546,47,"Oct 26, 2007",Saw IV,10000000,63300095,135759694,72459599,53300095,62459599,125759694,0.015,0.018,0.036,Domestic
3547,3547,48,"Feb 24, 2006",Madea's Family Reunion,10000000,63257940,63320521,62581,53257940,-9937419,53320521,0.015,-0.003,0.015,Domestic
3548,3548,49,"Jan 7, 2005",White Noise,10000000,56094360,92094360,36000000,46094360,26000000,82094360,0.013,0.008,0.024,Domestic
3549,3549,50,"Oct 17, 1986",The Color of Money,10000000,52293000,52293000,0,42293000,-10000000,42293000,0.012,-0.003,0.012,Domestic
3550,3550,51,"Jun 5, 2015",Insidious Chapter 3,10000000,52218558,120453155,68234597,42218558,58234597,110453155,0.012,0.017,0.032,Domestic
3551,3551,52,"Oct 2, 1992",The Mighty Ducks,10000000,50752337,50752337,0,40752337,-10000000,40752337,0.012,-0.003,0.012,Domestic
3552,3552,53,"Nov 3, 2017",Lady Bird,10000000,48958273,78610769,29652496,38958273,19652496,68610769,0.011,0.006,0.02,Domestic
3553,3553,54,"Nov 6, 2009",Precious (Based on the Novel Push by Sapphire),10000000,47566524,68722848,21156324,37566524,11156324,58722848,0.011,0.003,0.017,Domestic
3554,3554,55,"May 4, 2012",The Best Exotic Marigold Hotel,10000000,46383639,134639780,88256141,36383639,78256141,124639780,0.011,0.023,0.036,Domestic
3555,3555,56,"Jun 8, 2018",Hereditary,10000000,44069456,70133905,26064449,34069456,16064449,60133905,0.01,0.005,0.017,Domestic
3556,3556,57,"Mar 16, 2018","Love, Simon",10000000,40826341,65520633,24694292,30826341,14694292,55520633,0.009,0.004,0.016,Domestic
3557,3557,58,"Feb 17, 1989",Bill & Ted's Excellent Adventure,10000000,40485039,40485039,0,30485039,-10000000,30485039,0.009,-0.003,0.009,Domestic
3558,3558,59,"Oct 4, 1962",The Longest Day,10000000,39100000,50100000,11000000,29100000,1000000,40100000,0.008,0.0,0.012,Domestic
3559,3559,60,"Feb 16, 1996",Happy Gilmore,10000000,38623460,41004412,2380952,28623460,-7619048,31004412,0.008,-0.002,0.009,Domestic
3560,3560,61,"Oct 27, 2017",Jigsaw,10000000,38052832,102445196,64392364,28052832,54392364,92445196,0.008,0.016,0.027,Domestic
3561,3561,62,"Aug 31, 2001",Jeepers Creepers,10000000,37904175,58939035,21034860,27904175,11034860,48939035,0.008,0.003,0.014,Domestic
3562,3562,63,"Jun 28, 1985",St. Elmoâs Fire,10000000,37800000,37800000,0,27800000,-10000000,27800000,0.008,-0.003,0.008,Domestic
3563,3563,64,"Dec 11, 1968",Oliver!,10000000,37402877,37402877,0,27402877,-10000000,27402877,0.008,-0.003,0.008,Domestic
3564,3564,65,"Feb 16, 2001",Recess: School's Out,10000000,36696761,44451470,7754709,26696761,-2245291,34451470,0.008,-0.001,0.01,Domestic
3565,3565,66,"Jul 10, 1985",Mad Max Beyond Thunderdome,10000000,36230219,36230219,0,26230219,-10000000,26230219,0.008,-0.003,0.008,Domestic
3566,3566,67,"Nov 3, 1977",Peteâs Dragon,10000000,36000000,36000000,0,26000000,-10000000,26000000,0.008,-0.003,0.008,Domestic
3567,3567,68,"Jan 22, 2016",The Boy,10000000,35819556,68220952,32401396,25819556,22401396,58220952,0.007,0.006,0.017,Domestic
3568,3568,69,"Oct 4, 1985",Commando,10000000,35073978,35073978,0,25073978,-10000000,25073978,0.007,-0.003,0.007,Domestic
3569,3569,70,"May 19, 2017","Everything, Everything",10000000,34121140,61603136,27481996,24121140,17481996,51603136,0.007,0.005,0.015,Domestic
3570,3570,71,"Sep 17, 2010",Devil,10000000,33679655,63354114,29674459,23679655,19674459,53354114,0.007,0.006,0.015,Domestic
3571,3571,72,"Nov 22, 2002",Friday After Next,10000000,33253609,33526835,273226,23253609,-9726774,23526835,0.007,-0.003,0.007,Domestic
3572,3572,73,"Mar 6, 2015",The Second Best Exotic Marigold Hotel,10000000,33078266,90384306,57306040,23078266,47306040,80384306,0.007,0.014,0.023,Domestic
3573,3573,74,"Mar 22, 1985",The Last Dragon,10000000,33000000,33000000,0,23000000,-10000000,23000000,0.007,-0.003,0.007,Domestic
3574,3574,75,"Apr 28, 2017",How to Be a Latin Lover,10000000,32149404,62556228,30406824,22149404,20406824,52556228,0.006,0.006,0.015,Domestic
3575,3575,76,"Mar 6, 1992",The Lawnmower Man,10000000,32100816,32100816,0,22100816,-10000000,22100816,0.006,-0.003,0.006,Domestic
3576,3576,77,"Oct 3, 2008",Nick and Norah's Infinite Playlist,10000000,31487293,33886017,2398724,21487293,-7601276,23886017,0.006,-0.002,0.007,Domestic
3577,3577,78,"Dec 19, 2003",Calendar Girls,10000000,31011616,93074616,62063000,21011616,52063000,83074616,0.006,0.015,0.024,Domestic
3578,3578,79,"Nov 12, 1999",Dogma,10000000,30651422,43948865,13297443,20651422,3297443,33948865,0.006,0.001,0.01,Domestic
3579,3579,80,"Aug 10, 2018",Slender Man,10000000,30564825,51723644,21158819,20564825,11158819,41723644,0.006,0.003,0.012,Domestic
3580,3580,81,"Sep 20, 2002",The Banger Sisters,10000000,30306281,38067218,7760937,20306281,-2239063,28067218,0.006,-0.001,0.008,Domestic
3581,3581,82,"Dec 8, 2000",Snatch,10000000,30093107,83593107,53500000,20093107,43500000,73593107,0.006,0.013,0.021,Domestic
3582,3582,83,"May 19, 1989",Road House,10000000,30050028,30050028,0,20050028,-10000000,20050028,0.006,-0.003,0.006,Domestic
3583,3583,84,"Jul 27, 2018",Teen Titans Go! To The Movies,10000000,29790236,51620593,21830357,19790236,11830357,41620593,0.006,0.003,0.012,Domestic
3584,3584,85,"Sep 9, 2016",When the Bough Breaks,10000000,29747603,30768449,1020846,19747603,-8979154,20768449,0.006,-0.003,0.006,Domestic
3585,3585,86,"Jun 24, 1983",Twilight Zone: The Movie,10000000,29500000,29500000,0,19500000,-10000000,19500000,0.006,-0.003,0.006,Domestic
3586,3586,87,"Nov 23, 1994",A Low Down Dirty Shame,10000000,29317886,29317886,0,19317886,-10000000,19317886,0.006,-0.003,0.006,Domestic
3587,3587,88,"Aug 30, 2013",One Direction: This is Us,10000000,28873374,68541786,39668412,18873374,29668412,58541786,0.005,0.009,0.017,Domestic
3588,3588,89,"Sep 6, 2002",Swimfan,10000000,28564995,34084228,5519233,18564995,-4480767,24084228,0.005,-0.001,0.007,Domestic
3589,3589,90,"Oct 6, 2006",Employee of the Month,10000000,28444855,38364855,9920000,18444855,-80000,28364855,0.005,-0.0,0.008,Domestic
3590,3590,91,"Aug 21, 2015",Sinister 2,10000000,27740955,54104225,26363270,17740955,16363270,44104225,0.005,0.005,0.013,Domestic
3591,3591,92,"Jan 8, 2016",The Forest,10000000,26594261,40749230,14154969,16594261,4154969,30749230,0.005,0.001,0.009,Domestic
3592,3592,93,"Nov 6, 2009",The Fourth Kind,10000000,26218170,49486874,23268704,16218170,13268704,39486874,0.005,0.004,0.011,Domestic
3593,3593,94,"Mar 25, 1983",The Outsiders,10000000,25697647,25697647,0,15697647,-10000000,15697647,0.005,-0.003,0.005,Domestic
3594,3594,95,"Jun 12, 1998",Can't Hardly Wait,10000000,25358996,25358996,0,15358996,-10000000,15358996,0.004,-0.003,0.004,Domestic
3595,3595,96,"Aug 17, 2012",Sparkle,10000000,24397469,24660323,262854,14397469,-9737146,14660323,0.004,-0.003,0.004,Domestic
3596,3596,97,"Oct 14, 2016",Kevin Hart: What Now?,10000000,23591043,23591043,0,13591043,-10000000,13591043,0.004,-0.003,0.004,Domestic
3597,3597,98,"Apr 26, 2013",Mud,10000000,21590086,31556959,9966873,11590086,-33127,21556959,0.003,-0.0,0.006,Domestic
3598,3598,99,"Nov 12, 2010",Skyline,10000000,21416355,68264973,46848618,11416355,36848618,58264973,0.003,0.011,0.017,Domestic
3599,3599,100,"Dec 1, 2017",The Disaster Artist,10000000,21120616,28717667,7597051,11120616,-2402949,18717667,0.003,-0.001,0.005,Domestic
3600,3600,1,"Sep 16, 2016",Blair Witch,10000000,20777061,38985577,18208516,10777061,8208516,28985577,0.003,0.002,0.008,Domestic
3601,3601,2,"Oct 21, 1983",The Dead Zone,10000000,20766000,20766000,0,10766000,-10000000,10766000,0.003,-0.003,0.003,Domestic
3602,3602,3,"Feb 2, 2001",Valentine,10000000,20384136,20384136,0,10384136,-10000000,10384136,0.003,-0.003,0.003,Domestic
3603,3603,4,"Jun 9, 2006",A Prairie Home Companion,10000000,20342852,26716191,6373339,10342852,-3626661,16716191,0.003,-0.001,0.005,Domestic
3604,3604,5,"Feb 23, 2007",Reno 911!: Miami,10000000,20342161,21851362,1509201,10342161,-8490799,11851362,0.003,-0.002,0.003,Domestic
3605,3605,6,"Jul 24, 1998",Jane Austen's Mafia,10000000,19843795,30143795,10300000,9843795,300000,20143795,0.003,0.0,0.006,Domestic
3606,3606,7,"Oct 23, 2015",Paranormal Activity: The Ghost Dimension,10000000,18297124,77959374,59662250,8297124,49662250,67959374,0.002,0.014,0.02,Domestic
3607,3607,8,"Feb 25, 1994",Sugar Hill,10000000,18272447,18423914,151467,8272447,-9848533,8423914,0.002,-0.003,0.002,Domestic
3608,3608,9,"Jun 20, 2008",Kit Kittredge: An American Girl,10000000,17657973,17657973,0,7657973,-10000000,7657973,0.002,-0.003,0.002,Domestic
3609,3609,10,"Sep 27, 1985",Invasion U.S.A.,10000000,17536256,17536256,0,7536256,-10000000,7536256,0.002,-0.003,0.002,Domestic
3610,3610,11,"Sep 23, 2005",Roll Bounce,10000000,17380866,17433072,52206,7380866,-9947794,7433072,0.002,-0.003,0.002,Domestic
3611,3611,12,"Dec 11, 1998",Rushmore,10000000,17105219,19080435,1975216,7105219,-8024784,9080435,0.002,-0.002,0.003,Domestic
3612,3612,13,"Jan 19, 1990",Tremors,10000000,16667084,16667084,0,6667084,-10000000,6667084,0.002,-0.003,0.002,Domestic
3613,3613,14,"Jun 17, 2005",The Perfect Man,10000000,16535005,19535005,3000000,6535005,-7000000,9535005,0.002,-0.002,0.003,Domestic
3614,3614,15,"Aug 3, 1990",Mo' Better Blues,10000000,16153000,16153000,0,6153000,-10000000,6153000,0.002,-0.003,0.002,Domestic
3615,3615,16,"Jan 25, 2002",Kung Pow: Enter the Fist,10000000,16033556,17033556,1000000,6033556,-9000000,7033556,0.002,-0.003,0.002,Domestic
3616,3616,17,"Oct 7, 2016",The Birth of a Nation,10000000,15861566,16891011,1029445,5861566,-8970555,6891011,0.002,-0.003,0.002,Domestic
3617,3617,18,"May 30, 2003",Wrong Turn,10000000,15417771,28649556,13231785,5417771,3231785,18649556,0.002,0.001,0.005,Domestic
3618,3618,19,"May 16, 1980",The Long Riders,10000000,15198912,15198912,0,5198912,-10000000,5198912,0.002,-0.003,0.002,Domestic
3619,3619,20,"Mar 12, 1999",The Corruptor,10000000,15164492,15164492,0,5164492,-10000000,5164492,0.001,-0.003,0.001,Domestic
3620,3620,21,"Aug 14, 2009","The Goods: Live Hard, Sell Hard",10000000,15122676,15297318,174642,5122676,-9825358,5297318,0.001,-0.003,0.002,Domestic
3621,3621,22,"Nov 23, 2011",My Week with Marilyn,10000000,14597405,34240572,19643167,4597405,9643167,24240572,0.001,0.003,0.007,Domestic
3622,3622,23,"Dec 25, 2014",Big Eyes,10000000,14482031,27317872,12835841,4482031,2835841,17317872,0.001,0.001,0.005,Domestic
3623,3623,24,"Aug 5, 2005",Broken Flowers,10000000,13744960,40744960,27000000,3744960,17000000,30744960,0.001,0.005,0.009,Domestic
3624,3624,25,"Jun 28, 2002",Hey Arnold! The Movie,10000000,13684949,13684949,0,3684949,-10000000,3684949,0.001,-0.003,0.001,Domestic
3625,3625,26,"Dec 30, 2005",The Matador,10000000,12589255,17300838,4711583,2589255,-5288417,7300838,0.001,-0.002,0.002,Domestic
3626,3626,27,"Mar 14, 1997",Love Jones,10000000,12554569,12554569,0,2554569,-10000000,2554569,0.001,-0.003,0.001,Domestic
3627,3627,28,"Dec 19, 2000",The Gift,10000000,12008642,44567606,32558964,2008642,22558964,34567606,0.001,0.007,0.01,Domestic
3628,3628,29,"Jan 20, 2006",End of the Spear,10000000,11748661,11924041,175380,1748661,-9824620,1924041,0.001,-0.003,0.001,Domestic
3629,3629,30,"Mar 9, 2001",Get Over It,10000000,11560259,19860259,8300000,1560259,-1700000,9860259,0.0,-0.0,0.003,Domestic
3630,3630,31,"Oct 20, 2000",The Legend of Drunken Master,10000000,11546543,11546543,0,1546543,-10000000,1546543,0.0,-0.003,0.0,Domestic
3631,3631,32,"Feb 19, 1999",Office Space,10000000,10827813,12179708,1351895,827813,-8648105,2179708,0.0,-0.002,0.001,Domestic
3632,3632,33,"Jul 23, 1999",Drop Dead Gorgeous,10000000,10571408,10571408,0,571408,-10000000,571408,0.0,-0.003,0.0,Domestic
3633,3633,34,"Apr 5, 2019",The Best of Enemies,10000000,10205616,10205616,0,205616,-10000000,205616,0.0,-0.003,0.0,Domestic
3634,3634,35,"Apr 3, 1998",The Spanish Prisoner,10000000,10162034,13835130,3673096,162034,-6326904,3835130,0.0,-0.002,0.001,Domestic
3635,3635,36,"Jun 11, 1999",Le Violon rouge,10000000,10019109,10019109,0,19109,-10000000,19109,0.0,-0.003,0.0,Domestic
3636,3636,37,"Nov 25, 1998",Very Bad Things,10000000,9949470,21094974,11145504,-50530,1145504,11094974,-0.0,0.0,0.003,Domestic
3637,3637,38,"Jul 9, 2004",Sleepover,10000000,9408183,9408183,0,-591817,-10000000,-591817,-0.0,-0.003,-0.0,Domestic
3638,3638,39,"Jan 25, 2013",Movie 43,10000000,8840453,31164747,22324294,-1159547,12324294,21164747,-0.0,0.004,0.006,Domestic
3639,3639,40,"Oct 19, 2018",Can You Ever Forgive Me?,10000000,8803865,11752387,2948522,-1196135,-7051478,1752387,-0.0,-0.002,0.001,Domestic
3640,3640,41,"Oct 26, 1984",Body Double,10000000,8801940,8801940,0,-1198060,-10000000,-1198060,-0.0,-0.003,-0.0,Domestic
3641,3641,42,"May 21, 2010",MacGruber,10000000,8525600,8629895,104295,-1474400,-9895705,-1370105,-0.0,-0.003,-0.0,Domestic
3642,3642,43,"Jul 18, 2003",Dirty Pretty Things,10000000,8112414,14156753,6044339,-1887586,-3955661,4156753,-0.001,-0.001,0.001,Domestic
3643,3643,44,"Mar 14, 2014",Bad Words,10000000,7779614,7843145,63531,-2220386,-9936469,-2156855,-0.001,-0.003,-0.001,Domestic
3644,3644,45,"Mar 27, 2015",While We're Young,10000000,7582065,17503828,9921763,-2417935,-78237,7503828,-0.001,-0.0,0.002,Domestic
3645,3645,46,"Feb 1, 2008",Over Her Dead Body,10000000,7570127,21596074,14025947,-2429873,4025947,11596074,-0.001,0.001,0.003,Domestic
3646,3646,47,"Oct 24, 2001",Bones,10000000,7316658,8378853,1062195,-2683342,-8937805,-1621147,-0.001,-0.003,-0.0,Domestic
3647,3647,48,"Jun 22, 2012",Seeking a Friend for the End of the World,10000000,7078738,11766959,4688221,-2921262,-5311779,1766959,-0.001,-0.002,0.001,Domestic
3648,3648,49,"Dec 1, 2006",Turistas,10000000,7027762,14321070,7293308,-2972238,-2706692,4321070,-0.001,-0.001,0.001,Domestic
3649,3649,50,"Nov 11, 2016",Shut In,10000000,6900335,11360665,4460330,-3099665,-5539670,1360665,-0.001,-0.002,0.0,Domestic
3650,3650,51,"Feb 11, 2011",Cedar Rapids,10000000,6861102,7862131,1001029,-3138898,-8998971,-2137869,-0.001,-0.003,-0.001,Domestic
3651,3651,52,"Nov 30, 2012",The Collection,10000000,6810754,8890094,2079340,-3189246,-7920660,-1109906,-0.001,-0.002,-0.0,Domestic
3652,3652,53,"Oct 30, 1998",American History X,10000000,6719864,6719864,0,-3280136,-10000000,-3280136,-0.001,-0.003,-0.001,Domestic
3653,3653,54,"Jan 16, 2004",Teacher's Pet: The Movie,10000000,6491969,6491969,0,-3508031,-10000000,-3508031,-0.001,-0.003,-0.001,Domestic
3654,3654,55,"Oct 15, 1999",The Straight Story,10000000,6197866,6197866,0,-3802134,-10000000,-3802134,-0.001,-0.003,-0.001,Domestic
3655,3655,56,"May 3, 2002",Deuces Wild,10000000,6044618,6244618,200000,-3955382,-9800000,-3755382,-0.001,-0.003,-0.001,Domestic
3656,3656,57,"Mar 28, 2008","Run, Fatboy, Run",10000000,6003262,33512260,27508998,-3996738,17508998,23512260,-0.001,0.005,0.007,Domestic
3657,3657,58,"Dec 18, 1981",Heartbeeps,10000000,6000000,6000000,0,-4000000,-10000000,-4000000,-0.001,-0.003,-0.001,Domestic
3658,3658,59,"Mar 20, 2015",Danny Collins,10000000,5637066,8465845,2828779,-4362934,-7171221,-1534155,-0.001,-0.002,-0.0,Domestic
3659,3659,60,"Jul 4, 2007",Rescue Dawn,10000000,5490423,7037886,1547463,-4509577,-8452537,-2962114,-0.001,-0.002,-0.001,Domestic
3660,3660,61,"Apr 5, 2000",Black and White,10000000,5241315,5241315,0,-4758685,-10000000,-4758685,-0.001,-0.003,-0.001,Domestic
3661,3661,62,"Jun 18, 2010",Io sono lâamore,10000000,5005465,15121528,10116063,-4994535,116063,5121528,-0.001,0.0,0.001,Domestic
3662,3662,63,"Oct 26, 2001",On the Line,10000000,4365455,4690802,325347,-5634545,-9674653,-5309198,-0.002,-0.003,-0.002,Domestic
3663,3663,64,"Jun 15, 2018",Gotti,10000000,4286367,6089100,1802733,-5713633,-8197267,-3910900,-0.002,-0.002,-0.001,Domestic
3664,3664,65,"Mar 16, 2012","Jeff, Who Lives at Home",10000000,4269426,4708127,438701,-5730574,-9561299,-5291873,-0.002,-0.003,-0.002,Domestic
3665,3665,66,"Sep 30, 2016",Denial,10000000,4073448,9263940,5190492,-5926552,-4809508,-736060,-0.002,-0.001,-0.0,Domestic
3666,3666,67,"Apr 29, 2016",The Man Who Knew Infinity,10000000,3877922,12382122,8504200,-6122078,-1495800,2382122,-0.002,-0.0,0.001,Domestic
3667,3667,68,"Oct 14, 2016",Max Steel,10000000,3818664,4563080,744416,-6181336,-9255584,-5436920,-0.002,-0.003,-0.002,Domestic
3668,3668,69,"Mar 30, 2016",Everybody Wants Some,10000000,3400278,5437126,2036848,-6599722,-7963152,-4562874,-0.002,-0.002,-0.001,Domestic
3669,3669,70,"Oct 4, 1996",Crash,10000000,3357324,3357324,0,-6642676,-10000000,-6642676,-0.002,-0.003,-0.002,Domestic
3670,3670,71,"Oct 12, 2012",Atlas Shrugged: Part II,10000000,3336053,3336053,0,-6663947,-10000000,-6663947,-0.002,-0.003,-0.002,Domestic
3671,3671,72,"Feb 4, 1994",Romeo Is Bleeding,10000000,3275585,3275585,0,-6724415,-10000000,-6724415,-0.002,-0.003,-0.002,Domestic
3672,3672,73,"Oct 8, 1999",The Limey,10000000,3193102,6030047,2836945,-6806898,-7163055,-3969953,-0.002,-0.002,-0.001,Domestic
3673,3673,74,"Nov 14, 2014",Rosewater,10000000,3128941,3185717,56776,-6871059,-9943224,-6814283,-0.002,-0.003,-0.002,Domestic
3674,3674,75,"Dec 22, 2000",The House of Mirth,10000000,3041803,5149131,2107328,-6958197,-7892672,-4850869,-0.002,-0.002,-0.001,Domestic
3675,3675,76,"May 1, 1987",Malone,10000000,3000000,3000000,0,-7000000,-10000000,-7000000,-0.002,-0.003,-0.002,Domestic
3676,3676,77,"Jun 2, 2006",Peaceful Warrior,10000000,2893666,3260179,366513,-7106334,-9633487,-6739821,-0.002,-0.003,-0.002,Domestic
3677,3677,78,"Sep 9, 2011",Bucky Larson: Born to Be a Star,10000000,2529395,2529395,0,-7470605,-10000000,-7470605,-0.002,-0.003,-0.002,Domestic
3678,3678,79,"Oct 6, 2000",Bamboozled,10000000,2185266,2373937,188671,-7814734,-9811329,-7626063,-0.002,-0.003,-0.002,Domestic
3679,3679,80,"Feb 11, 1981",Sphinx,10000000,2000000,11400000,9400000,-8000000,-600000,1400000,-0.002,-0.0,0.0,Domestic
3680,3680,81,"May 3, 2013",The Iceman,10000000,1930282,3623609,1693327,-8069718,-8306673,-6376391,-0.002,-0.002,-0.002,Domestic
3681,3681,82,"Jun 5, 2015",Testament of Youth,10000000,1822250,6646669,4824419,-8177750,-5175581,-3353331,-0.002,-0.001,-0.001,Domestic
3682,3682,83,"Apr 21, 2017",Free Fire,10000000,1799322,3793739,1994417,-8200678,-8005583,-6206261,-0.002,-0.002,-0.002,Domestic
3683,3683,84,"Jun 24, 2011",A Better Life,10000000,1759252,1884251,124999,-8240748,-9875001,-8115749,-0.002,-0.003,-0.002,Domestic
3684,3684,85,"Feb 28, 2003",Spider,10000000,1641788,1641788,0,-8358212,-10000000,-8358212,-0.002,-0.003,-0.002,Domestic
3685,3685,86,"Feb 4, 2000",Gun Shy,10000000,1638202,1638202,0,-8361798,-10000000,-8361798,-0.002,-0.003,-0.002,Domestic
3686,3686,87,"Dec 27, 2002",Nicholas Nickleby,10000000,1562800,1562800,0,-8437200,-10000000,-8437200,-0.002,-0.003,-0.002,Domestic
3687,3687,88,"Apr 16, 2010",The Joneses,10000000,1475746,3541565,2065819,-8524254,-7934181,-6458435,-0.002,-0.002,-0.002,Domestic
3688,3688,89,"Jun 23, 2006",Krrish,10000000,1430721,32430721,31000000,-8569279,21000000,22430721,-0.002,0.006,0.006,Domestic
3689,3689,90,"Jul 27, 2012",Killer Joe,10000000,1291645,4659110,3367465,-8708355,-6632535,-5340890,-0.003,-0.002,-0.002,Domestic
3690,3690,91,"Jun 2, 2017",Churchill,10000000,1279681,7582196,6302515,-8720319,-3697485,-2417804,-0.003,-0.001,-0.001,Domestic
3691,3691,92,"Aug 11, 2000",Cecil B. Demented,10000000,1276984,1953882,676898,-8723016,-9323102,-8046118,-0.003,-0.003,-0.002,Domestic
3692,3692,93,"Mar 21, 2014",50 to 1,10000000,1069454,1069454,0,-8930546,-10000000,-8930546,-0.003,-0.003,-0.003,Domestic
3693,3693,94,"May 2, 2003",Owning Mahowny,10000000,1011054,1011054,0,-8988946,-10000000,-8988946,-0.003,-0.003,-0.003,Domestic
3694,3694,95,"Oct 19, 2007",The Ten Commandments,10000000,952820,1051907,99087,-9047180,-9900913,-8948093,-0.003,-0.003,-0.003,Domestic
3695,3695,96,"Sep 7, 2007",The Brothers Solomon,10000000,900926,900926,0,-9099074,-10000000,-9099074,-0.003,-0.003,-0.003,Domestic
3696,3696,97,"Apr 4, 2008",My Blueberry Nights,10000000,866778,22198996,21332218,-9133222,11332218,12198996,-0.003,0.003,0.004,Domestic
3697,3697,98,"Aug 6, 1999",Illuminata,10000000,836641,836641,0,-9163359,-10000000,-9163359,-0.003,-0.003,-0.003,Domestic
3698,3698,99,"Jan 20, 2012",Coriolanus,10000000,749641,2179623,1429982,-9250359,-8570018,-7820377,-0.003,-0.002,-0.002,Domestic
3699,3699,100,"Oct 4, 2013",Parkland,10000000,641439,1616353,974914,-9358561,-9025086,-8383647,-0.003,-0.003,-0.002,Domestic
3700,3700,1,"Oct 11, 2002",Swept Away,10000000,598645,598645,0,-9401355,-10000000,-9401355,-0.003,-0.003,-0.003,Domestic
3701,3701,2,"May 23, 2008","War, Inc.",10000000,580862,1299855,718993,-9419138,-9281007,-8700145,-0.003,-0.003,-0.003,Domestic
3702,3702,3,"Apr 2, 2004",Shaolin Soccer,10000000,488872,42776032,42287160,-9511128,32287160,32776032,-0.003,0.009,0.009,Domestic
3703,3703,4,"Aug 27, 2004",The Brown Bunny,10000000,366301,630427,264126,-9633699,-9735874,-9369573,-0.003,-0.003,-0.003,Domestic
3704,3704,5,"Sep 14, 2007",King of California,10000000,268461,1165102,896641,-9731539,-9103359,-8834898,-0.003,-0.003,-0.003,Domestic
3705,3705,6,"Oct 24, 1997",Rien ne va plus,10000000,245359,5045359,4800000,-9754641,-5200000,-4954641,-0.003,-0.002,-0.001,Domestic
3706,3706,7,"Aug 14, 1998",La femme de chambre du Titanic,10000000,244465,244465,0,-9755535,-10000000,-9755535,-0.003,-0.003,-0.003,Domestic
3707,3707,8,"Dec 17, 2004",Imaginary Heroes,10000000,228524,290875,62351,-9771476,-9937649,-9709125,-0.003,-0.003,-0.003,Domestic
3708,3708,9,"Oct 26, 2001",High Heels and Low Lifes,10000000,226792,226792,0,-9773208,-10000000,-9773208,-0.003,-0.003,-0.003,Domestic
3709,3709,10,"Aug 21, 2009",World's Greatest Dad,10000000,221805,295750,73945,-9778195,-9926055,-9704250,-0.003,-0.003,-0.003,Domestic
3710,3710,11,"May 3, 2013","Cinco de Mayo, La Batalla",10000000,173472,173472,0,-9826528,-10000000,-9826528,-0.003,-0.003,-0.003,Domestic
3711,3711,12,"Oct 29, 2010",Welcome to the Rileys,10000000,152857,355919,203062,-9847143,-9796938,-9644081,-0.003,-0.003,-0.003,Domestic
3712,3712,13,"Sep 9, 2016",Kicks,10000000,150191,150191,0,-9849809,-10000000,-9849809,-0.003,-0.003,-0.003,Domestic
3713,3713,14,"Oct 9, 2009",Free Style,10000000,141108,721108,580000,-9858892,-9420000,-9278892,-0.003,-0.003,-0.003,Domestic
3714,3714,15,"Jun 1, 2012",High School,10000000,139034,248133,109099,-9860966,-9890901,-9751867,-0.003,-0.003,-0.003,Domestic
3715,3715,16,"May 18, 2007",Severance,10000000,137221,5950002,5812781,-9862779,-4187219,-4049998,-0.003,-0.001,-0.001,Domestic
3716,3716,17,"Jul 14, 2006",Edmond,10000000,131719,241719,110000,-9868281,-9890000,-9758281,-0.003,-0.003,-0.003,Domestic
3717,3717,18,"Apr 23, 2010",Joheunnom nabbeunnom isanghannom,10000000,128486,42226657,42098171,-9871514,32098171,32226657,-0.003,0.009,0.009,Domestic
3718,3718,19,"Aug 26, 1994",Police Academy 7: Mission to Moscow,10000000,126247,126247,0,-9873753,-10000000,-9873753,-0.003,-0.003,-0.003,Domestic
3719,3719,20,"Feb 19, 2010",Blood Done Sign My Name,10000000,109383,109383,0,-9890617,-10000000,-9890617,-0.003,-0.003,-0.003,Domestic
3720,3720,21,"Feb 19, 2010",The Good Guy,10000000,100688,106460,5772,-9899312,-9994228,-9893540,-0.003,-0.003,-0.003,Domestic
3721,3721,22,"Oct 23, 2009",Motherhood,10000000,93388,723388,630000,-9906612,-9370000,-9276612,-0.003,-0.003,-0.003,Domestic
3722,3722,23,"Oct 15, 2004",Eulogy,10000000,70527,70527,0,-9929473,-10000000,-9929473,-0.003,-0.003,-0.003,Domestic
3723,3723,24,"Nov 7, 2014",Elsa & Fred,10000000,67657,197901,130244,-9932343,-9869756,-9802099,-0.003,-0.003,-0.003,Domestic
3724,3724,25,"Feb 27, 1998",An Alan Smithee Film: Burn Hollywood Burn,10000000,45779,45779,0,-9954221,-10000000,-9954221,-0.003,-0.003,-0.003,Domestic
3725,3725,26,"Aug 28, 2009",The Open Road,10000000,19716,19716,0,-9980284,-10000000,-9980284,-0.003,-0.003,-0.003,Domestic
3726,3726,27,"Jul 10, 2015",Strangerland,10000000,17472,161097,143625,-9982528,-9856375,-9838903,-0.003,-0.003,-0.003,Domestic
3727,3727,28,"Mar 13, 2015",Hross i oss,10000000,11894,11894,0,-9988106,-10000000,-9988106,-0.003,-0.003,-0.003,Domestic
3728,3728,29,"Oct 16, 2009",Janky Promoters,10000000,9069,9069,0,-9990931,-10000000,-9990931,-0.003,-0.003,-0.003,Domestic
3729,3729,30,"Dec 21, 2007",Blonde Ambition,10000000,6422,1537479,1531057,-9993578,-8468943,-8462521,-0.003,-0.002,-0.002,Domestic
3730,3730,31,"Aug 6, 2010",The Oxford Murders,10000000,4803,17704131,17699328,-9995197,7699328,7704131,-0.003,0.002,0.002,Domestic
3731,3731,32,"Dec 26, 2014",Barbecue,10000000,388,247565,247177,-9999612,-9752823,-9752435,-0.003,-0.003,-0.003,Domestic
3747,3747,48,"Sep 22, 2017",Friend Request,9900000,3759078,11310835,7551757,-6140922,-2348243,1410835,-0.002,-0.001,0.0,Domestic
3748,3748,49,"Apr 30, 2010",Gunless,9900000,458054,458054,0,-9441946,-9900000,-9441946,-0.003,-0.003,-0.003,Domestic
3749,3749,50,"Apr 3, 2009",Adventureland,9800000,16044025,17553055,1509030,6244025,-8290970,7753055,0.002,-0.002,0.002,Domestic
3750,3750,51,"Dec 19, 2012",Amour,9700000,6738954,36787044,30048090,-2961046,20348090,27087044,-0.001,0.006,0.008,Domestic
3751,3751,52,"Apr 28, 2006",The Lost City,9600000,2484186,5256839,2772653,-7115814,-6827347,-4343161,-0.002,-0.002,-0.001,Domestic
3752,3752,53,"Jan 12, 2000",Next Friday,9500000,57176582,59675307,2498725,47676582,-7001275,50175307,0.014,-0.002,0.014,Domestic
3753,3753,54,"Jun 13, 1967",You Only Live Twice,9500000,43100000,111600000,68500000,33600000,59000000,102100000,0.01,0.017,0.029,Domestic
3754,3754,55,"Jun 10, 1988",Poltergeist III,9500000,14114000,14114000,0,4614000,-9500000,4614000,0.001,-0.003,0.001,Domestic
3755,3755,56,"Dec 21, 2016",Dangal,9500000,12391761,294654618,282262857,2891761,272762857,285154618,0.001,0.079,0.082,Domestic
3756,3756,57,"Mar 19, 2010",The Runaways,9500000,3573673,5278632,1704959,-5926327,-7795041,-4221368,-0.002,-0.002,-0.001,Domestic
3757,3757,58,"Oct 30, 2009",Gentlemen Broncos,9500000,115155,119955,4800,-9384845,-9495200,-9380045,-0.003,-0.003,-0.003,Domestic
3759,3759,60,"Nov 7, 1963",It's a Mad Mad Mad Mad World,9400000,46300000,60000000,13700000,36900000,4300000,50600000,0.011,0.001,0.015,Domestic
3760,3760,61,"Nov 3, 2006",Volver,9400000,12899867,87226613,74326746,3499867,64926746,77826613,0.001,0.019,0.022,Domestic
3761,3761,62,"Nov 11, 2011",Melancholia,9400000,3030848,21817298,18786450,-6369152,9386450,12417298,-0.002,0.003,0.004,Domestic
3762,3762,63,"Aug 7, 1981",Heavy Metal,9300000,19571091,19571091,0,10271091,-9300000,10271091,0.003,-0.003,0.003,Domestic
3763,3763,64,"Nov 13, 2012",Jab Tak Hai Jaan,9200000,3047539,5806666,2759127,-6152461,-6440873,-3393334,-0.002,-0.002,-0.001,Domestic
3764,3764,65,"Dec 29, 1995",Richard III,9200000,2684904,4199334,1514430,-6515096,-7685570,-5000666,-0.002,-0.002,-0.001,Domestic
3765,3765,66,"May 21, 2010",Kites,9200000,1685269,17155193,15469924,-7514731,6269924,7955193,-0.002,0.002,0.002,Domestic
3768,3768,69,"Oct 17, 2003",The Texas Chainsaw Massacre,9000000,80571655,107967319,27395664,71571655,18395664,98967319,0.021,0.005,0.029,Domestic
3769,3769,70,"Jan 1, 1971",Fiddler on the Roof,9000000,80500000,80500000,0,71500000,-9000000,71500000,0.021,-0.003,0.021,Domestic
3770,3770,71,"Jul 18, 2014",The Purge: Anarchy,9000000,71562550,111534881,39972331,62562550,30972331,102534881,0.018,0.009,0.03,Domestic
3771,3771,72,"Dec 29, 1965",Thunderball,9000000,63600000,141200000,77600000,54600000,68600000,132200000,0.016,0.02,0.038,Domestic
3772,3772,73,"May 30, 2008",The Strangers,9000000,52597610,83051676,30454066,43597610,21454066,74051676,0.013,0.006,0.021,Domestic
3773,3773,74,"Nov 6, 1996",Set It Off,9000000,36049108,36049108,0,27049108,-9000000,27049108,0.008,-0.003,0.008,Domestic
3774,3774,75,"Oct 21, 2016",Ouija: Origin of Evil,9000000,35144505,81831866,46687361,26144505,37687361,72831866,0.008,0.011,0.021,Domestic
3775,3775,76,"Oct 22, 1999",The Best Man,9000000,34102780,34572780,470000,25102780,-8530000,25572780,0.007,-0.002,0.007,Domestic
3776,3776,77,"Nov 9, 1988",Child's Play,9000000,33244684,44196684,10952000,24244684,1952000,35196684,0.007,0.001,0.01,Domestic
3777,3777,78,"Feb 13, 2019",Happy Death Day 2U,9000000,28051045,64179495,36128450,19051045,27128450,55179495,0.006,0.008,0.016,Domestic
3778,3778,79,"Jun 22, 2007",Sicko,9000000,24538513,36535837,11997324,15538513,2997324,27535837,0.004,0.001,0.008,Domestic
3779,3779,80,"Jan 30, 2015",Black or White,9000000,21571189,21971021,399832,12571189,-8600168,12971021,0.004,-0.002,0.004,Domestic
3780,3780,81,"Jan 21, 2000",Down to You,9000000,20035310,20035310,0,11035310,-9000000,11035310,0.003,-0.003,0.003,Domestic
3781,3781,82,"Jul 30, 2004",Harold & Kumar Go to White Castle,9000000,18225165,18225165,0,9225165,-9000000,9225165,0.003,-0.003,0.003,Domestic
3782,3782,83,"Oct 13, 2000",The Contender,9000000,17804273,17804273,0,8804273,-9000000,8804273,0.003,-0.003,0.003,Domestic
3783,3783,84,"Feb 18, 2000",Boiler Room,9000000,16963963,28773637,11809674,7963963,2809674,19773637,0.002,0.001,0.006,Domestic
3784,3784,85,"Dec 5, 2006",Black Christmas,9000000,16235738,16235738,0,7235738,-9000000,7235738,0.002,-0.003,0.002,Domestic
3785,3785,86,"Nov 18, 2016",The Edge of Seventeen,9000000,14431633,19096003,4664370,5431633,-4335630,10096003,0.002,-0.001,0.003,Domestic
3786,3786,87,"Dec 2, 2016",Jackie,9000000,13960394,36588512,22628118,4960394,13628118,27588512,0.001,0.004,0.008,Domestic
3787,3787,88,"Mar 16, 1984",The Ice Pirates,9000000,13075390,13075390,0,4075390,-9000000,4075390,0.001,-0.003,0.001,Domestic
3788,3788,89,"May 14, 2004",Breakin' All the Rules,9000000,12232382,12512317,279935,3232382,-8720065,3512317,0.001,-0.003,0.001,Domestic
3789,3789,90,"Aug 12, 2011",Glee: The 3D Concert Movie,9000000,11862398,17462398,5600000,2862398,-3400000,8462398,0.001,-0.001,0.002,Domestic
3790,3790,91,"Nov 8, 1989",Henry V,9000000,10161099,10176701,15602,1161099,-8984398,1176701,0.0,-0.003,0.0,Domestic
3791,3791,92,"Nov 4, 2016",Loving,9000000,7710234,12898064,5187830,-1289766,-3812170,3898064,-0.0,-0.001,0.001,Domestic
3792,3792,93,"Nov 28, 2007",The Savages,9000000,6623082,10642023,4018941,-2376918,-4981059,1642023,-0.001,-0.001,0.0,Domestic
3793,3793,94,"Apr 16, 2003",Chasing Papi,9000000,6126237,12657377,6531140,-2873763,-2468860,3657377,-0.001,-0.001,0.001,Domestic
3794,3794,95,"Sep 8, 2000",The Way of the Gun,9000000,6047856,13061935,7014079,-2952144,-1985921,4061935,-0.001,-0.001,0.001,Domestic
3795,3795,96,"May 17, 2019",The Sun is Also a Star,9000000,4950029,5434029,484000,-4049971,-8516000,-3565971,-0.001,-0.002,-0.001,Domestic
3796,3796,97,"Aug 22, 2008",Hamlet 2,9000000,4886216,4934104,47888,-4113784,-8952112,-4065896,-0.001,-0.003,-0.001,Domestic
3797,3797,98,"Sep 13, 2002",Igby Goes Down,9000000,4777465,4777465,0,-4222535,-9000000,-4222535,-0.001,-0.003,-0.001,Domestic
3798,3798,99,"Apr 29, 1994",PCU,9000000,4333569,4333569,0,-4666431,-9000000,-4666431,-0.001,-0.003,-0.001,Domestic
3799,3799,100,"Mar 9, 2007",The Ultimate Gift,9000000,3438735,3438735,0,-5561265,-9000000,-5561265,-0.002,-0.003,-0.002,Domestic
3800,3800,1,"Sep 29, 2000",Beautiful,9000000,3134509,3134509,0,-5865491,-9000000,-5865491,-0.002,-0.003,-0.002,Domestic
3801,3801,2,"Jun 1, 2007",Gracie,9000000,2956339,3922043,965704,-6043661,-8034296,-5077957,-0.002,-0.002,-0.001,Domestic
3802,3802,3,"Mar 22, 2013",The Sapphires,9000000,2450867,20395040,17944173,-6549133,8944173,11395040,-0.002,0.003,0.003,Domestic
3803,3803,4,"Aug 26, 2016",Greater,9000000,2000093,2000093,0,-6999907,-9000000,-6999907,-0.002,-0.003,-0.002,Domestic
3804,3804,5,"Dec 25, 2018",Destroyer,9000000,1533324,3681096,2147772,-7466676,-6852228,-5318904,-0.002,-0.002,-0.002,Domestic
3805,3805,6,"Aug 18, 2006",Trust the Man,9000000,1530535,2548378,1017843,-7469465,-7982157,-6451622,-0.002,-0.002,-0.002,Domestic
3806,3806,7,"Aug 26, 2005",Undiscovered,9000000,1069318,1069318,0,-7930682,-9000000,-7930682,-0.002,-0.003,-0.002,Domestic
3807,3807,8,"Nov 6, 1998",Velvet Goldmine,9000000,1053788,4313644,3259856,-7946212,-5740144,-4686356,-0.002,-0.002,-0.001,Domestic
3808,3808,9,"May 14, 2010",Princess Kaiulani,9000000,883887,883887,0,-8116113,-9000000,-8116113,-0.002,-0.003,-0.002,Domestic
3809,3809,10,"Jun 20, 2003",The Legend of Suriyothai,9000000,454255,454255,0,-8545745,-9000000,-8545745,-0.002,-0.003,-0.002,Domestic
3810,3810,11,"Oct 25, 1991",Due occhi diabolici,9000000,349618,349618,0,-8650382,-9000000,-8650382,-0.002,-0.003,-0.002,Domestic
3811,3811,12,"May 6, 2016",Dheepan,9000000,248795,7704357,7455562,-8751205,-1544438,-1295643,-0.003,-0.0,-0.0,Domestic
3812,3812,13,"Jan 22, 2010",La fille du RER,9000000,208163,208163,0,-8791837,-9000000,-8791837,-0.003,-0.003,-0.003,Domestic
3813,3813,14,"Oct 25, 2002",All or Nothing,9000000,184255,184255,0,-8815745,-9000000,-8815745,-0.003,-0.003,-0.003,Domestic
3814,3814,15,"Feb 5, 2010",Red Riding: The Year of Our Lord 1974,9000000,148826,148826,0,-8851174,-9000000,-8851174,-0.003,-0.003,-0.003,Domestic
3815,3815,16,"Jul 31, 2009",Flammen og Citronen,9000000,148089,1635241,1487152,-8851911,-7512848,-7364759,-0.003,-0.002,-0.002,Domestic
3816,3816,17,"Apr 2, 2010",Leaves of Grass,9000000,70066,85527,15461,-8929934,-8984539,-8914473,-0.003,-0.003,-0.003,Domestic
3817,3817,18,"Nov 22, 2006",Opal Dream,9000000,14443,14443,0,-8985557,-9000000,-8985557,-0.003,-0.003,-0.003,Domestic
3818,3818,19,"May 8, 2015",Skin Trade,9000000,1242,1242,0,-8998758,-9000000,-8998758,-0.003,-0.003,-0.003,Domestic
3823,3823,24,"May 18, 2012",Polisse,8900000,176988,22744132,22567144,-8723012,13667144,13844132,-0.003,0.004,0.004,Domestic
3824,3824,25,"Nov 13, 2015",Heist,8900000,50136,3324131,3273995,-8849864,-5626005,-5575869,-0.003,-0.002,-0.002,Domestic
3826,3826,27,"Sep 26, 1986",Crocodile Dundee,8800000,174803506,328203506,153400000,166003506,144600000,319403506,0.048,0.042,0.092,Domestic
3828,3828,29,"Nov 30, 2007",Awake,8600000,14373825,32968648,18594823,5773825,9994823,24368648,0.002,0.003,0.007,Domestic
3829,3829,30,"Nov 18, 2016",Manchester by the Sea,8500000,47695371,77733867,30038496,39195371,21538496,69233867,0.011,0.006,0.02,Domestic
3830,3830,31,"Dec 16, 2009",Crazy Heart,8500000,39471742,47417251,7945509,30971742,-554491,38917251,0.009,-0.0,0.011,Domestic
3831,3831,32,"Aug 15, 2008",Star Wars: The Clone Wars,8500000,35161554,68695443,33533889,26661554,25033889,60195443,0.008,0.007,0.017,Domestic
3832,3832,33,"Feb 20, 2015",The DUFF,8500000,34030343,43528634,9498291,25530343,998291,35028634,0.007,0.0,0.01,Domestic
3833,3833,34,"Oct 31, 2014",Nightcrawler,8500000,32381218,50334418,17953200,23881218,9453200,41834418,0.007,0.003,0.012,Domestic
3834,3834,35,"Jul 31, 1987",The Lost Boys,8500000,32222567,32222567,0,23722567,-8500000,23722567,0.007,-0.002,0.007,Domestic
3835,3835,36,"Jan 16, 2019",Dragon Ball Super: Broly,8500000,30376755,122747755,92371000,21876755,83871000,114247755,0.006,0.024,0.033,Domestic
3836,3836,37,"Nov 7, 1979",The Rose,8500000,29200000,29200000,0,20700000,-8500000,20700000,0.006,-0.002,0.006,Domestic
3837,3837,38,"Sep 27, 2013",Baggage Claim,8500000,21569509,22885836,1316327,13069509,-7183673,14385836,0.004,-0.002,0.004,Domestic
3838,3838,39,"Oct 7, 2016",Middle School: The Worst Years of My Life,8500000,20007149,23311293,3304144,11507149,-5195856,14811293,0.003,-0.002,0.004,Domestic
3839,3839,40,"Mar 1, 1991",Haakon Haakonsen,8500000,15024232,15024232,0,6524232,-8500000,6524232,0.002,-0.002,0.002,Domestic
3840,3840,41,"Apr 23, 1999",Election,8500000,14943582,17202854,2259272,6443582,-6240728,8702854,0.002,-0.002,0.003,Domestic
3841,3841,42,"Mar 9, 2007",The Namesake,8500000,13610521,20288774,6678253,5110521,-1821747,11788774,0.001,-0.001,0.003,Domestic
3842,3842,43,"Oct 18, 2013",All is Lost,8500000,6263670,10386814,4123144,-2236330,-4376856,1886814,-0.001,-0.001,0.001,Domestic
3843,3843,44,"Feb 27, 2004",Club Dread,8500000,5001655,7573551,2571896,-3498345,-5928104,-926449,-0.001,-0.002,-0.0,Domestic
3844,3844,45,"Sep 17, 2009",Bright Star,8500000,4444637,17220091,12775454,-4055363,4275454,8720091,-0.001,0.001,0.003,Domestic
3845,3845,46,"Sep 21, 2001",Glitter,8500000,4273372,4273372,0,-4226628,-8500000,-4226628,-0.001,-0.002,-0.001,Domestic
3846,3846,47,"Jun 13, 2014",The Rover,8500000,1109199,3180252,2071053,-7390801,-6428947,-5319748,-0.002,-0.002,-0.002,Domestic
3847,3847,48,"Apr 23, 2004",Silmido,8500000,298347,30298347,30000000,-8201653,21500000,21798347,-0.002,0.006,0.006,Domestic
3848,3848,49,"Nov 7, 2008",Repo! The Genetic Opera,8500000,140244,198883,58639,-8359756,-8441361,-8301117,-0.002,-0.002,-0.002,Domestic
3851,3851,52,"Feb 12, 2010",My Name is Khan,8470000,4046336,42355526,38309190,-4423664,29839190,33885526,-0.001,0.009,0.01,Domestic
3852,3852,53,"Mar 23, 2007",Namastey London,8400000,1207007,6831069,5624062,-7192993,-2775938,-1568931,-0.002,-0.001,-0.0,Domestic
3853,3853,54,"May 31, 2013",Yeh Jawaani Hai Deewani,8300000,3827466,50827466,47000000,-4472534,38700000,42527466,-0.001,0.011,0.012,Domestic
3854,3854,55,"Jun 4, 1999",Limbo,8300000,2160710,2598224,437514,-6139290,-7862486,-5701776,-0.002,-0.002,-0.002,Domestic
3855,3855,56,"Mar 16, 2007",The Wind That Shakes the Barley,8300000,1829142,25670174,23841032,-6470858,15541032,17370174,-0.002,0.004,0.005,Domestic
3856,3856,57,"Apr 16, 2010",The City of Your Final Destination,8300000,493296,1353296,860000,-7806704,-7440000,-6946704,-0.002,-0.002,-0.002,Domestic
3858,3858,59,"Feb 23, 1951",Quo Vadis?,8250000,30000000,30028513,28513,21750000,-8221487,21778513,0.006,-0.002,0.006,Domestic
3859,3859,60,"Mar 2, 1965",The Sound of Music,8200000,163214286,286214286,123000000,155014286,114800000,278014286,0.045,0.033,0.08,Domestic
3860,3860,61,"Feb 17, 1984",Footloose,8200000,80000000,80000000,0,71800000,-8200000,71800000,0.021,-0.002,0.021,Domestic
3861,3861,62,"Oct 14, 1994",Pulp Fiction,8000000,107928762,212928762,105000000,99928762,97000000,204928762,0.029,0.028,0.059,Domestic
3862,3862,63,"Jun 22, 1984",The Karate Kid,8000000,90815558,90815558,0,82815558,-8000000,82815558,0.024,-0.002,0.024,Domestic
3863,3863,64,"Jun 22, 1979",The Muppet Movie,8000000,76657000,76657000,0,68657000,-8000000,68657000,0.02,-0.002,0.02,Domestic
3864,3864,65,"Mar 9, 1984",Splash,8000000,62599495,62599495,0,54599495,-8000000,54599495,0.016,-0.002,0.016,Domestic
3865,3865,66,"Jul 26, 2006",Little Miss Sunshine,8000000,59891098,100642353,40751255,51891098,32751255,92642353,0.015,0.009,0.027,Domestic
3866,3866,67,"Sep 17, 2010",Easy A,8000000,58401464,76200721,17799257,50401464,9799257,68200721,0.015,0.003,0.02,Domestic
3867,3867,68,"Aug 8, 1986",Stand by Me,8000000,52287414,52287414,0,44287414,-8000000,44287414,0.013,-0.002,0.013,Domestic
3868,3868,69,"Jun 27, 2003",28 Days Laterâ¦,8000000,45064915,82955633,37890718,37064915,29890718,74955633,0.011,0.009,0.022,Domestic
3869,3869,70,"Jun 22, 1979",Escape from Alcatraz,8000000,43000000,43000000,0,35000000,-8000000,35000000,0.01,-0.002,0.01,Domestic
3870,3870,71,"Jan 30, 2004",You Got Served,8000000,40066497,50811858,10745361,32066497,2745361,42811858,0.009,0.001,0.012,Domestic
3871,3871,72,"May 3, 2019",The Intruder,8000000,35095904,36005871,909967,27095904,-7090033,28005871,0.008,-0.002,0.008,Domestic
3872,3872,73,"Sep 30, 2011",50/50,8000000,35016118,41334735,6318617,27016118,-1681383,33334735,0.008,-0.0,0.01,Domestic
3873,3873,74,"Apr 3, 1996",A Thin Line Between Love & Hate,8000000,34873513,34873513,0,26873513,-8000000,26873513,0.008,-0.002,0.008,Domestic
3874,3874,75,"Sep 2, 2015",A Walk in the Woods,8000000,29499394,37119358,7619964,21499394,-380036,29119358,0.006,-0.0,0.008,Domestic
3875,3875,76,"Oct 11, 2002",Brown Sugar,8000000,27362712,28315272,952560,19362712,-7047440,20315272,0.006,-0.002,0.006,Domestic
3876,3876,77,"Mar 13, 1992",Howards End,8000000,26124872,26317943,193071,18124872,-7806929,18317943,0.005,-0.002,0.005,Domestic
3877,3877,78,"Jan 31, 2014",That Awkward Moment,8000000,26068955,53068955,27000000,18068955,19000000,45068955,0.005,0.005,0.013,Domestic
3878,3878,79,"Mar 21, 2008",Shutter,8000000,25928550,47782426,21853876,17928550,13853876,39782426,0.005,0.004,0.011,Domestic
3879,3879,80,"Dec 25, 1981",Modern Problems,8000000,24474312,24474312,0,16474312,-8000000,16474312,0.005,-0.002,0.005,Domestic
3880,3880,81,"Dec 18, 1969",On Her Majesty's Secret Service,8000000,22800000,82000000,59200000,14800000,51200000,74000000,0.004,0.015,0.021,Domestic
3881,3881,82,"May 7, 1993",Much Ado About Nothing,8000000,22549338,22549338,0,14549338,-8000000,14549338,0.004,-0.002,0.004,Domestic
3882,3882,83,"Apr 10, 1992",The Player,8000000,21706101,28876702,7170601,13706101,-829399,20876702,0.004,-0.0,0.006,Domestic
3883,3883,84,"Nov 10, 1982",Creepshow,8000000,20036244,20036244,0,12036244,-8000000,12036244,0.003,-0.002,0.003,Domestic
3884,3884,85,"Apr 28, 2006",Akeelah and the Bee,8000000,18848430,18959424,110994,10848430,-7889006,10959424,0.003,-0.002,0.003,Domestic
3885,3885,86,"Oct 14, 1994",Wes Craven's New Nightmare,8000000,18090181,18090181,0,10090181,-8000000,10090181,0.003,-0.002,0.003,Domestic
3886,3886,87,"Oct 1, 1999",Drive Me Crazy,8000000,17843379,22591451,4748072,9843379,-3251928,14591451,0.003,-0.001,0.004,Domestic
3887,3887,88,"Sep 18, 2013",Enough Said,8000000,17550872,25621449,8070577,9550872,70577,17621449,0.003,0.0,0.005,Domestic
3888,3888,89,"Jan 16, 1998",Half Baked,8000000,17394881,17394881,0,9394881,-8000000,9394881,0.003,-0.002,0.003,Domestic
3889,3889,90,"Jan 30, 2009",New in Town,8000000,16734283,29937909,13203626,8734283,5203626,21937909,0.003,0.002,0.006,Domestic
3890,3890,91,"Jun 27, 2014",Begin Again,8000000,16170632,68838736,52668104,8170632,44668104,60838736,0.002,0.013,0.018,Domestic
3891,3891,92,"Apr 14, 2000",American Psycho,8000000,15070285,34270285,19200000,7070285,11200000,26270285,0.002,0.003,0.008,Domestic
3892,3892,93,"May 19, 2006",See No Evil,8000000,15032800,18828036,3795236,7032800,-4204764,10828036,0.002,-0.001,0.003,Domestic
3893,3893,94,"Aug 7, 2002",The Good Girl,8000000,14018296,16585503,2567207,6018296,-5432793,8585503,0.002,-0.002,0.002,Domestic
3894,3894,95,"Aug 4, 2006","Bon Cop, Bad Cop",8000000,12671300,12740705,69405,4671300,-7930595,4740705,0.001,-0.002,0.001,Domestic
3895,3895,96,"Oct 30, 2009",The Boondock Saints 2: All Saints Day,8000000,10273187,10629320,356133,2273187,-7643867,2629320,0.001,-0.002,0.001,Domestic
3896,3896,97,"Apr 29, 2011",Prom,8000000,10130219,10763183,632964,2130219,-7367036,2763183,0.001,-0.002,0.001,Domestic
3897,3897,98,"Apr 22, 1994",The Inkwell,8000000,8864699,8864699,0,864699,-8000000,864699,0.0,-0.002,0.0,Domestic
3898,3898,99,"Dec 29, 2000",Shadow of the Vampire,8000000,8279017,8279017,0,279017,-8000000,279017,0.0,-0.002,0.0,Domestic
3899,3899,100,"Jun 12, 2015",Me and Earl and the Dying Girl,8000000,6758416,9266180,2507764,-1241584,-5492236,1266180,-0.0,-0.002,0.0,Domestic
3900,3900,1,"Oct 8, 2010",It's Kind of a Funny Story,8000000,6363628,6632950,269322,-1636372,-7730678,-1367050,-0.0,-0.002,-0.0,Domestic
3901,3901,2,"May 3, 1996",The Pallbearer,8000000,5656388,5656388,0,-2343612,-8000000,-2343612,-0.001,-0.002,-0.001,Domestic
3902,3902,3,"Sep 22, 2000",Woman on Top,8000000,5018450,10192613,5174163,-2981550,-2825837,2192613,-0.001,-0.001,0.001,Domestic
3903,3903,4,"May 12, 2000",Held Up,8000000,4714090,4714090,0,-3285910,-8000000,-3285910,-0.001,-0.002,-0.001,Domestic
3904,3904,5,"Sep 2, 2016",Morgan,8000000,3915251,7298786,3383535,-4084749,-4616465,-701214,-0.001,-0.001,-0.0,Domestic
3905,3905,6,"Dec 30, 2015",Anomalisa,8000000,3759286,5706168,1946882,-4240714,-6053118,-2293832,-0.001,-0.002,-0.001,Domestic
3906,3906,7,"Dec 23, 2005",CachÃ©,8000000,3647381,19891331,16243950,-4352619,8243950,11891331,-0.001,0.002,0.003,Domestic
3907,3907,8,"Dec 29, 2010",Another Year,8000000,3205706,20005613,16799907,-4794294,8799907,12005613,-0.001,0.003,0.003,Domestic
3908,3908,9,"Sep 20, 2002",8 femmes,8000000,3076425,42376425,39300000,-4923575,31300000,34376425,-0.001,0.009,0.01,Domestic
3909,3909,10,"Jan 1, 1991",Showdown in Little Tokyo,8000000,2275557,2275557,0,-5724443,-8000000,-5724443,-0.002,-0.002,-0.002,Domestic
3910,3910,11,"Sep 25, 1998",Clay Pigeons,8000000,1793359,2256606,463247,-6206641,-7536753,-5743394,-0.002,-0.002,-0.002,Domestic
3911,3911,12,"Dec 20, 2013",Le passÃ©,8000000,1335672,15752575,14416903,-6664328,6416903,7752575,-0.002,0.002,0.002,Domestic
3912,3912,13,"Apr 6, 2018",Lean on Pete,8000000,1163056,2455027,1291971,-6836944,-6708029,-5544973,-0.002,-0.002,-0.002,Domestic
3913,3913,14,"Nov 19, 2010",Made in Dagenham,8000000,1095369,15644196,14548827,-6904631,6548827,7644196,-0.002,0.002,0.002,Domestic
3914,3914,15,"Jun 6, 2008",And When Did You Last See Your Father?,8000000,1071240,2476491,1405251,-6928760,-6594749,-5523509,-0.002,-0.002,-0.002,Domestic
3915,3915,16,"May 3, 2019",El Chicano,8000000,700261,700261,0,-7299739,-8000000,-7299739,-0.002,-0.002,-0.002,Domestic
3916,3916,17,"Mar 5, 2010",The Secret of Kells,8000000,690290,3582797,2892507,-7309710,-5107493,-4417203,-0.002,-0.001,-0.001,Domestic
3917,3917,18,"Jan 24, 1997",Prefontaine,8000000,590817,590817,0,-7409183,-8000000,-7409183,-0.002,-0.002,-0.002,Domestic
3918,3918,19,"Oct 28, 1983",The Wicked Lady,8000000,589308,589308,0,-7410692,-8000000,-7410692,-0.002,-0.002,-0.002,Domestic
3919,3919,20,"May 5, 2006",Down in the Valley,8000000,568932,973443,404511,-7431068,-7595489,-7026557,-0.002,-0.002,-0.002,Domestic
3920,3920,21,"May 11, 2007",Brooklyn Rules,8000000,458232,458232,0,-7541768,-8000000,-7541768,-0.002,-0.002,-0.002,Domestic
3921,3921,22,"Oct 24, 2003",The Singing Detective,8000000,336456,524747,188291,-7663544,-7811709,-7475253,-0.002,-0.002,-0.002,Domestic
3922,3922,23,"Jun 15, 2007",Fido,8000000,298110,456814,158704,-7701890,-7841296,-7543186,-0.002,-0.002,-0.002,Domestic
3923,3923,24,"Oct 26, 2018",London Fields,8000000,252676,433732,181056,-7747324,-7818944,-7566268,-0.002,-0.002,-0.002,Domestic
3924,3924,25,"Sep 16, 2011",Restless,8000000,163753,2772511,2608758,-7836247,-5391242,-5227489,-0.002,-0.002,-0.002,Domestic
3925,3925,26,"Jun 12, 1998",The Land Girls,8000000,146083,146083,0,-7853917,-8000000,-7853917,-0.002,-0.002,-0.002,Domestic
3926,3926,27,"May 18, 2007",The Wendell Baker Story,8000000,127188,127188,0,-7872812,-8000000,-7872812,-0.002,-0.002,-0.002,Domestic
3927,3927,28,"Oct 29, 2010",Wild Target,8000000,109338,5314194,5204856,-7890662,-2795144,-2685806,-0.002,-0.001,-0.001,Domestic
3928,3928,29,"Apr 18, 2008",Pathology,8000000,109045,3270974,3161929,-7890955,-4838071,-4729026,-0.002,-0.001,-0.001,Domestic
3929,3929,30,"Oct 5, 2012",Wuthering Heights,8000000,100915,2721534,2620619,-7899085,-5379381,-5278466,-0.002,-0.002,-0.002,Domestic
3930,3930,31,"Nov 18, 2016",A Street Cat Named Bob,8000000,82703,17382693,17299990,-7917297,9299990,9382693,-0.002,0.003,0.003,Domestic
3931,3931,32,"Aug 18, 2006",10th & Wolf,8000000,54702,143782,89080,-7945298,-7910920,-7856218,-0.002,-0.002,-0.002,Domestic
3932,3932,33,"May 22, 2015",Aloft,8000000,53086,237688,184602,-7946914,-7815398,-7762312,-0.002,-0.002,-0.002,Domestic
3933,3933,34,"Oct 14, 2011",Fireflies in the Garden,8000000,36884,3587191,3550307,-7963116,-4449693,-4412809,-0.002,-0.001,-0.001,Domestic
3934,3934,35,"Sep 23, 2005",Dear Wendy,8000000,23106,446438,423332,-7976894,-7576668,-7553562,-0.002,-0.002,-0.002,Domestic
3935,3935,36,"Apr 27, 2001",Akira,8000000,19585,19585,0,-7980415,-8000000,-7980415,-0.002,-0.002,-0.002,Domestic
3948,3948,49,"Jan 27, 2006",Imagine Me & You,7900000,672243,3129471,2457228,-7227757,-5442772,-4770529,-0.002,-0.002,-0.001,Domestic
3949,3949,50,"Jul 4, 2003",Swimming Pool,7800000,10130108,24021282,13891174,2330108,6091174,16221282,0.001,0.002,0.005,Domestic
3950,3950,51,"Feb 23, 1990",The Blood of Heroes,7700000,882290,882290,0,-6817710,-7700000,-6817710,-0.002,-0.002,-0.002,Domestic
3951,3951,52,"Apr 14, 2015",Loin des hommes,7700000,5336,1080428,1075092,-7694664,-6624908,-6619572,-0.002,-0.002,-0.002,Domestic
3952,3952,53,"Dec 13, 1989",Driving Miss Daisy,7500000,106593296,106593296,0,99093296,-7500000,99093296,0.029,-0.002,0.029,Domestic
3953,3953,54,"Sep 26, 1997",Soul Food,7500000,43492389,43492389,0,35992389,-7500000,35992389,0.01,-0.002,0.01,Domestic
3954,3954,55,"Jul 17, 2009",(500) Days of Summer,7500000,32425665,34439060,2013395,24925665,-5486605,26939060,0.007,-0.002,0.008,Domestic
3955,3955,56,"Feb 23, 1996",Rumble in the Bronx,7500000,32281907,36238752,3956845,24781907,-3543155,28738752,0.007,-0.001,0.008,Domestic
3956,3956,57,"Mar 17, 2006",Thank You For Smoking,7500000,24793509,40016662,15223153,17293509,7723153,32516662,0.005,0.002,0.009,Domestic
3957,3957,58,"Jun 8, 2007",Hostel: Part II,7500000,17544812,33606409,16061597,10044812,8561597,26106409,0.003,0.002,0.008,Domestic
3958,3958,59,"Oct 9, 2009",An Education,7500000,12574914,29652736,17077822,5074914,9577822,22152736,0.001,0.003,0.006,Domestic
3959,3959,60,"Sep 4, 2009",Extract,7500000,10823158,10849158,26000,3323158,-7474000,3349158,0.001,-0.002,0.001,Domestic
3960,3960,61,"Dec 20, 2002",Narc,7500000,10465659,11843260,1377601,2965659,-6122399,4343260,0.001,-0.002,0.001,Domestic
3961,3961,62,"Oct 21, 2005",Shopgirl,7500000,10284523,11758418,1473895,2784523,-6026105,4258418,0.001,-0.002,0.001,Domestic
3962,3962,63,"Mar 9, 1984",The Hotel New Hampshire,7500000,5142858,5142858,0,-2357142,-7500000,-2357142,-0.001,-0.002,-0.001,Domestic
3963,3963,64,"Mar 8, 2002",Men with Brooms,7500000,4239767,4239767,0,-3260233,-7500000,-3260233,-0.001,-0.002,-0.001,Domestic
3964,3964,65,"Feb 22, 2008",Witless Protection,7500000,4151836,4151836,0,-3348164,-7500000,-3348164,-0.001,-0.002,-0.001,Domestic
3965,3965,66,"Nov 24, 2004",The Work and the Glory,7500000,3347647,3347647,0,-4152353,-7500000,-4152353,-0.001,-0.002,-0.001,Domestic
3966,3966,67,"Dec 21, 2011",Albert Nobbs,7500000,3014696,8539003,5524307,-4485304,-1975693,1039003,-0.001,-0.001,0.0,Domestic
3967,3967,68,"Jun 24, 2016",The Neon Demon,7500000,1333124,3559803,2226679,-6166876,-5273321,-3940197,-0.002,-0.002,-0.001,Domestic
3968,3968,69,"Jul 24, 2003",Masked and Anonymous,7500000,533344,555335,21991,-6966656,-7478009,-6944665,-0.002,-0.002,-0.002,Domestic
3969,3969,70,"Apr 13, 2018",Borg vs McEnroe,7500000,231346,3257922,3026576,-7268654,-4473424,-4242078,-0.002,-0.001,-0.001,Domestic
3970,3970,71,"Sep 13, 2002",Betty Fisher et autres histoires,7500000,206400,206400,0,-7293600,-7500000,-7293600,-0.002,-0.002,-0.002,Domestic
3971,3971,72,"Aug 6, 2004",Code 46,7500000,197148,1788324,1591176,-7302852,-5908824,-5711676,-0.002,-0.002,-0.002,Domestic
3976,3976,77,"Jan 13, 2017",The Bye Bye Man,7400000,22395806,31187727,8791921,14995806,1391921,23787727,0.004,0.0,0.007,Domestic
3977,3977,78,"Apr 27, 2007",Ta Ra Rum Pum,7400000,872643,9443864,8571221,-6527357,1171221,2043864,-0.002,0.0,0.001,Domestic
3978,3978,79,"May 6, 2005",Crash,7303082,55334418,101173038,45838620,48031336,38535538,93869956,0.014,0.011,0.027,Domestic
3979,3979,80,"Dec 25, 2007",Persepolis,7300000,4443403,25397187,20953784,-2856597,13653784,18097187,-0.001,0.004,0.005,Domestic
3980,3980,81,"Apr 30, 2010",Harry Brown,7300000,1818681,12023606,10204925,-5481319,2904925,4723606,-0.002,0.001,0.001,Domestic
3982,3982,83,"Dec 17, 1971",Diamonds Are Forever,7200000,43800000,116000000,72200000,36600000,65000000,108800000,0.011,0.019,0.031,Domestic
3983,3983,84,"Oct 15, 1999",The Omega Code,7200000,12610552,12678312,67760,5410552,-7132240,5478312,0.002,-0.002,0.002,Domestic
3984,3984,85,"Sep 16, 2011",3,7200000,59774,295492,235718,-7140226,-6964282,-6904508,-0.002,-0.002,-0.002,Domestic
3985,3985,86,"Dec 5, 2007",Juno,7000000,143495265,231450102,87954837,136495265,80954837,224450102,0.039,0.023,0.065,Domestic
3986,3986,87,"Mar 15, 1972",The Godfather,7000000,134966411,268500000,133533589,127966411,126533589,261500000,0.037,0.037,0.076,Domestic
3987,3987,88,"Jun 29, 2012",Magic Mike,7000000,113721571,170549753,56828182,106721571,49828182,163549753,0.031,0.014,0.047,Domestic
3988,3988,89,"Apr 15, 1983",Flashdance,7000000,90463574,201463574,111000000,83463574,104000000,194463574,0.024,0.03,0.056,Domestic
3989,3989,90,"Mar 16, 2018",I Can Only Imagine,7000000,83482352,85604221,2121869,76482352,-4878131,78604221,0.022,-0.001,0.023,Domestic
3990,3990,91,"Mar 15, 2019",Five Feet Apart,7000000,45729221,80504421,34775200,38729221,27775200,73504421,0.011,0.008,0.021,Domestic
3991,3991,92,"Nov 12, 1993",The Piano,7000000,40157856,40168957,11101,33157856,-6988899,33168957,0.01,-0.002,0.01,Domestic
3992,3992,93,"May 6, 2011",Jumping the Broom,7000000,37295394,38158601,863207,30295394,-6136793,31158601,0.009,-0.002,0.009,Domestic
3993,3993,94,"Jun 27, 1973",Live and Let Die,7000000,35400000,161800000,126400000,28400000,119400000,154800000,0.008,0.034,0.045,Domestic
3994,3994,95,"Jan 12, 2000",My Dog Skip,7000000,34099640,35795319,1695679,27099640,-5304321,28795319,0.008,-0.002,0.008,Domestic
3995,3995,96,"Jan 24, 2003",Darkness Falls,7000000,32539681,47289758,14750077,25539681,7750077,40289758,0.007,0.002,0.012,Domestic
3996,3996,97,"Feb 14, 2008","Definitely, Maybe",7000000,32241649,55617866,23376217,25241649,16376217,48617866,0.007,0.005,0.014,Domestic
3997,3997,98,"Oct 7, 2005","Good Night, and Good Luck",7000000,31501218,56586901,25085683,24501218,18085683,49586901,0.007,0.005,0.014,Domestic
3998,3998,99,"Sep 30, 2005",Capote,7000000,28750530,49924079,21173549,21750530,14173549,42924079,0.006,0.004,0.012,Domestic
3999,3999,100,"Mar 29, 1974",The Great Gatsby,7000000,26533200,26533200,0,19533200,-7000000,19533200,0.006,-0.002,0.006,Domestic
4000,4000,1,"Aug 4, 2006",The Descent,7000000,26024456,57051053,31026597,19024456,24026597,50051053,0.005,0.007,0.014,Domestic
4001,4001,2,"Aug 25, 1995",Desperado,7000000,25532388,25532388,0,18532388,-7000000,18532388,0.005,-0.002,0.005,Domestic
4002,4002,3,"Jan 1, 1976",Logan's Run,7000000,25000000,25000000,0,18000000,-7000000,18000000,0.005,-0.002,0.005,Domestic
4003,4003,4,"Apr 7, 2017",Gifted,7000000,24801212,36964656,12163444,17801212,5163444,29964656,0.005,0.001,0.009,Domestic
4004,4004,5,"Mar 8, 1996",Fargo,7000000,24567751,51204567,26636816,17567751,19636816,44204567,0.005,0.006,0.013,Domestic
4005,4005,6,"Apr 11, 2001",Kingdom Come,7000000,23247539,23393939,146400,16247539,-6853600,16393939,0.005,-0.002,0.005,Domestic
4006,4006,7,"Dec 20, 1974",The Man with the Golden Gun,7000000,21000000,97600000,76600000,14000000,69600000,90600000,0.004,0.02,0.026,Domestic
4007,4007,8,"Feb 12, 1988",Action Jackson,7000000,20257000,20257000,0,13257000,-7000000,13257000,0.004,-0.002,0.004,Domestic
4008,4008,9,"May 13, 1983",Breathless,7000000,19910002,19910002,0,12910002,-7000000,12910002,0.004,-0.002,0.004,Domestic
4009,4009,10,"May 5, 2000",Michael Jordan to the MAX,7000000,18642318,18642318,0,11642318,-7000000,11642318,0.003,-0.002,0.003,Domestic
4010,4010,11,"Jun 19, 2015",Dope,7000000,17506470,18190831,684361,10506470,-6315639,11190831,0.003,-0.002,0.003,Domestic
4011,4011,12,"Jul 22, 2005",The Devil's Rejects,7000000,17044981,20940428,3895447,10044981,-3104553,13940428,0.003,-0.001,0.004,Domestic
4012,4012,13,"May 24, 2019",BrightBurn,7000000,16794432,27989498,11195066,9794432,4195066,20989498,0.003,0.001,0.006,Domestic
4013,4013,14,"Jan 17, 2014",Devil's Due,7000000,15821461,36146087,20324626,8821461,13324626,29146087,0.003,0.004,0.008,Domestic
4014,4014,15,"Mar 22, 1996",Flirting with Disaster,7000000,14853474,16149180,1295706,7853474,-5704294,9149180,0.002,-0.002,0.003,Domestic
4015,4015,16,"Nov 14, 2014",Beyond the Lights,7000000,14618727,14618727,0,7618727,-7000000,7618727,0.002,-0.002,0.002,Domestic
4016,4016,17,"Jul 31, 1992",Buffy the Vampire Slayer,7000000,14231669,14231669,0,7231669,-7000000,7231669,0.002,-0.002,0.002,Domestic
4017,4017,18,"Aug 25, 1999",In Too Deep,7000000,14026509,15471229,1444720,7026509,-5555280,8471229,0.002,-0.002,0.002,Domestic
4018,4018,19,"Apr 11, 2003","House of 1,000 Corpses",7000000,12634962,17005466,4370504,5634962,-2629496,10005466,0.002,-0.001,0.003,Domestic
4019,4019,20,"Oct 11, 1985",Silver Bullet,7000000,10803211,10803211,0,3803211,-7000000,3803211,0.001,-0.002,0.001,Domestic
4020,4020,21,"Oct 10, 2003",House of the Dead,7000000,10199354,13860078,3660724,3199354,-3339276,6860078,0.001,-0.001,0.002,Domestic
4021,4021,22,"Oct 2, 2009",A Serious Man,7000000,9228788,30360570,21131782,2228788,14131782,23360570,0.001,0.004,0.007,Domestic
4022,4022,23,"Jul 30, 2010",Get Low,7000000,9176933,10828305,1651372,2176933,-5348628,3828305,0.001,-0.002,0.001,Domestic
4023,4023,24,"Dec 11, 2009",A Single Man,7000000,9176000,28142379,18966379,2176000,11966379,21142379,0.001,0.003,0.006,Domestic
4024,4024,25,"Jan 10, 1991",Warlock,7000000,8824553,8824553,0,1824553,-7000000,1824553,0.001,-0.002,0.001,Domestic
4025,4025,26,"Aug 12, 1988",The Last Temptation of Christ,7000000,8373585,8373585,0,1373585,-7000000,1373585,0.0,-0.002,0.0,Domestic
4026,4026,27,"Jun 18, 2010",Cyrus,7000000,7468936,10062896,2593960,468936,-4406040,3062896,0.0,-0.001,0.001,Domestic
4027,4027,28,"Sep 1, 1999",Outside Providence,7000000,7309628,7824358,514730,309628,-6485270,824358,0.0,-0.002,0.0,Domestic
4028,4028,29,"Feb 11, 2005",Bride & Prejudice,7000000,6601079,25269040,18667961,-398921,11667961,18269040,-0.0,0.003,0.005,Domestic
4029,4029,30,"Nov 29, 2002",Rabbit-Proof Fence,7000000,6199600,16866928,10667328,-800400,3667328,9866928,-0.0,0.001,0.003,Domestic
4030,4030,31,"Jul 27, 2007",Who's Your Caddy?,7000000,5694308,5694308,0,-1305692,-7000000,-1305692,-0.0,-0.002,-0.0,Domestic
4031,4031,32,"May 1, 1992",Split Second,7000000,5430822,5430822,0,-1569178,-7000000,-1569178,-0.0,-0.002,-0.0,Domestic
4032,4032,33,"Mar 8, 1991",Nikita,7000000,5017971,5017971,0,-1982029,-7000000,-1982029,-0.001,-0.002,-0.001,Domestic
4033,4033,34,"Dec 14, 2001",The Other Side of Heaven,7000000,4720371,4720371,0,-2279629,-7000000,-2279629,-0.001,-0.002,-0.001,Domestic
4034,4034,35,"Sep 28, 1990",Dark Angel,7000000,4372561,4372561,0,-2627439,-7000000,-2627439,-0.001,-0.002,-0.001,Domestic
4035,4035,36,"Jun 27, 1986",American Anthem,7000000,3571624,3571624,0,-3428376,-7000000,-3428376,-0.001,-0.002,-0.001,Domestic
4036,4036,37,"Nov 12, 2004",Veer-Zaara,7000000,2938532,7017859,4079327,-4061468,-2920673,17859,-0.001,-0.001,0.0,Domestic
4037,4037,38,"May 2, 2008",Redbelt,7000000,2344847,2667084,322237,-4655153,-6677763,-4332916,-0.001,-0.002,-0.001,Domestic
4038,4038,39,"Aug 27, 1999",A Dog of Flanders,7000000,2165637,2165637,0,-4834363,-7000000,-4834363,-0.001,-0.002,-0.001,Domestic
4039,4039,40,"Oct 18, 2002",Auto Focus,7000000,2062066,2703821,641755,-4937934,-6358245,-4296179,-0.001,-0.002,-0.001,Domestic
4040,4040,41,"Oct 21, 2011",The Mighty Macs,7000000,1891936,1891936,0,-5108064,-7000000,-5108064,-0.001,-0.002,-0.001,Domestic
4041,4041,42,"Dec 22, 2010",Somewhere,7000000,1785645,17023121,15237476,-5214355,8237476,10023121,-0.002,0.002,0.003,Domestic
4042,4042,43,"Jan 13, 2012",We Need to Talk About Kevin,7000000,1738692,10765283,9026591,-5261308,2026591,3765283,-0.002,0.001,0.001,Domestic
4043,4043,44,"Feb 2, 2007",Factory Girl,7000000,1661464,1661464,0,-5338536,-7000000,-5338536,-0.002,-0.002,-0.002,Domestic
4044,4044,45,"Nov 15, 2013",The Christmas Candle,7000000,1632000,1933829,301829,-5368000,-6698171,-5066171,-0.002,-0.002,-0.001,Domestic
4045,4045,46,"Sep 25, 2009",I Hope They Serve Beer in Hell,7000000,1429299,1429453,154,-5570701,-6999846,-5570547,-0.002,-0.002,-0.002,Domestic
4046,4046,47,"Apr 8, 1983",Losin' It,7000000,1246141,1246141,0,-5753859,-7000000,-5753859,-0.002,-0.002,-0.002,Domestic
4047,4047,48,"May 7, 2010",Mother and Child,7000000,1110509,6537179,5426670,-5889491,-1573330,-462821,-0.002,-0.0,-0.0,Domestic
4048,4048,49,"Aug 5, 1977",March or Die,7000000,1000000,1000000,0,-6000000,-7000000,-6000000,-0.002,-0.002,-0.002,Domestic
4049,4049,50,"Jul 12, 1996",Les Visiteurs,7000000,659000,98754000,98095000,-6341000,91095000,91754000,-0.002,0.026,0.026,Domestic
4050,4050,51,"Oct 2, 2015",Freeheld,7000000,546201,1732228,1186027,-6453799,-5813973,-5267772,-0.002,-0.002,-0.002,Domestic
4051,4051,52,"Apr 2, 2014",Dom Hemingway,7000000,523511,1857458,1333947,-6476489,-5666053,-5142542,-0.002,-0.002,-0.001,Domestic
4052,4052,53,"Jul 30, 2010",The Extra Man,7000000,453377,492108,38731,-6546623,-6961269,-6507892,-0.002,-0.002,-0.002,Domestic
4053,4053,54,"May 13, 2011",Hesher,7000000,382946,382946,0,-6617054,-7000000,-6617054,-0.002,-0.002,-0.002,Domestic
4054,4054,55,"Mar 13, 1998",Chairman of the Board,7000000,306715,306715,0,-6693285,-7000000,-6693285,-0.002,-0.002,-0.002,Domestic
4055,4055,56,"Feb 14, 2003",Gerry,7000000,254683,719699,465016,-6745317,-6534984,-6280301,-0.002,-0.002,-0.002,Domestic
4056,4056,57,"May 12, 2006",Wah-Wah,7000000,234750,463039,228289,-6765250,-6771711,-6536961,-0.002,-0.002,-0.002,Domestic
4057,4057,58,"Jun 13, 2003",The Heart of Me,7000000,196067,196067,0,-6803933,-7000000,-6803933,-0.002,-0.002,-0.002,Domestic
4058,4058,59,"Mar 26, 2010",Ca$h,7000000,46488,46488,0,-6953512,-7000000,-6953512,-0.002,-0.002,-0.002,Domestic
4059,4059,60,"Jan 30, 2015",Trudno byt bogom,7000000,31443,41038,9595,-6968557,-6990405,-6958962,-0.002,-0.002,-0.002,Domestic
4060,4060,61,"Jan 21, 2000",The Boondock Saints,7000000,30471,411874,381403,-6969529,-6618597,-6588126,-0.002,-0.002,-0.002,Domestic
4071,4071,72,"Jun 28, 1985",Pale Rider,6900000,41410568,41410568,0,34510568,-6900000,34510568,0.01,-0.002,0.01,Domestic
4072,4072,73,"Sep 21, 2012",House at the End of the Street,6900000,31611916,44103982,12492066,24711916,5592066,37203982,0.007,0.002,0.011,Domestic
4073,4073,74,"Sep 24, 1993",Dazed and Confused,6900000,7950889,7950889,0,1050889,-6900000,1050889,0.0,-0.002,0.0,Domestic
4075,4075,76,"Sep 17, 2010",Incendies,6800000,6857096,16038343,9181247,57096,2381247,9238343,0.0,0.001,0.003,Domestic
4076,4076,77,"Aug 11, 2000",AimÃ©e & Jaguar,6800000,927107,927107,0,-5872893,-6800000,-5872893,-0.002,-0.002,-0.002,Domestic
4077,4077,78,"Aug 5, 2005",The Chumscrubber,6800000,49526,49526,0,-6750474,-6800000,-6750474,-0.002,-0.002,-0.002,Domestic
4078,4078,79,"Apr 9, 2004",Shade,6800000,25032,9533964,9508932,-6774968,2708932,2733964,-0.002,0.001,0.001,Domestic
4079,4079,80,"Sep 10, 2010",Bran Nue Dae,6750000,113568,6812530,6698962,-6636432,-51038,62530,-0.002,-0.0,0.0,Domestic
4080,4080,81,"Sep 3, 2004","Remember Me, My Love",6700000,223878,223878,0,-6476122,-6700000,-6476122,-0.002,-0.002,-0.002,Domestic
4081,4081,82,"May 21, 2010",Perrierâs Bounty,6600000,828,828,0,-6599172,-6600000,-6599172,-0.002,-0.002,-0.002,Domestic
4082,4082,83,"Sep 19, 2008",Tropa de Elite,6537890,8744,14319195,14310451,-6529146,7772561,7781305,-0.002,0.002,0.002,Domestic
4083,4083,84,"Oct 3, 2014",Annabelle,6500000,84273813,256862920,172589107,77773813,166089107,250362920,0.022,0.048,0.072,Domestic
4084,4084,85,"Feb 1, 2008",Hannah Montana/Miley Cyrus: Best of Both Worlds Concert Tour,6500000,65281781,70712099,5430318,58781781,-1069682,64212099,0.017,-0.0,0.019,Domestic
4085,4085,86,"Jul 12, 1991",Boyz n the Hood,6500000,56190094,56215095,25001,49690094,-6474999,49715095,0.014,-0.002,0.014,Domestic
4086,4086,87,"Jul 24, 1987",La Bamba,6500000,54215416,54215416,0,47715416,-6500000,47715416,0.014,-0.002,0.014,Domestic
4087,4087,88,"May 22, 1981",The Four Seasons,6500000,42488161,42488161,0,35988161,-6500000,35988161,0.01,-0.002,0.01,Domestic
4088,4088,89,"Jan 1, 1980",Dressed to Kill,6500000,31899000,31899000,0,25399000,-6500000,25399000,0.007,-0.002,0.007,Domestic
4089,4089,90,"Apr 2, 1993",The Adventures of Huck Finn,6500000,24103594,24103594,0,17603594,-6500000,17603594,0.005,-0.002,0.005,Domestic
4090,4090,91,"Apr 9, 1999",Go!,6500000,16875273,28383441,11508168,10375273,5008168,21883441,0.003,0.001,0.006,Domestic
4091,4091,92,"Apr 7, 2006",Friends with Money,6500000,13368437,18110152,4741715,6868437,-1758285,11610152,0.002,-0.001,0.003,Domestic
4092,4092,93,"Jan 1, 1971",The Andromeda Strain,6500000,12376563,12376563,0,5876563,-6500000,5876563,0.002,-0.002,0.002,Domestic
4093,4093,94,"Oct 22, 1999",Bats,6500000,10155691,10155691,0,3655691,-6500000,3655691,0.001,-0.002,0.001,Domestic
4094,4094,95,"Oct 20, 2017",Same Kind of Different as Me,6500000,6423605,6423605,0,-76395,-6500000,-76395,-0.0,-0.002,-0.0,Domestic
4095,4095,96,"Mar 7, 2003",Nowhere in Africa,6500000,6173485,6173485,0,-326515,-6500000,-326515,-0.0,-0.002,-0.0,Domestic
4096,4096,97,"Dec 2, 2011",Shame,6500000,4002293,20412841,16410548,-2497707,9910548,13912841,-0.001,0.003,0.004,Domestic
4097,4097,98,"May 13, 2005",Layer Cake,6500000,2339957,11745931,9405974,-4160043,2905974,5245931,-0.001,0.001,0.002,Domestic
4098,4098,99,"May 31, 2013",The East,6500000,2274649,3027956,753307,-4225351,-5746693,-3472044,-0.001,-0.002,-0.001,Domestic
4099,4099,100,"Oct 21, 2005",The Work and the Glory: American Zion,6500000,2025032,2025032,0,-4474968,-6500000,-4474968,-0.001,-0.002,-0.001,Domestic
4100,4100,1,"Nov 13, 2009",The Messenger,6500000,1109660,1744952,635292,-5390340,-5864708,-4755048,-0.002,-0.002,-0.001,Domestic
4101,4101,2,"Jul 23, 2004",A Home at the End of the World,6500000,1029017,1033810,4793,-5470983,-6495207,-5466190,-0.002,-0.002,-0.002,Domestic
4102,4102,3,"Aug 17, 2001",Aberdeen,6500000,64148,64148,0,-6435852,-6500000,-6435852,-0.002,-0.002,-0.002,Domestic
4104,4104,5,"Oct 26, 1984",The Terminator,6400000,38019031,78019031,40000000,31619031,33600000,71619031,0.009,0.01,0.021,Domestic
4105,4105,6,"Feb 27, 2004","Good Bye, Lenin!",6400000,4063859,79384539,75320680,-2336141,68920680,72984539,-0.001,0.02,0.021,Domestic
4106,4106,7,"Oct 10, 2007",Control,6400000,871577,8902141,8030564,-5528423,1630564,2502141,-0.002,0.0,0.001,Domestic
4107,4107,8,"Oct 9, 2009",The Damned United,6400000,449865,4199874,3750009,-5950135,-2649991,-2200126,-0.002,-0.001,-0.001,Domestic
4108,4108,9,"Feb 22, 2008",Die FÃ¤lscher,6250000,5488570,20199663,14711093,-761430,8461093,13949663,-0.0,0.002,0.004,Domestic
4109,4109,10,"Jan 15, 1988",Return of the Living Dead Part II,6200000,9205924,9205924,0,3005924,-6200000,3005924,0.001,-0.002,0.001,Domestic
4110,4110,11,"Feb 13, 2009",Gomorra,6200000,1579146,37339594,35760448,-4620854,29560448,31139594,-0.001,0.009,0.009,Domestic
4111,4111,12,"Oct 20, 1995",Mallrats,6100000,2108367,2108367,0,-3991633,-6100000,-3991633,-0.001,-0.002,-0.001,Domestic
4112,4112,13,"Jun 16, 1978",Grease,6000000,181813770,387510179,205696409,175813770,199696409,381510179,0.051,0.058,0.11,Domestic
4113,4113,14,"Dec 19, 1986",Platoon,6000000,137963328,137978395,15067,131963328,-5984933,131978395,0.038,-0.002,0.038,Domestic
4114,4114,15,"Jun 23, 2004",Fahrenheit 9/11,6000000,119114517,221148959,102034442,113114517,96034442,215148959,0.033,0.028,0.062,Domestic
4115,4115,16,"Oct 24, 1969",Butch Cassidy and the Sundance Kid,6000000,102308900,102310653,1753,96308900,-5998247,96310653,0.028,-0.002,0.028,Domestic
4116,4116,17,"Aug 26, 1964",Mary Poppins,6000000,102272145,102272145,0,96272145,-6000000,96272145,0.028,-0.002,0.028,Domestic
4117,4117,18,"Sep 19, 1980",Ordinary People,6000000,52302978,52302978,0,46302978,-6000000,46302978,0.013,-0.002,0.013,Domestic
4118,4118,19,"May 11, 2018",Breaking In,6000000,46840590,51411620,4571030,40840590,-1428970,45411620,0.012,-0.0,0.013,Domestic
4119,4119,20,"Oct 18, 1961",West Side Story,6000000,43700000,43700000,0,37700000,-6000000,37700000,0.011,-0.002,0.011,Domestic
4120,4120,21,"Oct 17, 1956",Around the World in 80 Days,6000000,42000000,42000000,0,36000000,-6000000,36000000,0.01,-0.002,0.01,Domestic
4121,4121,22,"Jul 25, 1980",Caddyshack,6000000,39846344,39846344,0,33846344,-6000000,33846344,0.01,-0.002,0.01,Domestic
4122,4122,23,"Mar 23, 2001",The Brothers,6000000,27457409,27958191,500782,21457409,-5499218,21958191,0.006,-0.002,0.006,Domestic
4123,4123,24,"Dec 17, 2008",The Wrestler,6000000,26238243,46634275,20396032,20238243,14396032,40634275,0.006,0.004,0.012,Domestic
4124,4124,25,"Jun 30, 1989",Do the Right Thing,6000000,26004026,26004026,0,20004026,-6000000,20004026,0.006,-0.002,0.006,Domestic
4125,4125,26,"Jul 10, 1981",Escape from New York,6000000,25244700,25245925,1225,19244700,-5998775,19245925,0.006,-0.002,0.006,Domestic
4126,4126,27,"Jul 16, 1999",The Wood,6000000,25059640,25059640,0,19059640,-6000000,19059640,0.006,-0.002,0.006,Domestic
4127,4127,28,"Aug 16, 1995",The Usual Suspects,6000000,23341568,34449356,11107788,17341568,5107788,28449356,0.005,0.001,0.008,Domestic
4128,4128,29,"Aug 11, 1989",A Nightmare On Elm Street: The Dream Child,6000000,22168359,22168359,0,16168359,-6000000,16168359,0.005,-0.002,0.005,Domestic
4129,4129,30,"Apr 5, 2002",National Lampoonâs Van Wilder,6000000,21305259,39241323,17936064,15305259,11936064,33241323,0.004,0.003,0.01,Domestic
4130,4130,31,"Dec 31, 1946",Duel in the Sun,6000000,20400000,20400000,0,14400000,-6000000,14400000,0.004,-0.002,0.004,Domestic
4131,4131,32,"Sep 27, 2000",Best in Show,6000000,18621249,20695413,2074164,12621249,-3925836,14695413,0.004,-0.001,0.004,Domestic
4132,4132,33,"Mar 29, 2019",Unplanned,6000000,18107621,18107621,0,12107621,-6000000,12107621,0.003,-0.002,0.003,Domestic
4133,4133,34,"Sep 27, 2006",The Last King of Scotland,6000000,17606684,49155371,31548687,11606684,25548687,43155371,0.003,0.007,0.012,Domestic
4134,4134,35,"Apr 16, 2003",A Mighty Wind,6000000,17583468,18504539,921071,11583468,-5078929,12504539,0.003,-0.001,0.004,Domestic
4135,4135,36,"Feb 8, 2019",The Prodigy,6000000,14856291,19789712,4933421,8856291,-1066579,13789712,0.003,-0.0,0.004,Domestic
4136,4136,37,"Nov 30, 2018",The Possession of Hannah Grace,6000000,14836174,42785387,27949213,8836174,21949213,36785387,0.003,0.006,0.011,Domestic
4137,4137,38,"Feb 12, 1988",School Daze,6000000,14545844,14545844,0,8545844,-6000000,8545844,0.002,-0.002,0.002,Domestic
4138,4138,39,"Aug 8, 2007",Daddy Day Camp,6000000,13235267,18209872,4974605,7235267,-1025395,12209872,0.002,-0.0,0.004,Domestic
4139,4139,40,"Oct 21, 1988",Mystic Pizza,6000000,12793213,12793213,0,6793213,-6000000,6793213,0.002,-0.002,0.002,Domestic
4140,4140,41,"Mar 20, 1998",Mr. Nice Guy,6000000,12716953,31716953,19000000,6716953,13000000,25716953,0.002,0.004,0.007,Domestic
4141,4141,42,"Aug 21, 1956",War and Peace,6000000,12500000,12524028,24028,6500000,-5975972,6524028,0.002,-0.002,0.002,Domestic
4142,4142,43,"Apr 24, 1998",Sliding Doors,6000000,11911200,58809149,46897949,5911200,40897949,52809149,0.002,0.012,0.015,Domestic
4143,4143,44,"May 24, 1995",Tales from the Hood,6000000,11784569,11784569,0,5784569,-6000000,5784569,0.002,-0.002,0.002,Domestic
4144,4144,45,"Oct 13, 1989",Halloween 5: The Revenge of Michael Myers,6000000,11642254,11642254,0,5642254,-6000000,5642254,0.002,-0.002,0.002,Domestic
4145,4145,46,"Sep 7, 2012",The Words,6000000,11494838,16369708,4874870,5494838,-1125130,10369708,0.002,-0.0,0.003,Domestic
4146,4146,47,"Jan 15, 2016",The Lady in the Van,6000000,10021175,42320503,32299328,4021175,26299328,36320503,0.001,0.008,0.01,Domestic
4147,4147,48,"Apr 27, 2012",Bernie,6000000,9204489,10106975,902486,3204489,-5097514,4106975,0.001,-0.001,0.001,Domestic
4148,4148,49,"Dec 15, 2000",Pollock,6000000,8596914,10557291,1960377,2596914,-4039623,4557291,0.001,-0.001,0.001,Domestic
4149,4149,50,"Feb 15, 2008",Dolphins and Whales Tribes of the Ocean 3D,6000000,7714996,17252287,9537291,1714996,3537291,11252287,0.0,0.001,0.003,Domestic
4150,4150,51,"Feb 26, 1999",200 Cigarettes,6000000,6852450,6852450,0,852450,-6000000,852450,0.0,-0.002,0.0,Domestic
4151,4151,52,"Mar 19, 2010",City Island,6000000,6671283,8173486,1502203,671283,-4497797,2173486,0.0,-0.001,0.001,Domestic
4152,4152,53,"Mar 16, 2012",Casa de mi Padre,6000000,5909483,8446952,2537469,-90517,-3462531,2446952,-0.0,-0.001,0.001,Domestic
4153,4153,54,"Jul 29, 2011",The Guard,6000000,5359774,21197454,15837680,-640226,9837680,15197454,-0.0,0.003,0.004,Domestic
4154,4154,55,"Apr 21, 2000",The Virgin Suicides,6000000,4859475,10619770,5760295,-1140525,-239705,4619770,-0.0,-0.0,0.001,Domestic
4155,4155,56,"Aug 29, 2008",College,6000000,4694491,6176114,1481623,-1305509,-4518377,176114,-0.0,-0.001,0.0,Domestic
4156,4156,57,"Sep 22, 2006",La science des rÃªves,6000000,4670644,15137932,10467288,-1329356,4467288,9137932,-0.0,0.001,0.003,Domestic
4157,4157,58,"Dec 4, 1998",Little Voice,6000000,4595000,21787233,17192233,-1405000,11192233,15787233,-0.0,0.003,0.005,Domestic
4158,4158,59,"Mar 13, 2009",Miss March,6000000,4543320,4713059,169739,-1456680,-5830261,-1286941,-0.0,-0.002,-0.0,Domestic
4159,4159,60,"Feb 5, 1999",Simply Irresistible,6000000,4398989,4398989,0,-1601011,-6000000,-1601011,-0.0,-0.002,-0.0,Domestic
4160,4160,61,"Jul 18, 2014",Wish I Was Here,6000000,3591299,6591365,3000066,-2408701,-2999934,591365,-0.001,-0.001,0.0,Domestic
4161,4161,62,"Dec 21, 2006",Venus,6000000,3347411,7818479,4471068,-2652589,-1528932,1818479,-0.001,-0.0,0.001,Domestic
4162,4162,63,"Mar 14, 2014",Veronica Mars,6000000,3322127,3485383,163256,-2677873,-5836744,-2514617,-0.001,-0.002,-0.001,Domestic
4163,4163,64,"Aug 27, 1993",Only the Strong,6000000,3273588,3273588,0,-2726412,-6000000,-2726412,-0.001,-0.002,-0.001,Domestic
4164,4164,65,"Jul 20, 2001",Hedwig and the Angry Inch,6000000,3067312,3740030,672718,-2932688,-5327282,-2259970,-0.001,-0.002,-0.001,Domestic
4165,4165,66,"Oct 31, 2003",Shattered Glass,6000000,2207975,3456602,1248627,-3792025,-4751373,-2543398,-0.001,-0.001,-0.001,Domestic
4166,4166,67,"Jul 3, 2008",The Wackness,6000000,2077046,3330012,1252966,-3922954,-4747034,-2669988,-0.001,-0.001,-0.001,Domestic
4167,4167,68,"Nov 16, 2001",Novocaine,6000000,2025238,2522928,497690,-3974762,-5502310,-3477072,-0.001,-0.002,-0.001,Domestic
4168,4168,69,"Feb 6, 2009",Polytechnique,6000000,1418304,1418304,0,-4581696,-6000000,-4581696,-0.001,-0.002,-0.001,Domestic
4169,4169,70,"Jul 15, 2011",Snow Flower and the Secret Fan,6000000,1348205,11348205,10000000,-4651795,4000000,5348205,-0.001,0.001,0.002,Domestic
4170,4170,71,"Sep 14, 2018",Mandy,6000000,1214525,1427656,213131,-4785475,-5786869,-4572344,-0.001,-0.002,-0.001,Domestic
4171,4171,72,"Dec 7, 2001",The Business of Strangers,6000000,1030920,1290920,260000,-4969080,-5740000,-4709080,-0.001,-0.002,-0.001,Domestic
4172,4172,73,"Apr 29, 2011",JÃ»san-nin no shikaku,6000000,802778,18727440,17924662,-5197222,11924662,12727440,-0.002,0.003,0.004,Domestic
4173,4173,74,"Aug 30, 1991",Beastmaster 2: Through the Portal of Time,6000000,773490,773490,0,-5226510,-6000000,-5226510,-0.002,-0.002,-0.002,Domestic
4174,4174,75,"Jun 18, 1969",The Wild Bunch,6000000,509424,509424,0,-5490576,-6000000,-5490576,-0.002,-0.002,-0.002,Domestic
4175,4175,76,"Mar 25, 2011",The 5th Quarter,6000000,408159,408159,0,-5591841,-6000000,-5591841,-0.002,-0.002,-0.002,Domestic
4176,4176,77,"Feb 2, 1979",The First Great Train Robbery,6000000,391942,391942,0,-5608058,-6000000,-5608058,-0.002,-0.002,-0.002,Domestic
4177,4177,78,"Dec 20, 2002",Morvern Callar,6000000,267194,267194,0,-5732806,-6000000,-5732806,-0.002,-0.002,-0.002,Domestic
4178,4178,79,"Oct 10, 2003",The Flower of Evil,6000000,181798,181798,0,-5818202,-6000000,-5818202,-0.002,-0.002,-0.002,Domestic
4179,4179,80,"Mar 4, 2011",Akmareul Boatda,6000000,129210,13168809,13039599,-5870790,7039599,7168809,-0.002,0.002,0.002,Domestic
4180,4180,81,"Nov 10, 2006",Come Early Morning,6000000,119452,119452,0,-5880548,-6000000,-5880548,-0.002,-0.002,-0.002,Domestic
4181,4181,82,"Apr 2, 2010",The Greatest,6000000,115862,117796,1934,-5884138,-5998066,-5882204,-0.002,-0.002,-0.002,Domestic
4182,4182,83,"Dec 7, 2012",Deadfall,6000000,66351,1673635,1607284,-5933649,-4392716,-4326365,-0.002,-0.001,-0.001,Domestic
4183,4183,84,"May 8, 2009",Julia,6000000,65108,1365108,1300000,-5934892,-4700000,-4634892,-0.002,-0.001,-0.001,Domestic
4184,4184,85,"Apr 5, 2002",Lucky Break,6000000,54606,4316497,4261891,-5945394,-1738109,-1683503,-0.002,-0.001,-0.0,Domestic
4185,4185,86,"Sep 5, 2008","Surfer, Dude",6000000,36497,36497,0,-5963503,-6000000,-5963503,-0.002,-0.002,-0.002,Domestic
4186,4186,87,"Jan 23, 2015",Song One,6000000,32251,437089,404838,-5967749,-5595162,-5562911,-0.002,-0.002,-0.002,Domestic
4187,4187,88,"Oct 3, 2007",Lake of Fire,6000000,25317,26007,690,-5974683,-5999310,-5973993,-0.002,-0.002,-0.002,Domestic
4188,4188,89,"Apr 2, 2010",Don McKay,6000000,13722,13722,0,-5986278,-6000000,-5986278,-0.002,-0.002,-0.002,Domestic
4195,4195,96,"Feb 4, 1983",Videodrome,5952000,2120439,2120439,0,-3831561,-5952000,-3831561,-0.001,-0.002,-0.001,Domestic
4196,4196,97,"Aug 2, 1996",Emma,5900000,22231658,37831658,15600000,16331658,9700000,31931658,0.005,0.003,0.009,Domestic
4197,4197,98,"Mar 21, 2003",L\'auberge espagnole,5900000,3895664,3895664,0,-2004336,-5900000,-2004336,-0.001,-0.002,-0.001,Domestic
4198,4198,99,"Feb 8, 1968",Planet of the Apes,5800000,33395426,33395426,0,27595426,-5800000,27595426,0.008,-0.002,0.008,Domestic
4199,4199,100,"Mar 7, 1965",The Train,5800000,6800000,6800000,0,1000000,-5800000,1000000,0.0,-0.002,0.0,Domestic
4200,4200,1,"Mar 18, 2011",Winter in Wartime,5800000,542860,9662214,9119354,-5257140,3319354,3862214,-0.002,0.001,0.001,Domestic
4201,4201,2,"Oct 3, 2003",Foolproof,5800000,230312,421021,190709,-5569688,-5609291,-5378979,-0.002,-0.002,-0.002,Domestic
4202,4202,3,"Oct 5, 2012",Trade of Innocents,5800000,15091,15091,0,-5784909,-5800000,-5784909,-0.002,-0.002,-0.002,Domestic
4203,4203,4,"Sep 8, 2006",Tom yum goong,5700000,12044087,43044087,31000000,6344087,25300000,37344087,0.002,0.007,0.011,Domestic
4204,4204,5,"Aug 27, 1999",Stiff Upper Lips,5700000,69582,69582,0,-5630418,-5700000,-5630418,-0.002,-0.002,-0.002,Domestic
4205,4205,6,"Sep 7, 2012",The Inbetweeners,5700000,35955,86051320,86015365,-5664045,80315365,80351320,-0.002,0.023,0.023,Domestic
4206,4206,7,"Jul 16, 2010",Valhalla Rising,5700000,30638,731613,700975,-5669362,-4999025,-4968387,-0.002,-0.001,-0.001,Domestic
4207,4207,8,"Mar 12, 2003",Bend it Like Beckham,5600000,32543449,74566042,42022593,26943449,36422593,68966042,0.008,0.011,0.02,Domestic
4208,4208,9,"Sep 1, 2006",Crossover,5600000,7009668,7009668,0,1409668,-5600000,1409668,0.0,-0.002,0.0,Domestic
4209,4209,10,"Jun 21, 2002",Sunshine State,5600000,3064356,3281898,217542,-2535644,-5382458,-2318102,-0.001,-0.002,-0.001,Domestic
4210,4210,11,"Jul 16, 2010",Standing Ovation,5600000,531806,531806,0,-5068194,-5600000,-5068194,-0.001,-0.002,-0.001,Domestic
4211,4211,12,"Dec 7, 2012",Khiladi 786,5600000,385422,14683763,14298341,-5214578,8698341,9083763,-0.002,0.003,0.003,Domestic
4212,4212,13,"Jul 9, 2010",[Rec] 2,5600000,27766,18527766,18500000,-5572234,12900000,12927766,-0.002,0.004,0.004,Domestic
4213,4213,14,"Dec 25, 1973",The Sting,5500000,159616327,159616327,0,154116327,-5500000,154116327,0.044,-0.002,0.044,Domestic
4214,4214,15,"Sep 25, 1981",Chariots of Fire,5500000,61558162,61865947,307785,56058162,-5192215,56365947,0.016,-0.001,0.016,Domestic
4215,4215,16,"Feb 25, 2005",Diary of a Mad Black Woman,5500000,50406346,50458356,52010,44906346,-5447990,44958356,0.013,-0.002,0.013,Domestic
4216,4216,17,"Nov 22, 1996",Shine,5500000,35811509,36672493,860984,30311509,-4639016,31172493,0.009,-0.001,0.009,Domestic
4217,4217,18,"Sep 27, 2013",Don Jon,5500000,24477704,41268579,16790875,18977704,11290875,35768579,0.005,0.003,0.01,Domestic
4218,4218,19,"Aug 22, 1973",High Plains Drifter,5500000,15700000,15700000,0,10200000,-5500000,10200000,0.003,-0.002,0.003,Domestic
4219,4219,20,"Sep 28, 2018",Hell Fest,5500000,11107431,18119231,7011800,5607431,1511800,12619231,0.002,0.0,0.004,Domestic
4220,4220,21,"Jun 6, 2003",Mambo Italiano,5500000,9282750,12399772,3117022,3782750,-2382978,6899772,0.001,-0.001,0.002,Domestic
4221,4221,22,"Jul 20, 2001",Ghost World,5500000,6217849,8761608,2543759,717849,-2956241,3261608,0.0,-0.001,0.001,Domestic
4222,4222,23,"Dec 14, 2001",Iris,5500000,5580479,5580479,0,80479,-5500000,80479,0.0,-0.002,0.0,Domestic
4223,4223,24,"Jun 6, 1980",Galaxina,5500000,4865000,4865000,0,-635000,-5500000,-635000,-0.0,-0.002,-0.0,Domestic
4224,4224,25,"Nov 26, 2004",Les Choristes,5500000,3629758,83529758,79900000,-1870242,74400000,78029758,-0.001,0.021,0.023,Domestic
4225,4225,26,"Oct 3, 2003",Wonderland,5500000,1060512,1060512,0,-4439488,-5500000,-4439488,-0.001,-0.002,-0.001,Domestic
4226,4226,27,"Jul 1, 2005",De battre mon coeur s'est arrÃªtÃ©,5500000,1023424,8589831,7566407,-4476576,2066407,3089831,-0.001,0.001,0.001,Domestic
4227,4227,28,"Apr 1, 2011",Haevnen,5500000,1008098,15867314,14859216,-4491902,9359216,10367314,-0.001,0.003,0.003,Domestic
4228,4228,29,"Oct 21, 2011",Le Havre,5500000,611709,13480196,12868487,-4888291,7368487,7980196,-0.001,0.002,0.002,Domestic
4229,4229,30,"May 17, 2002",Harvard Man,5500000,56653,56653,0,-5443347,-5500000,-5443347,-0.002,-0.002,-0.002,Domestic
4230,4230,31,"Jul 15, 2011",Salvation Boulevard,5500000,28468,28468,0,-5471532,-5500000,-5471532,-0.002,-0.002,-0.002,Domestic
4231,4231,32,"Jan 23, 2015",R100,5500000,24956,24956,0,-5475044,-5500000,-5475044,-0.002,-0.002,-0.002,Domestic
4234,4234,35,"Mar 7, 2003",Irreversible,5400000,792200,8133256,7341056,-4607800,1941056,2733256,-0.001,0.001,0.001,Domestic
4236,4236,37,"Jan 27, 2006",Rang De Basanti,5300000,2197694,29197694,27000000,-3102306,21700000,23897694,-0.001,0.006,0.007,Domestic
4238,4238,39,"Oct 11, 2013",La Vie d'AdÃ¨le â Chapitres 1 & 2,5250000,2450504,22914479,20463975,-2799496,15213975,17664479,-0.001,0.004,0.005,Domestic
4239,4239,40,"Apr 27, 2012",Hodejegerne,5250000,1200010,20188740,18988730,-4049990,13738730,14938740,-0.001,0.004,0.004,Domestic
4240,4240,41,"Aug 3, 2007",The Ten,5250000,769726,786677,16951,-4480274,-5233049,-4463323,-0.001,-0.002,-0.001,Domestic
4241,4241,42,"Oct 27, 2000",A Room for Romeo Brass,5250000,20097,20097,0,-5229903,-5250000,-5229903,-0.002,-0.002,-0.002,Domestic
4243,4243,44,"Aug 1, 1944",Wilson,5200000,2000000,2000000,0,-3200000,-5200000,-3200000,-0.001,-0.002,-0.001,Domestic
4244,4244,45,"Aug 5, 2005",Saint Ralph,5200000,795126,1695126,900000,-4404874,-4300000,-3504874,-0.001,-0.001,-0.001,Domestic
4245,4245,46,"Apr 22, 2011",Dum Maaro Dum,5200000,564489,11633427,11068938,-4635511,5868938,6433427,-0.001,0.002,0.002,Domestic
4246,4246,47,"Oct 3, 1980",Somewhere in Time,5100000,9709597,9709597,0,4609597,-5100000,4609597,0.001,-0.001,0.001,Domestic
4247,4247,48,"Apr 19, 2002",My Big Fat Greek Wedding,5000000,241438208,374890034,133451826,236438208,128451826,369890034,0.068,0.037,0.107,Domestic
4248,4248,49,"Feb 24, 2017",Get Out,5000000,176040665,255367951,79327286,171040665,74327286,250367951,0.049,0.021,0.072,Domestic
4249,4249,50,"Jan 20, 2017",Split,5000000,138141585,278964806,140823221,133141585,135823221,273964806,0.038,0.039,0.079,Domestic
4250,4250,51,"Oct 21, 2011",Paranormal Activity 3,5000000,104028807,207039844,103011037,99028807,98011037,202039844,0.029,0.028,0.058,Domestic
4251,4251,52,"Oct 28, 2005",Saw II,5000000,87025093,152925093,65900000,82025093,60900000,147925093,0.024,0.018,0.043,Domestic
4252,4252,53,"Sep 13, 2013",Insidious Chapter 2,5000000,83586447,161921515,78335068,78586447,73335068,156921515,0.023,0.021,0.045,Domestic
4253,4253,54,"Mar 11, 2016",10 Cloverfield Lane,5000000,72082999,108286422,36203423,67082999,31203423,103286422,0.019,0.009,0.03,Domestic
4254,4254,55,"Jul 22, 2016",Lights Out,5000000,67268835,148806510,81537675,62268835,76537675,143806510,0.018,0.022,0.042,Domestic
4255,4255,56,"Sep 11, 2015",The Visit,5000000,65206105,98677816,33471711,60206105,28471711,93677816,0.017,0.008,0.027,Domestic
4256,4256,57,"Oct 25, 2002",Jackass: The Movie,5000000,64282312,79282312,15000000,59282312,10000000,74282312,0.017,0.003,0.021,Domestic
4257,4257,58,"Oct 13, 2017",Happy Death Day,5000000,55683845,125010260,69326415,50683845,64326415,120010260,0.015,0.019,0.035,Domestic
4258,4258,59,"Oct 19, 2012",Paranormal Activity 4,5000000,53900335,142817992,88917657,48900335,83917657,137817992,0.014,0.024,0.04,Domestic
4259,4259,60,"Oct 24, 2014",Ouija,5000000,50856010,103300632,52444622,45856010,47444622,98300632,0.013,0.014,0.028,Domestic
4260,4260,61,"Feb 27, 1987",A Nightmare On Elm Street 3: Dream Warriors,5000000,44793222,44793222,0,39793222,-5000000,39793222,0.011,-0.001,0.011,Domestic
4261,4261,62,"Aug 30, 2013",No se Aceptan Devoluciones,5000000,44467206,100486616,56019410,39467206,51019410,95486616,0.011,0.015,0.028,Domestic
4262,4262,63,"Aug 7, 2015",The Gift,5000000,43787265,58978477,15191212,38787265,10191212,53978477,0.011,0.003,0.016,Domestic
4263,4263,64,"Jun 23, 2017",The Big Sick,5000000,42872467,53972860,11100393,37872467,6100393,48972860,0.011,0.002,0.014,Domestic
4264,4264,65,"May 16, 1975",The Return of the Pink Panther,5000000,41833347,41833347,0,36833347,-5000000,36833347,0.011,-0.001,0.011,Domestic
4265,4265,66,"May 31, 2019",MA,5000000,36049540,44300625,8251085,31049540,3251085,39300625,0.009,0.001,0.011,Domestic
4266,4266,67,"Sep 16, 1953",The Robe,5000000,36000000,36008303,8303,31000000,-4991697,31008303,0.009,-0.001,0.009,Domestic
4267,4267,68,"Sep 13, 1991",Freddyâs Dead: The Final Nightmare,5000000,34872033,34872033,0,29872033,-5000000,29872033,0.009,-0.001,0.009,Domestic
4268,4268,69,"Dec 24, 2003",Monster,5000000,34469210,64240813,29771603,29469210,24771603,59240813,0.009,0.007,0.017,Domestic
4269,4269,70,"Jan 3, 2014",Paranormal Activity: The Marked Ones,5000000,32462372,90904854,58442482,27462372,53442482,85904854,0.008,0.015,0.025,Domestic
4270,4270,71,"Dec 23, 1954","20,000 Leagues Under the Sea",5000000,28200000,28200000,0,23200000,-5000000,23200000,0.007,-0.001,0.007,Domestic
4271,4271,72,"Apr 11, 2014",Oculus,5000000,27695246,44115496,16420250,22695246,11420250,39115496,0.007,0.003,0.011,Domestic
4272,4272,73,"Nov 1, 2013",Dallas Buyers Club,5000000,27298285,60611845,33313560,22298285,28313560,55611845,0.006,0.008,0.016,Domestic
4273,4273,74,"Aug 26, 2015",No Escape,5000000,27288872,42844516,15555644,22288872,10555644,37844516,0.006,0.003,0.011,Domestic
4274,4274,75,"Oct 3, 1980",The Elephant Man,5000000,26010864,26010864,0,21010864,-5000000,21010864,0.006,-0.001,0.006,Domestic
4275,4275,76,"Feb 27, 2015",The Lazarus Effect,5000000,25801570,38359310,12557740,20801570,7557740,33359310,0.006,0.002,0.01,Domestic
4276,4276,77,"Mar 16, 2001",Memento,5000000,25544867,39723096,14178229,20544867,9178229,34723096,0.006,0.003,0.01,Domestic
4277,4277,78,"Aug 26, 2011",Our Idiot Brother,5000000,24814830,25861249,1046419,19814830,-3953581,20861249,0.006,-0.001,0.006,Domestic
4278,4278,79,"Mar 9, 2018",The Strangers: Prey at Night,5000000,24431472,29960051,5528579,19431472,528579,24960051,0.006,0.0,0.007,Domestic
4279,4279,80,"Jul 21, 2006",Clerks II,5000000,24148068,27342246,3194178,19148068,-1805822,22342246,0.006,-0.001,0.006,Domestic
4280,4280,81,"Apr 8, 1998",The Players Club,5000000,23047939,23047939,0,18047939,-5000000,18047939,0.005,-0.001,0.005,Domestic
4281,4281,82,"Oct 13, 2000",Billy Elliot,5000000,21995263,109253745,87258482,16995263,82258482,104253745,0.005,0.024,0.03,Domestic
4282,4282,83,"Jul 5, 2013",The Way Way Back,5000000,21502690,26853810,5351120,16502690,351120,21853810,0.005,0.0,0.006,Domestic
4283,4283,84,"Aug 29, 2014","As Above, So Below",5000000,21222315,41824066,20601751,16222315,15601751,36824066,0.005,0.005,0.011,Domestic
4284,4284,85,"Apr 1, 2016",Godâs Not Dead 2,5000000,20773069,23551286,2778217,15773069,-2221783,18551286,0.005,-0.001,0.005,Domestic
4285,4285,86,"Dec 17, 1997",The Apostle,5000000,20733485,21277770,544285,15733485,-4455715,16277770,0.005,-0.001,0.005,Domestic
4286,4286,87,"Nov 3, 1982",The Man From Snowy River,5000000,20659423,20659423,0,15659423,-5000000,15659423,0.005,-0.001,0.005,Domestic
4287,4287,88,"Oct 23, 1991",House Party 2,5000000,19438638,19438638,0,14438638,-5000000,14438638,0.004,-0.001,0.004,Domestic
4288,4288,89,"Mar 26, 1999",Doug's 1st Movie,5000000,19421271,19421271,0,14421271,-5000000,14421271,0.004,-0.001,0.004,Domestic
4289,4289,90,"Feb 19, 2016",Race,5000000,19115191,23745772,4630581,14115191,-369419,18745772,0.004,-0.0,0.005,Domestic
4290,4290,91,"Sep 18, 1981",Mommie Dearest,5000000,19032000,25032000,6000000,14032000,1000000,20032000,0.004,0.0,0.006,Domestic
4291,4291,92,"Jan 16, 2015",Still Alice,5000000,18656400,41699612,23043212,13656400,18043212,36699612,0.004,0.005,0.011,Domestic
4292,4292,93,"Oct 1, 1988",Halloween 4: The Return of Michael Myers,5000000,17768757,17768757,0,12768757,-5000000,12768757,0.004,-0.001,0.004,Domestic
4293,4293,94,"Sep 2, 2011",Apollo 18,5000000,17686929,26517819,8830890,12686929,3830890,21517819,0.004,0.001,0.006,Domestic
4294,4294,95,"Mar 23, 2018","Paul, Apostle of Christ",5000000,17547999,25529498,7981499,12547999,2981499,20529498,0.004,0.001,0.006,Domestic
4295,4295,96,"Oct 10, 2014",Addicted,5000000,17390770,17499242,108472,12390770,-4891528,12499242,0.004,-0.001,0.004,Domestic
4296,4296,97,"Aug 31, 2001",O (Othello),5000000,16017403,16017403,0,11017403,-5000000,11017403,0.003,-0.001,0.003,Domestic
4297,4297,98,"Sep 29, 1995",Halloween: The Curse of Michael Myers,5000000,15126948,15126948,0,10126948,-5000000,10126948,0.003,-0.001,0.003,Domestic
4298,4298,99,"Aug 24, 1954",The Egyptian,5000000,15000000,15000000,0,10000000,-5000000,10000000,0.003,-0.001,0.003,Domestic
4299,4299,100,"Nov 7, 1997",Eve's Bayou,5000000,14843425,14843425,0,9843425,-5000000,9843425,0.003,-0.001,0.003,Domestic
4300,4300,1,"Apr 10, 1981",Nighthawks,5000000,14600000,19600000,5000000,9600000,0,14600000,0.003,0.0,0.004,Domestic
4301,4301,2,"Jul 28, 1989",Friday the 13th Part VIII: Jason Takes Manhattan,5000000,14343976,14343976,0,9343976,-5000000,9343976,0.003,-0.001,0.003,Domestic
4302,4302,3,"Mar 15, 2013",Spring Breakers,5000000,14124286,31149251,17024965,9124286,12024965,26149251,0.003,0.003,0.008,Domestic
4303,4303,4,"Jun 9, 2017",It Comes at Night,5000000,13985117,19720203,5735086,8985117,735086,14720203,0.003,0.0,0.004,Domestic
4304,4304,5,"Mar 15, 2002",Y Tu MamÃ¡ TambiÃ©n,5000000,13649881,33649881,20000000,8649881,15000000,28649881,0.002,0.004,0.008,Domestic
4305,4305,6,"Sep 24, 2004",Shaun of the Dead,5000000,13542874,30332385,16789511,8542874,11789511,25332385,0.002,0.003,0.007,Domestic
4306,4306,7,"Oct 31, 2008",The Haunting of Molly Hartley,5000000,13442412,15318257,1875845,8442412,-3124155,10318257,0.002,-0.001,0.003,Domestic
4307,4307,8,"Jul 15, 2016",Hillaryâs America: The Secret History of the Democratic Party,5000000,13099931,13099931,0,8099931,-5000000,8099931,0.002,-0.001,0.002,Domestic
4308,4308,9,"Jun 21, 1996",Lone Star,5000000,12961389,12961389,0,7961389,-5000000,7961389,0.002,-0.001,0.002,Domestic
4309,4309,10,"Mar 27, 1986",April Fool's Day,5000000,12947763,12947763,0,7947763,-5000000,7947763,0.002,-0.001,0.002,Domestic
4310,4310,11,"Apr 2, 1982",Diner,5000000,12592907,12592907,0,7592907,-5000000,7592907,0.002,-0.001,0.002,Domestic
4311,4311,12,"Mar 3, 2017",Before I Fall,5000000,12241072,18945682,6704610,7241072,1704610,13945682,0.002,0.0,0.004,Domestic
4312,4312,13,"Apr 15, 1983",Lone Wolf McQuade,5000000,12232628,12232628,0,7232628,-5000000,7232628,0.002,-0.001,0.002,Domestic
4313,4313,14,"Mar 13, 2009",Sunshine Cleaning,5000000,12062558,17329337,5266779,7062558,266779,12329337,0.002,0.0,0.004,Domestic
4314,4314,15,"Jan 29, 2016",Fifty Shades of Black,5000000,11686940,22113075,10426135,6686940,5426135,17113075,0.002,0.002,0.005,Domestic
4315,4315,16,"Dec 14, 1957",A Farewell To Arms,5000000,11000000,11017403,17403,6000000,-4982597,6017403,0.002,-0.001,0.002,Domestic
4316,4316,17,"Jan 1, 1959",Solomon and Sheba,5000000,11000000,11014961,14961,6000000,-4985039,6014961,0.002,-0.001,0.002,Domestic
4317,4317,18,"Aug 20, 1982",The Beastmaster,5000000,10751126,10751126,0,5751126,-5000000,5751126,0.002,-0.001,0.002,Domestic
4318,4318,19,"Jan 9, 2009",Not Easily Broken,5000000,10572742,10732909,160167,5572742,-4839833,5732909,0.002,-0.001,0.002,Domestic
4319,4319,20,"May 9, 2014",Momsâ Night Out,5000000,10429707,10537341,107634,5429707,-4892366,5537341,0.002,-0.001,0.002,Domestic
4320,4320,21,"Mar 17, 2017",The Belko Experiment,5000000,10166820,11792942,1626122,5166820,-3373878,6792942,0.001,-0.001,0.002,Domestic
4321,4321,22,"Mar 11, 2016",The Perfect Match,5000000,9669521,10182050,512529,4669521,-4487471,5182050,0.001,-0.001,0.001,Domestic
4322,4322,23,"Oct 6, 2000",Digimon: The Movie,5000000,9628751,16628751,7000000,4628751,2000000,11628751,0.001,0.001,0.003,Domestic
4323,4323,24,"May 28, 2004",Saved!,5000000,8886160,10206551,1320391,3886160,-3679609,5206551,0.001,-0.001,0.002,Domestic
4324,4324,25,"May 9, 2003",Les invasions barbares,5000000,8460000,25913869,17453869,3460000,12453869,20913869,0.001,0.004,0.006,Domestic
4325,4325,26,"Mar 11, 1976",Robin and Marian,5000000,8000000,8000000,0,3000000,-5000000,3000000,0.001,-0.001,0.001,Domestic
4326,4326,27,"Dec 22, 1978",Force 10 from Navarone,5000000,7100000,7100000,0,2100000,-5000000,2100000,0.001,-0.001,0.001,Domestic
4327,4327,28,"Apr 27, 2001",The Forsaken,5000000,6755271,6755271,0,1755271,-5000000,1755271,0.001,-0.001,0.001,Domestic
4328,4328,29,"Sep 21, 2018",Fahrenheit 11/9,5000000,6352306,6653715,301409,1352306,-4698591,1653715,0.0,-0.001,0.0,Domestic
4329,4329,30,"Jul 21, 1989",UHF,5000000,6157157,6157157,0,1157157,-5000000,1157157,0.0,-0.001,0.0,Domestic
4330,4330,31,"May 28, 2010",Sea Rex 3D: Journey to a Prehistoric World,5000000,6096582,16515203,10418621,1096582,5418621,11515203,0.0,0.002,0.003,Domestic
4331,4331,32,"Jan 6, 2006",Grandmaâs Boy,5000000,6090172,6590172,500000,1090172,-4500000,1590172,0.0,-0.001,0.0,Domestic
4332,4332,33,"Aug 14, 1998",Slums of Beverly Hills,5000000,5502773,5502773,0,502773,-5000000,502773,0.0,-0.001,0.0,Domestic
4333,4333,34,"May 28, 1969",Once Upon a Time in the West,5000000,5321508,5378425,56917,321508,-4943083,378425,0.0,-0.001,0.0,Domestic
4334,4334,35,"Jul 13, 2001",Made,5000000,5308707,5476060,167353,308707,-4832647,476060,0.0,-0.001,0.0,Domestic
4335,4335,36,"Nov 19, 2004",La mala educaciÃ³n,5000000,5211842,40311842,35100000,211842,30100000,35311842,0.0,0.009,0.01,Domestic
4336,4336,37,"Jun 12, 2009",Moon,5000000,5010163,10676073,5665910,10163,665910,5676073,0.0,0.0,0.002,Domestic
4337,4337,38,"Sep 11, 2015",90 Minutes in Heaven,5000000,4816142,4816142,0,-183858,-5000000,-183858,-0.0,-0.001,-0.0,Domestic
4338,4338,39,"Dec 2, 2016",Incarnate,5000000,4799774,9371036,4571262,-200226,-428738,4371036,-0.0,-0.0,0.001,Domestic
4339,4339,40,"May 12, 2006",Keeping Up with the Steins,5000000,4339241,4414753,75512,-660759,-4924488,-585247,-0.0,-0.001,-0.0,Domestic
4340,4340,41,"Oct 10, 1997",The Sweet Hereafter,5000000,4306697,7951247,3644550,-693303,-1355450,2951247,-0.0,-0.0,0.001,Domestic
4341,4341,42,"Aug 6, 2008",Bottle Shock,5000000,4078607,4815890,737283,-921393,-4262717,-184110,-0.0,-0.001,-0.0,Domestic
4342,4342,43,"Feb 25, 2011",Des Hommes et Des Dieux,5000000,3954651,46263525,42308874,-1045349,37308874,41263525,-0.0,0.011,0.012,Domestic
4343,4343,44,"Aug 27, 1982",Jekyll and Hyde... Together Again,5000000,3707583,3707583,0,-1292417,-5000000,-1292417,-0.0,-0.001,-0.0,Domestic
4344,4344,45,"Mar 3, 2017",Table 19,5000000,3614896,4620399,1005503,-1385104,-3994497,-379601,-0.0,-0.001,-0.0,Domestic
4345,4345,46,"Apr 15, 2016",Green Room,5000000,3220371,3807503,587132,-1779629,-4412868,-1192497,-0.001,-0.001,-0.0,Domestic
4346,4346,47,"Mar 9, 2018",Thoroughbreds,5000000,3072605,3187302,114697,-1927395,-4885303,-1812698,-0.001,-0.001,-0.001,Domestic
4347,4347,48,"Nov 16, 1994",Heavenly Creatures,5000000,3046086,5438120,2392034,-1953914,-2607966,438120,-0.001,-0.001,0.0,Domestic
4348,4348,49,"Mar 4, 2016",The Other Side of the Door,5000000,3000342,12905107,9904765,-1999658,4904765,7905107,-0.001,0.001,0.002,Domestic
4349,4349,50,"May 13, 2011",Everything Must Go,5000000,2712131,2821010,108879,-2287869,-4891121,-2178990,-0.001,-0.001,-0.001,Domestic
4350,4350,51,"Oct 10, 2014",Kill the Messenger,5000000,2450846,6656705,4205859,-2549154,-794141,1656705,-0.001,-0.0,0.0,Domestic
4351,4351,52,"Dec 17, 2010",Rabbit Hole,5000000,2229058,6205034,3975976,-2770942,-1024024,1205034,-0.001,-0.0,0.0,Domestic
4352,4352,53,"Oct 23, 2015",Jem and the Holograms,5000000,2184640,2368937,184297,-2815360,-4815703,-2631063,-0.001,-0.001,-0.001,Domestic
4353,4353,54,"Dec 28, 2016",Paterson,5000000,2141423,10727536,8586113,-2858577,3586113,5727536,-0.001,0.001,0.002,Domestic
4354,4354,55,"Jan 30, 1998",Zero Effect,5000000,2080693,2080693,0,-2919307,-5000000,-2919307,-0.001,-0.001,-0.001,Domestic
4355,4355,56,"Apr 24, 1992",A Midnight Clear,5000000,1526697,1526697,0,-3473303,-5000000,-3473303,-0.001,-0.001,-0.001,Domestic
4356,4356,57,"Oct 22, 2004",The Machinist,5000000,1082044,8655397,7573353,-3917956,2573353,3655397,-0.001,0.001,0.001,Domestic
4357,4357,58,"Sep 21, 1992",Light Sleeper,5000000,1050861,1050861,0,-3949139,-5000000,-3949139,-0.001,-0.001,-0.001,Domestic
4358,4358,59,"Jul 25, 2008",American Teen,5000000,942441,989319,46878,-4057559,-4953122,-4010681,-0.001,-0.001,-0.001,Domestic
4359,4359,60,"Sep 12, 2014",Atlas Shrugged: Who Is John Galt?,5000000,851690,851690,0,-4148310,-5000000,-4148310,-0.001,-0.001,-0.001,Domestic
4360,4360,61,"Aug 29, 2003",Party Monster,5000000,742898,894030,151132,-4257102,-4848868,-4105970,-0.001,-0.001,-0.001,Domestic
4361,4361,62,"Jul 14, 2006",The Oh in Ohio,5000000,418689,648183,229494,-4581311,-4770506,-4351817,-0.001,-0.001,-0.001,Domestic
4362,4362,63,"Feb 21, 1996",Bottle Rocket,5000000,407488,407488,0,-4592512,-5000000,-4592512,-0.001,-0.001,-0.001,Domestic
4363,4363,64,"Aug 16, 2013",Ain't Them Bodies Saints,5000000,391611,1075009,683398,-4608389,-4316602,-3924991,-0.001,-0.001,-0.001,Domestic
4364,4364,65,"Jan 17, 1997",Albino Alligator,5000000,353480,353480,0,-4646520,-5000000,-4646520,-0.001,-0.001,-0.001,Domestic
4365,4365,66,"Sep 26, 2014",Jimi: All is By My Side,5000000,340911,927074,586163,-4659089,-4413837,-4072926,-0.001,-0.001,-0.001,Domestic
4366,4366,67,"Aug 3, 2007","Gandhi, My Father",5000000,240425,2015004,1774579,-4759575,-3225421,-2984996,-0.001,-0.001,-0.001,Domestic
4367,4367,68,"Apr 25, 2008",Standard Operating Procedure,5000000,228830,332120,103290,-4771170,-4896710,-4667880,-0.001,-0.001,-0.001,Domestic
4368,4368,69,"Sep 30, 2011",Tucker & Dale vs. Evil,5000000,223838,5476793,5252955,-4776162,252955,476793,-0.001,0.0,0.0,Domestic
4369,4369,70,"Mar 27, 1998",No Looking Back,5000000,143273,143273,0,-4856727,-5000000,-4856727,-0.001,-0.001,-0.001,Domestic
4370,4370,71,"Aug 7, 2015",Cop Car,5000000,134552,143658,9106,-4865448,-4990894,-4856342,-0.001,-0.001,-0.001,Domestic
4371,4371,72,"Sep 10, 2010","Lovely, Still",5000000,127564,282687,155123,-4872436,-4844877,-4717313,-0.001,-0.001,-0.001,Domestic
4372,4372,73,"Jun 13, 2003",Tycoon,5000000,121016,121016,0,-4878984,-5000000,-4878984,-0.001,-0.001,-0.001,Domestic
4373,4373,74,"Jun 4, 1999",Desert Blue,5000000,99147,99147,0,-4900853,-5000000,-4900853,-0.001,-0.001,-0.001,Domestic
4374,4374,75,"Feb 27, 2004",Decoys,5000000,84733,96760,12027,-4915267,-4987973,-4903240,-0.001,-0.001,-0.001,Domestic
4375,4375,76,"May 30, 2008",Stuck,5000000,67505,67505,0,-4932495,-5000000,-4932495,-0.001,-0.001,-0.001,Domestic
4376,4376,77,"Nov 16, 2007",Redacted,5000000,65388,861325,795937,-4934612,-4204063,-4138675,-0.001,-0.001,-0.001,Domestic
4377,4377,78,"Oct 17, 2014",Rudderless,5000000,56001,567219,511218,-4943999,-4488782,-4432781,-0.001,-0.001,-0.001,Domestic
4378,4378,79,"Jan 28, 2005",Fascination,5000000,16670,83356,66686,-4983330,-4933314,-4916644,-0.001,-0.001,-0.001,Domestic
4379,4379,80,"Aug 14, 2009",Grace,5000000,8297,8297,0,-4991703,-5000000,-4991703,-0.001,-0.001,-0.001,Domestic
4380,4380,81,"May 15, 2015",Area 51,5000000,7556,7556,0,-4992444,-5000000,-4992444,-0.001,-0.001,-0.001,Domestic
4400,4400,1,"Jan 23, 2015",Mommy,4900000,3498695,17536004,14037309,-1401305,9137309,12636004,-0.0,0.003,0.004,Domestic
4401,4401,2,"Aug 29, 2008",Obsluhoval jsem anglickÃ©ho krÃ¡le,4900000,617228,7174984,6557756,-4282772,1657756,2274984,-0.001,0.0,0.001,Domestic
4402,4402,3,"Aug 20, 2010",Soul Kitchen,4900000,276901,23347461,23070560,-4623099,18170560,18447461,-0.001,0.005,0.005,Domestic
4403,4403,4,"Aug 17, 2012",The Awakening,4900000,95933,6924321,6828388,-4804067,1928388,2024321,-0.001,0.001,0.001,Domestic
4404,4404,5,"Jan 18, 2008",All Hat,4900000,15198,15198,0,-4884802,-4900000,-4884802,-0.001,-0.001,-0.001,Domestic
4405,4405,6,"Nov 20, 1996",Sling Blade,4833610,24475416,34175000,9699584,19641806,4865974,29341390,0.006,0.001,0.008,Domestic
4406,4406,7,"Jan 6, 2006",Hostel,4800000,47326473,82241110,34914637,42526473,30114637,77441110,0.012,0.009,0.022,Domestic
4407,4407,8,"Jul 19, 2013",Only God Forgives,4800000,775849,4494560,3718711,-4024151,-1081289,-305440,-0.001,-0.0,-0.0,Domestic
4408,4408,9,"Sep 30, 2011",Take Shelter,4750000,1728953,4972016,3243063,-3021047,-1506937,222016,-0.001,-0.0,0.0,Domestic
4409,4409,10,"Jan 27, 2006",Tristram Shandy: A Cock and Bull Story,4750000,1253413,3061763,1808350,-3496587,-2941650,-1688237,-0.001,-0.001,-0.0,Domestic
4410,4410,11,"Aug 22, 1986",The Texas Chainsaw Massacre 2,4700000,8025872,8025872,0,3325872,-4700000,3325872,0.001,-0.001,0.001,Domestic
4411,4411,12,"Apr 22, 1988",Lady in White,4700000,1705139,1705139,0,-2994861,-4700000,-2994861,-0.001,-0.001,-0.001,Domestic
4412,4412,13,"Oct 13, 2006",Driving Lessons,4700000,239962,239962,0,-4460038,-4700000,-4460038,-0.001,-0.001,-0.001,Domestic
4415,4415,16,"May 23, 1973",Pat Garrett and Billy the Kid,4638783,8000000,11000000,3000000,3361217,-1638783,6361217,0.001,-0.0,0.002,Domestic
4416,4416,17,"Jul 16, 2004",Camping Sauvage,4600000,3479302,3479302,0,-1120698,-4600000,-1120698,-0.0,-0.001,-0.0,Domestic
4417,4417,18,"Sep 14, 2012",Barfi,4600000,2804874,36751984,33947110,-1795126,29347110,32151984,-0.001,0.008,0.009,Domestic
4418,4418,19,"Mar 4, 2005",Dear Frankie,4600000,1340891,3099369,1758478,-3259109,-2841522,-1500631,-0.001,-0.001,-0.0,Domestic
4419,4419,20,"Dec 29, 2004",The Assassination of Richard Nixon,4600000,708776,4880143,4171367,-3891224,-428633,280143,-0.001,-0.0,0.0,Domestic
4420,4420,21,"Jun 24, 2011",Le nom des gens,4600000,514237,9261711,8747474,-4085763,4147474,4661711,-0.001,0.001,0.001,Domestic
4421,4421,22,"May 28, 2008",Savage Grace,4600000,434417,968805,534388,-4165583,-4065612,-3631195,-0.001,-0.001,-0.001,Domestic
4422,4422,23,"Oct 19, 2007",Out of the Blue,4600000,728,731767,731039,-4599272,-3868961,-3868233,-0.001,-0.001,-0.001,Domestic
4423,4423,24,"Mar 23, 1984",Police Academy,4500000,81198894,81198894,0,76698894,-4500000,76698894,0.022,-0.001,0.022,Domestic
4424,4424,25,"Mar 9, 1994",Four Weddings and a Funeral,4500000,52700832,242895809,190194977,48200832,185694977,238395809,0.014,0.054,0.069,Domestic
4425,4425,26,"Jun 20, 1980",The Blue Lagoon,4500000,47923795,47923795,0,43423795,-4500000,43423795,0.013,-0.001,0.013,Domestic
4426,4426,27,"Aug 13, 1982",Fast Times at Ridgemont High,4500000,27092880,27092880,0,22592880,-4500000,22592880,0.007,-0.001,0.007,Domestic
4427,4427,28,"Sep 28, 1996",Secrets & Lies,4500000,13417292,13417292,0,8917292,-4500000,8917292,0.003,-0.001,0.003,Domestic
4428,4428,29,"Dec 19, 2002",25th Hour,4500000,13084595,25344490,12259895,8584595,7759895,20844490,0.002,0.002,0.006,Domestic
4429,4429,30,"Sep 13, 1985",After Hours,4500000,10609321,10609321,0,6109321,-4500000,6109321,0.002,-0.001,0.002,Domestic
4430,4430,31,"Jun 27, 1956",Moby Dick,4500000,10400000,10400000,0,5900000,-4500000,5900000,0.002,-0.001,0.002,Domestic
4431,4431,32,"Mar 25, 2016",The Lobster,4500000,9196278,18019834,8823556,4696278,4323556,13519834,0.001,0.001,0.004,Domestic
4432,4432,33,"Oct 4, 1996",Bound,4500000,3802260,7011317,3209057,-697740,-1290943,2511317,-0.0,-0.0,0.001,Domestic
4433,4433,34,"Oct 6, 2000",Requiem for a Dream,4500000,3635482,7389233,3753751,-864518,-746249,2889233,-0.0,-0.0,0.001,Domestic
4434,4434,35,"Mar 9, 1962",State Fair,4500000,3500000,3500000,0,-1000000,-4500000,-1000000,-0.0,-0.001,-0.0,Domestic
4435,4435,36,"Oct 24, 2008",LÃ¥t den rÃ¤tte komma in,4500000,2122085,12247682,10125597,-2377915,5625597,7747682,-0.001,0.002,0.002,Domestic
4436,4436,37,"Feb 12, 1999",Tango,4500000,1687311,5428387,3741076,-2812689,-758924,928387,-0.001,-0.0,0.0,Domestic
4437,4437,38,"Apr 23, 1986",Salvador,4500000,1500000,1500000,0,-3000000,-4500000,-3000000,-0.001,-0.001,-0.001,Domestic
4438,4438,39,"Oct 26, 2001",Donnie Darko,4500000,1480006,7510877,6030871,-3019994,1530871,3010877,-0.001,0.0,0.001,Domestic
4439,4439,40,"Sep 2, 2011",Salvando al Soldado Perez,4500000,1400726,9330465,7929739,-3099274,3429739,4830465,-0.001,0.001,0.001,Domestic
4440,4440,41,"Mar 27, 1998",Karakter,4500000,713413,713413,0,-3786587,-4500000,-3786587,-0.001,-0.001,-0.001,Domestic
4441,4441,42,"Aug 19, 2011",Nannerl la soeur de Mozart,4500000,707885,2404639,1696754,-3792115,-2803246,-2095361,-0.001,-0.001,-0.001,Domestic
4442,4442,43,"Mar 14, 2003",Spun,4500000,410241,1022649,612408,-4089759,-3887592,-3477351,-0.001,-0.001,-0.001,Domestic
4443,4443,44,"Jul 23, 2010",Life During Wartime,4500000,281447,281447,0,-4218553,-4500000,-4218553,-0.001,-0.001,-0.001,Domestic
4444,4444,45,"May 4, 2006",Chinjeolhan geumjassi,4500000,211667,23471871,23260204,-4288333,18760204,18971871,-0.001,0.005,0.005,Domestic
4445,4445,46,"Oct 7, 2011",Blackthorn,4500000,200558,1217307,1016749,-4299442,-3483251,-3282693,-0.001,-0.001,-0.001,Domestic
4446,4446,47,"May 8, 2015",Maggie,4500000,187112,1027760,840648,-4312888,-3659352,-3472240,-0.001,-0.001,-0.001,Domestic
4447,4447,48,"Apr 18, 2003",Lilja 4-ever,4500000,181655,4556982,4375327,-4318345,-124673,56982,-0.001,-0.0,0.0,Domestic
4448,4448,49,"Apr 9, 2010",After.Life,4500000,108596,2481925,2373329,-4391404,-2126671,-2018075,-0.001,-0.001,-0.001,Domestic
4449,4449,50,"Feb 22, 2002",Mean Machine,4500000,92723,92723,0,-4407277,-4500000,-4407277,-0.001,-0.001,-0.001,Domestic
4450,4450,51,"Aug 31, 2007",Fong juk,4500000,51957,51957,0,-4448043,-4500000,-4448043,-0.001,-0.001,-0.001,Domestic
4451,4451,52,"Jul 23, 2010",Spoken Word,4500000,32961,32961,0,-4467039,-4500000,-4467039,-0.001,-0.001,-0.001,Domestic
4452,4452,53,"Mar 1, 2013",The Sweeney,4500000,26345,8000366,7974021,-4473655,3474021,3500366,-0.001,0.001,0.001,Domestic
4453,4453,54,"Sep 4, 2014",Falcon Rising,4500000,11774,11774,0,-4488226,-4500000,-4488226,-0.001,-0.001,-0.001,Domestic
4459,4459,60,"Nov 19, 1975",One Flew Over the Cuckoo's Nest,4400000,108981275,108997629,16354,104581275,-4383646,104597629,0.03,-0.001,0.03,Domestic
4460,4460,61,"Jun 25, 1976",Silent Movie,4400000,36145695,36145695,0,31745695,-4400000,31745695,0.009,-0.001,0.009,Domestic
4464,4464,65,"Jun 6, 2003",Whale Rider,4300000,20779666,39374600,18594934,16479666,14294934,35074600,0.005,0.004,0.01,Domestic
4465,4465,66,"Jun 13, 2001",Sexy Beast,4300000,6946056,10158355,3212299,2646056,-1087701,5858355,0.001,-0.0,0.002,Domestic
4466,4466,67,"Dec 4, 2009",Paa,4300000,199228,9791282,9592054,-4100772,5292054,5491282,-0.001,0.002,0.002,Domestic
4467,4467,68,"Jul 11, 2012",Snabba Cash,4300000,188870,10212403,10023533,-4111130,5723533,5912403,-0.001,0.002,0.002,Domestic
4468,4468,69,"Oct 19, 1990",Night of the Living Dead,4200000,5835247,5835247,0,1635247,-4200000,1635247,0.0,-0.001,0.0,Domestic
4469,4469,70,"Feb 17, 2006",Nochnoy dozor,4200000,1502188,33913542,32411354,-2697812,28211354,29713542,-0.001,0.008,0.009,Domestic
4470,4470,71,"Aug 13, 2010",Animal Kingdom,4200000,1044039,8078683,7034644,-3155961,2834644,3878683,-0.001,0.001,0.001,Domestic
4471,4471,72,"May 28, 2010",George A. Romero's Survival of the Dead,4200000,101740,101740,0,-4098260,-4200000,-4098260,-0.001,-0.001,-0.001,Domestic
4474,4474,75,"Mar 6, 1998",Love and Death on Long Island,4030000,2542264,2542264,0,-1487736,-4030000,-1487736,-0.0,-0.001,-0.0,Domestic
4475,4475,76,"Mar 19, 1982",Porky's,4000000,109492484,109492484,0,105492484,-4000000,105492484,0.03,-0.001,0.03,Domestic
4476,4476,77,"Feb 5, 1953",Peter Pan,4000000,87400000,87400000,0,83400000,-4000000,83400000,0.024,-0.001,0.024,Domestic
4477,4477,78,"Nov 25, 1992",The Crying Game,4000000,62546695,62546695,0,58546695,-4000000,58546695,0.017,-0.001,0.017,Domestic
4478,4478,79,"Sep 12, 2003",Lost in Translation,4000000,44585453,117085297,72499844,40585453,68499844,113085297,0.012,0.02,0.033,Domestic
4479,4479,80,"Apr 20, 1977",Annie Hall,4000000,38251425,38251425,0,34251425,-4000000,34251425,0.01,-0.001,0.01,Domestic
4480,4480,81,"Jan 23, 2015",The Boy Next Door,4000000,36006065,53401938,17395873,32006065,13395873,49401938,0.009,0.004,0.014,Domestic
4481,4481,82,"Jan 10, 1952",The Greatest Show on Earth,4000000,36000000,36000000,0,32000000,-4000000,32000000,0.009,-0.001,0.009,Domestic
4482,4482,83,"Oct 27, 1995",Leaving Las Vegas,4000000,31983777,49800000,17816223,27983777,13816223,45800000,0.008,0.004,0.013,Domestic
4483,4483,84,"Dec 26, 2001",Monster's Ball,4000000,31273922,43766463,12492541,27273922,8492541,39766463,0.008,0.002,0.011,Domestic
4484,4484,85,"Jul 11, 2014",Boyhood,4000000,25379975,57273049,31893074,21379975,27893074,53273049,0.006,0.008,0.015,Domestic
4485,4485,86,"Dec 15, 1960",Exodus,4000000,21750000,21750000,0,17750000,-4000000,17750000,0.005,-0.001,0.005,Domestic
4486,4486,87,"Jul 9, 2010",The Kids Are All Right,4000000,20811365,36275469,15464104,16811365,11464104,32275469,0.005,0.003,0.009,Domestic
4487,4487,88,"Aug 17, 1979",Life of Brian,4000000,20182359,20468305,285946,16182359,-3714054,16468305,0.005,-0.001,0.005,Domestic
4488,4488,89,"Apr 18, 2014",A Haunted House 2,4000000,17329487,21206861,3877374,13329487,-122626,17206861,0.004,-0.0,0.005,Domestic
4489,4489,90,"Mar 1, 2013",The Last Exorcism Part II,4000000,15179303,25448707,10269404,11179303,6269404,21448707,0.003,0.002,0.006,Domestic
4490,4490,91,"Dec 17, 1974",The Front Page,4000000,15000000,15000000,0,11000000,-4000000,11000000,0.003,-0.001,0.003,Domestic
4491,4491,92,"May 30, 1956",Trapeze,4000000,14400000,14400000,0,10400000,-4000000,10400000,0.003,-0.001,0.003,Domestic
4492,4492,93,"Aug 16, 1985",The Return of the Living Dead,4000000,14237880,14237880,0,10237880,-4000000,10237880,0.003,-0.001,0.003,Domestic
4493,4493,94,"Nov 4, 1988",They Live,4000000,13000000,13000774,774,9000000,-3999226,9000774,0.003,-0.001,0.003,Domestic
4494,4494,95,"Aug 4, 2000",Saving Grace,4000000,12178602,27786849,15608247,8178602,11608247,23786849,0.002,0.003,0.007,Domestic
4495,4495,96,"Aug 8, 1963",The Great Escape,4000000,11744471,11972561,228090,7744471,-3771910,7972561,0.002,-0.001,0.002,Domestic
4496,4496,97,"Feb 6, 2004",What the #$'! Do We Know,4000000,10941801,10941801,0,6941801,-4000000,6941801,0.002,-0.001,0.002,Domestic
4497,4497,98,"May 13, 2016",The Darkness,4000000,10753574,10898293,144719,6753574,-3855281,6898293,0.002,-0.001,0.002,Domestic
4498,4498,99,"Jul 28, 2006",Scoop,4000000,10525717,40103262,29577545,6525717,25577545,36103262,0.002,0.007,0.01,Domestic
4499,4499,100,"Nov 14, 2001",The Wash,4000000,10097096,10097096,0,6097096,-4000000,6097096,0.002,-0.001,0.002,Domestic
4500,4500,1,"Mar 1, 2000",3 Strikes,4000000,9821335,9821335,0,5821335,-4000000,5821335,0.002,-0.001,0.002,Domestic
4501,4501,2,"Apr 11, 2008",The Visitor,4000000,9427026,19174817,9747791,5427026,5747791,15174817,0.002,0.002,0.004,Domestic
4502,4502,3,"Nov 26, 2003",The Cooler,4000000,8291572,11131455,2839883,4291572,-1160117,7131455,0.001,-0.0,0.002,Domestic
4503,4503,4,"Feb 1, 1961",The Misfits,4000000,8200000,8200000,0,4200000,-4000000,4200000,0.001,-0.001,0.001,Domestic
4504,4504,5,"Aug 4, 2006",The Night Listener,4000000,7836393,10770993,2934600,3836393,-1065400,6770993,0.001,-0.0,0.002,Domestic
4505,4505,6,"Feb 3, 1995",The Jerky Boys,4000000,7555256,7555256,0,3555256,-4000000,3555256,0.001,-0.001,0.001,Domestic
4506,4506,7,"Dec 28, 2007",El orfanato,4000000,7159147,79250193,72091046,3159147,68091046,75250193,0.001,0.02,0.022,Domestic
4507,4507,8,"May 25, 2007",Bug,4000000,7006708,8302995,1296287,3006708,-2703713,4302995,0.001,-0.001,0.001,Domestic
4508,4508,9,"Oct 11, 2002",The Rules of Attraction,4000000,6525762,11799060,5273298,2525762,1273298,7799060,0.001,0.0,0.002,Domestic
4509,4509,10,"Dec 19, 1969",Topaz,4000000,6000000,6000000,0,2000000,-4000000,2000000,0.001,-0.001,0.001,Domestic
4510,4510,11,"Nov 17, 2006",Let's Go to Prison,4000000,4630045,4630045,0,630045,-4000000,630045,0.0,-0.001,0.0,Domestic
4511,4511,12,"Dec 25, 1995",Four Rooms,4000000,4301000,4301000,0,301000,-4000000,301000,0.0,-0.001,0.0,Domestic
4512,4512,13,"Sep 20, 2002",Secretary,4000000,4046737,9413956,5367219,46737,1367219,5413956,0.0,0.0,0.002,Domestic
4513,4513,14,"Apr 25, 2003",The Real Cancun,4000000,3816594,3816594,0,-183406,-4000000,-183406,-0.0,-0.001,-0.0,Domestic
4514,4514,15,"Dec 1, 1988",Talk Radio,4000000,3468572,3468572,0,-531428,-4000000,-531428,-0.0,-0.001,-0.0,Domestic
4515,4515,16,"Jan 31, 1997",Waiting for Guffman,4000000,2922988,2922988,0,-1077012,-4000000,-1077012,-0.0,-0.001,-0.0,Domestic
4516,4516,17,"Sep 10, 1999",Love Stinks,4000000,2793776,2793776,0,-1206224,-4000000,-1206224,-0.0,-0.001,-0.0,Domestic
4517,4517,18,"Aug 24, 2012",Samsara,4000000,2672413,5966671,3294258,-1327587,-705742,1966671,-0.0,-0.0,0.001,Domestic
4518,4518,19,"Jun 22, 2007",You Kill Me,4000000,2426851,3858964,1432113,-1573149,-2567887,-141036,-0.0,-0.001,-0.0,Domestic
4519,4519,20,"Jun 17, 2011",The Art of Getting By,4000000,1430241,1989035,558794,-2569759,-3441206,-2010965,-0.001,-0.001,-0.001,Domestic
4520,4520,21,"Sep 16, 2005",Thumbsucker,4000000,1328679,1919197,590518,-2671321,-3409482,-2080803,-0.001,-0.001,-0.001,Domestic
4521,4521,22,"Sep 23, 2011",Red State,4000000,1065429,1983596,918167,-2934571,-3081833,-2016404,-0.001,-0.001,-0.001,Domestic
4522,4522,23,"Sep 30, 2005",MirrorMask,4000000,864959,973613,108654,-3135041,-3891346,-3026387,-0.001,-0.001,-0.001,Domestic
4523,4523,24,"Mar 31, 1987",The Barbarians,4000000,800000,800000,0,-3200000,-4000000,-3200000,-0.001,-0.001,-0.001,Domestic
4524,4524,25,"Oct 17, 2012",Holy Motors,4000000,641054,4230426,3589372,-3358946,-410628,230426,-0.001,-0.0,0.0,Domestic
4525,4525,26,"Jun 13, 2014",The Signal,4000000,600896,2665322,2064426,-3399104,-1935574,-1334678,-0.001,-0.001,-0.0,Domestic
4526,4526,27,"Feb 28, 2003",Poolhall Junkies,4000000,563711,563711,0,-3436289,-4000000,-3436289,-0.001,-0.001,-0.001,Domestic
4527,4527,28,"May 28, 1999",The Loss of Sexual Innocence,4000000,399793,399793,0,-3600207,-4000000,-3600207,-0.001,-0.001,-0.001,Domestic
4528,4528,29,"Mar 7, 2014",The Face of Love,4000000,385069,1158877,773808,-3614931,-3226192,-2841123,-0.001,-0.001,-0.001,Domestic
4529,4529,30,"Apr 11, 2014",Joe,4000000,373375,373375,0,-3626625,-4000000,-3626625,-0.001,-0.001,-0.001,Domestic
4530,4530,31,"Mar 4, 1988",Prison,4000000,354704,354704,0,-3645296,-4000000,-3645296,-0.001,-0.001,-0.001,Domestic
4531,4531,32,"May 1, 1998",Shooting Fish,4000000,302204,302204,0,-3697796,-4000000,-3697796,-0.001,-0.001,-0.001,Domestic
4532,4532,33,"May 8, 2009",Adoration,4000000,294244,384244,90000,-3705756,-3910000,-3615756,-0.001,-0.001,-0.001,Domestic
4533,4533,34,"Aug 4, 2000",Psycho Beach Party,4000000,267972,267972,0,-3732028,-4000000,-3732028,-0.001,-0.001,-0.001,Domestic
4534,4534,35,"Jun 7, 2019",Late Night,4000000,246305,246305,0,-3753695,-4000000,-3753695,-0.001,-0.001,-0.001,Domestic
4535,4535,36,"Jan 28, 2000",The Big Tease,4000000,185577,185577,0,-3814423,-4000000,-3814423,-0.001,-0.001,-0.001,Domestic
4536,4536,37,"Aug 25, 2017",Polina danser sa vie,4000000,165203,953314,788111,-3834797,-3211889,-3046686,-0.001,-0.001,-0.001,Domestic
4537,4537,38,"Apr 10, 2015",Desert Dancer,4000000,155271,596335,441064,-3844729,-3558936,-3403665,-0.001,-0.001,-0.001,Domestic
4538,4538,39,"Jan 30, 2015","Guten Tag, Ramon",4000000,154356,4854356,4700000,-3845644,700000,854356,-0.001,0.0,0.0,Domestic
4539,4539,40,"Jul 25, 2003",Mondays in the Sun,4000000,146402,146402,0,-3853598,-4000000,-3853598,-0.001,-0.001,-0.001,Domestic
4540,4540,41,"Jun 19, 2015",Manglehorn,4000000,132270,797439,665169,-3867730,-3334831,-3202561,-0.001,-0.001,-0.001,Domestic
4541,4541,42,"Apr 2, 2010",Tau ming chong,4000000,129078,38899792,38770714,-3870922,34770714,34899792,-0.001,0.01,0.01,Domestic
4542,4542,43,"Apr 1, 2011",Trust,4000000,120016,120016,0,-3879984,-4000000,-3879984,-0.001,-0.001,-0.001,Domestic
4543,4543,44,"Dec 22, 2000",An Everlasting Piece,4000000,75078,75078,0,-3924922,-4000000,-3924922,-0.001,-0.001,-0.001,Domestic
4544,4544,45,"Mar 26, 1999",Among Giants,4000000,64359,64359,0,-3935641,-4000000,-3935641,-0.001,-0.001,-0.001,Domestic
4545,4545,46,"Jul 16, 1999",The Velocity of Gary,4000000,34145,34145,0,-3965855,-4000000,-3965855,-0.001,-0.001,-0.001,Domestic
4546,4546,47,"Apr 22, 2011",Stake Land,4000000,33245,679482,646237,-3966755,-3353763,-3320518,-0.001,-0.001,-0.001,Domestic
4547,4547,48,"Feb 27, 2015",Praia do Futuro,4000000,20620,760678,740058,-3979380,-3259942,-3239322,-0.001,-0.001,-0.001,Domestic
4548,4548,49,"Dec 27, 2002",Sonny,4000000,17639,17639,0,-3982361,-4000000,-3982361,-0.001,-0.001,-0.001,Domestic
4549,4549,50,"Jun 20, 1997",The Last Time I Committed Suicide,4000000,12836,12836,0,-3987164,-4000000,-3987164,-0.001,-0.001,-0.001,Domestic
4550,4550,51,"Apr 18, 2014",13 Sins,4000000,9134,47552,38418,-3990866,-3961582,-3952448,-0.001,-0.001,-0.001,Domestic
4551,4551,52,"Nov 18, 2011",Another Happy Day,4000000,9120,978527,969407,-3990880,-3030593,-3021473,-0.001,-0.001,-0.001,Domestic
4552,4552,53,"Feb 22, 2013",Inescapable,4000000,4327,4327,0,-3995673,-4000000,-3995673,-0.001,-0.001,-0.001,Domestic
4567,4567,68,"Dec 15, 1939",Gone with the Wind,3900000,198680470,390525192,191844722,194780470,187944722,386625192,0.056,0.054,0.112,Domestic
4568,4568,69,"Dec 12, 1966",A Man for All Seasons,3900000,28350000,28350000,0,24450000,-3900000,24450000,0.007,-0.001,0.007,Domestic
4569,4569,70,"Dec 30, 1925",Ben-Hur: A Tale of the Christ,3900000,9000000,9000000,0,5100000,-3900000,5100000,0.001,-0.001,0.001,Domestic
4570,4570,71,"Jan 1, 1976",Network,3800000,23689877,23689877,0,19889877,-3800000,19889877,0.006,-0.001,0.006,Domestic
4571,4571,72,"Jan 14, 2011",Down for Life,3800000,41914,41914,0,-3758086,-3800000,-3758086,-0.001,-0.001,-0.001,Domestic
4572,4572,73,"Apr 30, 2010",The Good Heart,3800000,20930,340930,320000,-3779070,-3480000,-3459070,-0.001,-0.001,-0.001,Domestic
4573,4573,74,"Apr 7, 1965",Major Dundee,3800000,14873,14873,0,-3785127,-3800000,-3785127,-0.001,-0.001,-0.001,Domestic
4574,4574,75,"Oct 5, 2018",Hevi reissu,3800000,10153,10153,0,-3789847,-3800000,-3789847,-0.001,-0.001,-0.001,Domestic
4576,4576,77,"May 17, 1950",Annie Get Your Gun,3768785,8000000,8000000,0,4231215,-3768785,4231215,0.001,-0.001,0.001,Domestic
4577,4577,78,"Aug 11, 2006",Casa de Areia,3750000,539285,1178175,638890,-3210715,-3111110,-2571825,-0.001,-0.001,-0.001,Domestic
4578,4578,79,"Nov 5, 2010",Four Lions,3750000,310007,2436111,2126104,-3439993,-1623896,-1313889,-0.001,-0.0,-0.0,Domestic
4579,4579,80,"Feb 19, 2010",Defendor,3750000,44462,44462,0,-3705538,-3750000,-3705538,-0.001,-0.001,-0.001,Domestic
4580,4580,81,"May 13, 1970",The Ballad of Cable Hogue,3716946,3500000,5000000,1500000,-216946,-2216946,1283054,-0.0,-0.001,0.0,Domestic
4581,4581,82,"May 20, 1948",The Pirate,3700000,2956000,2956000,0,-744000,-3700000,-744000,-0.0,-0.001,-0.0,Domestic
4582,4582,83,"Nov 21, 2006",The History Boys,3700000,2730296,13447998,10717702,-969704,7017702,9747998,-0.0,0.002,0.003,Domestic
4583,4583,84,"Nov 3, 2006",Unknown,3700000,26403,3355048,3328645,-3673597,-371355,-344952,-0.001,-0.0,-0.0,Domestic
4584,4584,85,"May 25, 1969",Midnight Cowboy,3600000,44785053,44785053,0,41185053,-3600000,41185053,0.012,-0.001,0.012,Domestic
4585,4585,86,"Oct 10, 2008",Billy: The Early Years of Billy Graham,3600000,320896,320896,0,-3279104,-3600000,-3279104,-0.001,-0.001,-0.001,Domestic
4587,4587,88,"Jul 4, 1980",Airplane!,3500000,83453539,83453539,0,79953539,-3500000,79953539,0.023,-0.001,0.023,Domestic
4588,4588,89,"Jan 1, 1970",M*A*S*H,3500000,81600000,81600000,0,78100000,-3500000,78100000,0.023,-0.001,0.023,Domestic
4589,4589,90,"Aug 13, 1997",The Full Monty,3500000,45950122,261249383,215299261,42450122,211799261,257749383,0.012,0.061,0.074,Domestic
4590,4590,91,"Apr 13, 2018",Truth or Dare,3500000,41411015,95127344,53716329,37911015,50216329,91627344,0.011,0.014,0.026,Domestic
4591,4591,92,"May 26, 1993",Menace II Society,3500000,27731527,27731527,0,24231527,-3500000,24231527,0.007,-0.001,0.007,Domestic
4592,4592,93,"Apr 26, 1995",Friday,3500000,27467564,27936778,469214,23967564,-3030786,24436778,0.007,-0.001,0.007,Domestic
4593,4593,94,"Feb 19, 2016",The Witch,3500000,25138705,40454520,15315815,21638705,11815815,36954520,0.006,0.003,0.011,Domestic
4594,4594,95,"Feb 2, 2018",Winchester,3500000,25091816,44378040,19286224,21591816,15786224,40878040,0.006,0.005,0.012,Domestic
4595,4595,96,"Dec 6, 2002",Empire,3500000,17504595,18495444,990849,14004595,-2509151,14995444,0.004,-0.001,0.004,Domestic
4596,4596,97,"Feb 22, 2013",Dark Skies,3500000,17418667,27704111,10285444,13918667,6785444,24204111,0.004,0.002,0.007,Domestic
4597,4597,98,"Jan 19, 2018",Forever My Girl,3500000,16376066,16376066,0,12876066,-3500000,12876066,0.004,-0.001,0.004,Domestic
4598,4598,99,"May 1, 1987",Creepshow 2,3500000,14000000,14000000,0,10500000,-3500000,10500000,0.003,-0.001,0.003,Domestic
4599,4599,100,"Dec 14, 1967",In Cold Blood,3500000,13000000,13007551,7551,9500000,-3492449,9507551,0.003,-0.001,0.003,Domestic
4600,4600,1,"Jul 18, 1959",The Nun's Story,3500000,12800000,12800000,0,9300000,-3500000,9300000,0.003,-0.001,0.003,Domestic
4601,4601,2,"Jun 21, 1972",Frenzy,3500000,12600000,12600000,0,9100000,-3500000,9100000,0.003,-0.001,0.003,Domestic
4602,4602,3,"Feb 23, 1966",Harper,3500000,12000000,12000000,0,8500000,-3500000,8500000,0.002,-0.001,0.002,Domestic
4603,4603,4,"May 27, 1998",I Got the Hook-Up!,3500000,10317779,10317779,0,6817779,-3500000,6817779,0.002,-0.001,0.002,Domestic
4604,4604,5,"Aug 23, 1996",She's the One,3500000,9482579,13795053,4312474,5982579,812474,10295053,0.002,0.0,0.003,Domestic
4605,4605,6,"Jan 1, 1980",Terror Train,3500000,8000000,8000000,0,4500000,-3500000,4500000,0.001,-0.001,0.001,Domestic
4606,4606,7,"Nov 6, 1998",Gods and Monsters,3500000,6451628,6451628,0,2951628,-3500000,2951628,0.001,-0.001,0.001,Domestic
4607,4607,8,"Apr 16, 2010",El secreto de sus ojos,3500000,6391436,40527719,34136283,2891436,30636283,37027719,0.001,0.009,0.011,Domestic
4608,4608,9,"Mar 13, 1987",Evil Dead II,3500000,5923044,5926177,3133,2423044,-3496867,2426177,0.001,-0.001,0.001,Domestic
4609,4609,10,"Jun 30, 1985",Day of the Dead,3500000,5804262,34004262,28200000,2304262,24700000,30504262,0.001,0.007,0.009,Domestic
4610,4610,11,"May 18, 2018",First Reformed,3500000,3448256,3874772,426516,-51744,-3073484,374772,-0.0,-0.001,0.0,Domestic
4611,4611,12,"Jun 29, 2001",Pootie Tang,3500000,3293258,3293258,0,-206742,-3500000,-206742,-0.0,-0.001,-0.0,Domestic
4612,4612,13,"Dec 2, 2016",Believe,3500000,890303,890303,0,-2609697,-3500000,-2609697,-0.001,-0.001,-0.001,Domestic
4613,4613,14,"Apr 19, 2000",La otra conquista,3500000,886410,886410,0,-2613590,-3500000,-2613590,-0.001,-0.001,-0.001,Domestic
4614,4614,15,"Sep 30, 2016",American Honey,3500000,663247,2611750,1948503,-2836753,-1551497,-888250,-0.001,-0.0,-0.0,Domestic
4615,4615,16,"Mar 18, 2016",The Bronze,3500000,615816,615816,0,-2884184,-3500000,-2884184,-0.001,-0.001,-0.001,Domestic
4616,4616,17,"Jun 10, 2011",Trolljegeren,3500000,253444,5706638,5453194,-3246556,1953194,2206638,-0.001,0.001,0.001,Domestic
4617,4617,18,"Sep 14, 2007",Ira and Abby,3500000,221096,221096,0,-3278904,-3500000,-3278904,-0.001,-0.001,-0.001,Domestic
4618,4618,19,"Jan 8, 2016",The Masked Saint,3500000,182695,182695,0,-3317305,-3500000,-3317305,-0.001,-0.001,-0.001,Domestic
4619,4619,20,"Feb 17, 2006",Winter Passing,3500000,107492,113783,6291,-3392508,-3493709,-3386217,-0.001,-0.001,-0.001,Domestic
4620,4620,21,"Mar 25, 2005",D.E.B.S.,3500000,96793,96793,0,-3403207,-3500000,-3403207,-0.001,-0.001,-0.001,Domestic
4621,4621,22,"Jun 3, 2016",Time to Choose,3500000,29233,29233,0,-3470767,-3500000,-3470767,-0.001,-0.001,-0.001,Domestic
4622,4622,23,"Jun 26, 2009",Surveillance,3500000,27349,1396395,1369046,-3472651,-2130954,-2103605,-0.001,-0.001,-0.001,Domestic
4623,4623,24,"Sep 17, 1999",Taxman,3500000,9871,9871,0,-3490129,-3500000,-3490129,-0.001,-0.001,-0.001,Domestic
4632,4632,33,"May 17, 2013",Jagten,3450000,687185,18309793,17622608,-2762815,14172608,14859793,-0.001,0.004,0.004,Domestic
4634,4634,35,"Jun 24, 2005",La marche de l'empereur,3400000,77437223,133276359,55839136,74037223,52439136,129876359,0.021,0.015,0.037,Domestic
4635,4635,36,"Dec 23, 1977",High Anxiety,3400000,31063038,31063038,0,27663038,-3400000,27663038,0.008,-0.001,0.008,Domestic
4636,4636,37,"Oct 21, 2011",Margin Call,3400000,5353586,20433227,15079641,1953586,11679641,17033227,0.001,0.003,0.005,Domestic
4637,4637,38,"Sep 26, 2008",Choke,3400000,2926565,4124277,1197712,-473435,-2202288,724277,-0.0,-0.001,0.0,Domestic
4638,4638,39,"Apr 23, 2004",L\'incomparable mademoiselle C.,3400000,493905,493905,0,-2906095,-3400000,-2906095,-0.001,-0.001,-0.001,Domestic
4639,4639,40,"Jul 11, 2008",August,3400000,12636,12636,0,-3387364,-3400000,-3387364,-0.001,-0.001,-0.001,Domestic
4642,4642,43,"Oct 10, 2014",Whiplash,3300000,13092006,38969037,25877031,9792006,22577031,35669037,0.003,0.007,0.01,Domestic
4643,4643,44,"Oct 26, 2007",Bella,3300000,8093373,12405473,4312100,4793373,1012100,9105473,0.001,0.0,0.003,Domestic
4644,4644,45,"Jan 17, 2003",Cidade de Deus,3300000,7563397,32059295,24495898,4263397,21195898,28759295,0.001,0.006,0.008,Domestic
4645,4645,46,"May 5, 2000",Human Traffic,3300000,104257,5422740,5318483,-3195743,2018483,2122740,-0.001,0.001,0.001,Domestic
4646,4646,47,"Dec 29, 2006",The Dead Girl,3300000,19875,19875,0,-3280125,-3300000,-3280125,-0.001,-0.001,-0.001,Domestic
4648,4648,49,"Nov 18, 1983",A Christmas Story,3250000,20605209,20605209,0,17355209,-3250000,17355209,0.005,-0.001,0.005,Domestic
4649,4649,50,"Aug 20, 1982",Class of 1984,3250000,6965361,6965361,0,3715361,-3250000,3715361,0.001,-0.001,0.001,Domestic
4650,4650,51,"Jan 30, 2009",Entre les murs,3250000,3766810,34114067,30347257,516810,27097257,30864067,0.0,0.008,0.009,Domestic
4651,4651,52,"Oct 29, 1999",Dreaming of Joseph Lees,3250000,7680,7680,0,-3242320,-3250000,-3242320,-0.001,-0.001,-0.001,Domestic
4652,4652,53,"Jun 12, 1968",Rosemary's Baby,3200000,33395426,33395426,0,30195426,-3200000,30195426,0.009,-0.001,0.009,Domestic
4653,4653,54,"Jul 6, 2018",Sorry to Bother You,3200000,17493096,18285560,792464,14293096,-2407536,15085560,0.004,-0.001,0.004,Domestic
4654,4654,55,"Apr 22, 1962",The Man Who Shot Liberty Valance,3200000,8000000,8000000,0,4800000,-3200000,4800000,0.001,-0.001,0.001,Domestic
4655,4655,56,"Jul 16, 2004",Maria Full of Grace,3200000,6529624,14441158,7911534,3329624,4711534,11241158,0.001,0.001,0.003,Domestic
4656,4656,57,"Jun 3, 2011",Beginners,3200000,5790894,14314407,8523513,2590894,5323513,11114407,0.001,0.002,0.003,Domestic
4657,4657,58,"Apr 22, 2016",The Meddler,3200000,4267219,5526942,1259723,1067219,-1940277,2326942,0.0,-0.001,0.001,Domestic
4658,4658,59,"Jul 29, 2009",Adam,3200000,2283291,2834485,551194,-916709,-2648806,-365515,-0.0,-0.001,-0.0,Domestic
4659,4659,60,"Sep 22, 2006",Feast,3200000,56131,690872,634741,-3143869,-2565259,-2509128,-0.001,-0.001,-0.001,Domestic
4660,4660,61,"Dec 20, 1946",Itâs a Wonderful Life,3180000,6600000,10768908,4168908,3420000,988908,7588908,0.001,0.0,0.002,Domestic
4661,4661,62,"Jul 19, 1996",Trainspotting,3100000,16501785,71558971,55057186,13401785,51957186,68458971,0.004,0.015,0.02,Domestic
4663,4663,64,"Jul 28, 1978",National Lampoon's Animal House,3000000,141600000,141600000,0,138600000,-3000000,138600000,0.04,-0.001,0.04,Domestic
4664,4664,65,"Oct 20, 2010",Paranormal Activity 2,3000000,84752907,177512032,92759125,81752907,89759125,174512032,0.024,0.026,0.05,Domestic
4665,4665,66,"Aug 28, 2015",War Room,3000000,67790117,73975239,6185122,64790117,3185122,70975239,0.019,0.001,0.02,Domestic
4666,4666,67,"Jun 7, 2013",The Purge,3000000,64473115,91266581,26793466,61473115,23793466,88266581,0.018,0.007,0.025,Domestic
4667,4667,68,"Dec 22, 1964",Goldfinger,3000000,51100000,124900000,73800000,48100000,70800000,121900000,0.014,0.02,0.035,Domestic
4668,4668,69,"Oct 12, 2012",Sinister,3000000,48086903,87727807,39640904,45086903,36640904,84727807,0.013,0.011,0.024,Domestic
4669,4669,70,"Aug 18, 2000",The Original Kings of Comedy,3000000,38168022,38236338,68316,35168022,-2931684,35236338,0.01,-0.001,0.01,Domestic
4670,4670,71,"Dec 18, 1957",The Bridge on the River Kwai,3000000,33300000,33300000,0,30300000,-3000000,30300000,0.009,-0.001,0.009,Domestic
4671,4671,72,"Jan 1, 1978",Coming Home,3000000,32653000,32653000,0,29653000,-3000000,29653000,0.009,-0.001,0.009,Domestic
4672,4672,73,"Nov 20, 1998",Waking Ned Devine,3000000,24793251,55193251,30400000,21793251,27400000,52193251,0.006,0.008,0.015,Domestic
4673,4673,74,"Aug 1, 1997",Air Bud,3000000,24646936,27788649,3141713,21646936,141713,24788649,0.006,0.0,0.007,Domestic
4674,4674,75,"Oct 11, 2002",Bowling for Columbine,3000000,21576018,58240487,36664469,18576018,33664469,55240487,0.005,0.01,0.016,Domestic
4675,4675,76,"Nov 1, 1985",A Nightmare on Elm Street Part 2: Freddy's Revenge,3000000,21163999,21163999,0,18163999,-3000000,18163999,0.005,-0.001,0.005,Domestic
4676,4676,77,"Mar 7, 1986",A Room with a View,3000000,20966644,20966644,0,17966644,-3000000,17966644,0.005,-0.001,0.005,Domestic
4677,4677,78,"Jun 10, 1975",Love and Death,3000000,20123742,20123742,0,17123742,-3000000,17123742,0.005,-0.001,0.005,Domestic
4678,4678,79,"Aug 1, 1986",Friday the 13th Part VI: Jason Lives,3000000,19472057,19472057,0,16472057,-3000000,16472057,0.005,-0.001,0.005,Domestic
4679,4679,80,"Aug 2, 2002",Martin Lawrence Live: RunTelDat,3000000,19184820,19184820,0,16184820,-3000000,16184820,0.005,-0.001,0.005,Domestic
4680,4680,81,"Jun 15, 1960",The Apartment,3000000,18600000,24600000,6000000,15600000,3000000,21600000,0.005,0.001,0.006,Domestic
4681,4681,82,"Sep 20, 1958",Cat on a Hot Tin Roof,3000000,17570324,17570324,0,14570324,-3000000,14570324,0.004,-0.001,0.004,Domestic
4682,4682,83,"May 26, 1970",Beneath the Planet of the Apes,3000000,17489009,17489009,0,14489009,-3000000,14489009,0.004,-0.001,0.004,Domestic
4683,4683,84,"Apr 6, 2001",Pokemon 3: The Movie,3000000,17052128,68452128,51400000,14052128,48400000,65452128,0.004,0.014,0.019,Domestic
4684,4684,85,"Aug 13, 1993",Jason Goes to Hell: The Final Friday,3000000,15935068,15935068,0,12935068,-3000000,12935068,0.004,-0.001,0.004,Domestic
4685,4685,86,"Apr 27, 1990",Spaced Invaders,3000000,15000000,15000000,0,12000000,-3000000,12000000,0.003,-0.001,0.003,Domestic
4686,4686,87,"Apr 9, 1976",Family Plot,3000000,13200000,13200000,0,10200000,-3000000,10200000,0.003,-0.001,0.003,Domestic
4687,4687,88,"Jul 16, 1966",Torn Curtain,3000000,13000000,13000000,0,10000000,-3000000,10000000,0.003,-0.001,0.003,Domestic
4688,4688,89,"Jun 1, 2018",Upgrade,3000000,11977130,16553285,4576155,8977130,1576155,13553285,0.003,0.0,0.004,Domestic
4689,4689,90,"Mar 3, 2006",Dave Chappelle's Block Party,3000000,11718595,12051924,333329,8718595,-2666671,9051924,0.003,-0.001,0.003,Domestic
4690,4690,91,"Oct 25, 1985",Krush Groove,3000000,11052713,11052713,0,8052713,-3000000,8052713,0.002,-0.001,0.002,Domestic
4691,4691,92,"Jul 7, 1960",Elmer Gantry,3000000,10400000,10400000,0,7400000,-3000000,7400000,0.002,-0.001,0.002,Domestic
4692,4692,93,"May 8, 2009",Next Day Air,3000000,10027047,10172519,145472,7027047,-2854528,7172519,0.002,-0.001,0.002,Domestic
4693,4693,94,"Dec 19, 1961",Judgment at Nuremberg,3000000,10000000,10000000,0,7000000,-3000000,7000000,0.002,-0.001,0.002,Domestic
4694,4694,95,"Nov 4, 1998",Belly,3000000,9639390,9639390,0,6639390,-3000000,6639390,0.002,-0.001,0.002,Domestic
4695,4695,96,"May 12, 1999",Trippinâ,3000000,9017070,9017070,0,6017070,-3000000,6017070,0.002,-0.001,0.002,Domestic
4696,4696,97,"Aug 26, 1948",Red River,3000000,9012000,9012000,0,6012000,-3000000,6012000,0.002,-0.001,0.002,Domestic
4697,4697,98,"Aug 8, 2001",The Deep End,3000000,8823109,9981635,1158526,5823109,-1841474,6981635,0.002,-0.001,0.002,Domestic
4698,4698,99,"May 24, 2013",Before Midnight,3000000,8110621,23251930,15141309,5110621,12141309,20251930,0.001,0.004,0.006,Domestic
4699,4699,100,"Nov 20, 1987",Teen Wolf Too,3000000,7888000,7888000,0,4888000,-3000000,4888000,0.001,-0.001,0.001,Domestic
4700,4700,1,"Jul 31, 2009",The Collector,3000000,7712114,10473836,2761722,4712114,-238278,7473836,0.001,-0.0,0.002,Domestic
4701,4701,2,"Jul 8, 1988",Phantasm II,3000000,7282851,7282851,0,4282851,-3000000,4282851,0.001,-0.001,0.001,Domestic
4702,4702,3,"Oct 27, 2017",Let There Be Light,3000000,7233471,7241309,7838,4233471,-2992162,4241309,0.001,-0.001,0.001,Domestic
4703,4703,4,"Apr 7, 2006",Phat Girlz,3000000,7061128,7301115,239987,4061128,-2760013,4301115,0.001,-0.001,0.001,Domestic
4704,4704,5,"Oct 1, 2004",Woman Thou Art Loosed,3000000,6879730,6879730,0,3879730,-3000000,3879730,0.001,-0.001,0.001,Domestic
4705,4705,6,"Oct 18, 2002",Real Women Have Curves,3000000,5853194,7777790,1924596,2853194,-1075404,4777790,0.001,-0.0,0.001,Domestic
4706,4706,7,"Aug 28, 1981",Gallipoli,3000000,5732587,5732587,0,2732587,-3000000,2732587,0.001,-0.001,0.001,Domestic
4707,4707,8,"Apr 28, 2006",Water,3000000,5529144,11322573,5793429,2529144,2793429,8322573,0.001,0.001,0.002,Domestic
4708,4708,9,"Jul 22, 2016",Donât Think Twice,3000000,4417983,4417983,0,1417983,-3000000,1417983,0.0,-0.001,0.0,Domestic
4709,4709,10,"Jun 24, 2016",Swiss Army Man,3000000,4210454,5837111,1626657,1210454,-1373343,2837111,0.0,-0.0,0.001,Domestic
4710,4710,11,"Apr 14, 2000",East is East,3000000,4170647,30438635,26267988,1170647,23267988,27438635,0.0,0.007,0.008,Domestic
4711,4711,12,"Sep 1, 2000",Whipped,3000000,4142507,4142507,0,1142507,-3000000,1142507,0.0,-0.001,0.0,Domestic
4712,4712,13,"Feb 28, 1997",Kama Sutra,3000000,4109095,4109095,0,1109095,-3000000,1109095,0.0,-0.001,0.0,Domestic
4713,4713,14,"May 17, 2013",Frances Ha,3000000,4067398,11262769,7195371,1067398,4195371,8262769,0.0,0.001,0.002,Domestic
4714,4714,15,"Apr 30, 2010",Please Give,3000000,4033574,4570178,536604,1033574,-2463396,1570178,0.0,-0.001,0.0,Domestic
4715,4715,16,"Jun 30, 1971",Willy Wonka & the Chocolate Factory,3000000,4000000,4000000,0,1000000,-3000000,1000000,0.0,-0.001,0.0,Domestic
4716,4716,17,"Sep 24, 1993",Warlock: The Armageddon,3000000,3902679,3902679,0,902679,-3000000,902679,0.0,-0.001,0.0,Domestic
4717,4717,18,"Apr 18, 1997",8 Heads in a Duffel Bag,3000000,3602884,4002884,400000,602884,-2600000,1002884,0.0,-0.001,0.0,Domestic
4718,4718,19,"Sep 13, 1978",Days of Heaven,3000000,3446749,3660880,214131,446749,-2785869,660880,0.0,-0.001,0.0,Domestic
4719,4719,20,"May 24, 2002",Thirteen Conversations About One Thing,3000000,3287435,3705923,418488,287435,-2581512,705923,0.0,-0.001,0.0,Domestic
4720,4720,21,"Apr 22, 2016",Compadres,3000000,3127773,7445044,4317271,127773,1317271,4445044,0.0,0.0,0.001,Domestic
4721,4721,22,"Feb 19, 1999",Jawbreaker,3000000,3076820,3076820,0,76820,-3000000,76820,0.0,-0.001,0.0,Domestic
4722,4722,23,"Aug 9, 1996",Basquiat,3000000,2962051,2962051,0,-37949,-3000000,-37949,-0.0,-0.001,-0.0,Domestic
4723,4723,24,"Feb 24, 2006",Tsotsi,3000000,2912606,11537539,8624933,-87394,5624933,8537539,-0.0,0.002,0.002,Domestic
4724,4724,25,"Apr 9, 2010",Letters to God,3000000,2848587,3237452,388865,-151413,-2611135,237452,-0.0,-0.001,0.0,Domestic
4725,4725,26,"Oct 16, 1998",Happiness,3000000,2746453,5746453,3000000,-253547,0,2746453,-0.0,0.0,0.001,Domestic
4726,4726,27,"Apr 4, 2003",DysFunkTional Family,3000000,2255000,2255000,0,-745000,-3000000,-745000,-0.0,-0.001,-0.0,Domestic
4727,4727,28,"Sep 19, 2014",Tusk,3000000,1821983,1887554,65571,-1178017,-2934429,-1112446,-0.0,-0.001,-0.0,Domestic
4728,4728,29,"May 12, 2017",The Wall,3000000,1803064,4495262,2692198,-1196936,-307802,1495262,-0.0,-0.0,0.0,Domestic
4729,4729,30,"Oct 24, 2003",Elephant,3000000,1266955,10051516,8784561,-1733045,5784561,7051516,-0.001,0.002,0.002,Domestic
4730,4730,31,"Apr 6, 2012",Damsels in Distress,3000000,1007535,1324299,316764,-1992465,-2683236,-1675701,-0.001,-0.001,-0.0,Domestic
4731,4731,32,"Mar 25, 2005",Oldboy,3000000,707391,6239723,5532332,-2292609,2532332,3239723,-0.001,0.001,0.001,Domestic
4732,4732,33,"May 6, 2011",Hobo with a Shotgun,3000000,703372,834953,131581,-2296628,-2868419,-2165047,-0.001,-0.001,-0.001,Domestic
4733,4733,34,"May 8, 2015",The D Train,3000000,669688,772366,102678,-2330312,-2897322,-2227634,-0.001,-0.001,-0.001,Domestic
4734,4734,35,"Sep 7, 2012",Bachelorette,3000000,446770,12577401,12130631,-2553230,9130631,9577401,-0.001,0.003,0.003,Domestic
4735,4735,36,"Jan 15, 2010",Fish Tank,3000000,374675,5922292,5547617,-2625325,2547617,2922292,-0.001,0.001,0.001,Domestic
4736,4736,37,"Sep 5, 2008",Everybody Wants to Be Italian,3000000,351416,351416,0,-2648584,-3000000,-2648584,-0.001,-0.001,-0.001,Domestic
4737,4737,38,"Sep 9, 2011",Creature,3000000,331000,331000,0,-2669000,-3000000,-2669000,-0.001,-0.001,-0.001,Domestic
4738,4738,39,"Dec 9, 2016",The Bounce Back,3000000,321910,421404,99494,-2678090,-2900506,-2578596,-0.001,-0.001,-0.001,Domestic
4739,4739,40,"Aug 23, 1996",Freeway,3000000,295493,295493,0,-2704507,-3000000,-2704507,-0.001,-0.001,-0.001,Domestic
4740,4740,41,"Oct 6, 2006",Love's Abiding Joy,3000000,252726,252726,0,-2747274,-3000000,-2747274,-0.001,-0.001,-0.001,Domestic
4741,4741,42,"Feb 12, 1993",Dead Alive,3000000,242623,242623,0,-2757377,-3000000,-2757377,-0.001,-0.001,-0.001,Domestic
4742,4742,43,"Oct 1, 2010",Chain Letter,3000000,205842,1022453,816611,-2794158,-2183389,-1977547,-0.001,-0.001,-0.001,Domestic
4743,4743,44,"Mar 2, 2012",Tim and Eric's Billion Dollar Movie,3000000,201436,223652,22216,-2798564,-2977784,-2776348,-0.001,-0.001,-0.001,Domestic
4744,4744,45,"Nov 9, 2007",Holly,3000000,163069,163069,0,-2836931,-3000000,-2836931,-0.001,-0.001,-0.001,Domestic
4745,4745,46,"Mar 26, 2010",The Eclipse,3000000,133411,133411,0,-2866589,-3000000,-2866589,-0.001,-0.001,-0.001,Domestic
4746,4746,47,"Mar 21, 2008",The Grand,3000000,115879,115879,0,-2884121,-3000000,-2884121,-0.001,-0.001,-0.001,Domestic
4747,4747,48,"Mar 17, 2006",Sommersturm,3000000,95204,95204,0,-2904796,-3000000,-2904796,-0.001,-0.001,-0.001,Domestic
4748,4748,49,"Aug 15, 2014",Fort McCoy,3000000,78948,78948,0,-2921052,-3000000,-2921052,-0.001,-0.001,-0.001,Domestic
4749,4749,50,"Aug 4, 1999",The Gambler,3000000,51773,101773,50000,-2948227,-2950000,-2898227,-0.001,-0.001,-0.001,Domestic
4750,4750,51,"Oct 13, 2000",Just Looking,3000000,39852,39852,0,-2960148,-3000000,-2960148,-0.001,-0.001,-0.001,Domestic
4751,4751,52,"Sep 4, 2015",Before We Go,3000000,37151,483938,446787,-2962849,-2553213,-2516062,-0.001,-0.001,-0.001,Domestic
4752,4752,53,"Jan 13, 2012",The Divide,3000000,18000,156362,138362,-2982000,-2861638,-2843638,-0.001,-0.001,-0.001,Domestic
4753,4753,54,"Sep 9, 2011",Tanner Hall,3000000,5073,5073,0,-2994927,-3000000,-2994927,-0.001,-0.001,-0.001,Domestic
4754,4754,55,"Sep 30, 2005",My Big Fat Independent Movie,3000000,4655,4655,0,-2995345,-3000000,-2995345,-0.001,-0.001,-0.001,Domestic
4774,4774,75,"Jan 18, 1946",The Harvey Girls,2931000,4100000,4100000,0,1169000,-2931000,1169000,0.0,-0.001,0.0,Domestic
4775,4775,76,"Feb 15, 1950",Cinderella,2900000,85000000,263591415,178591415,82100000,175691415,260691415,0.024,0.051,0.075,Domestic
4776,4776,77,"Nov 20, 1998",Central do Brasil,2900000,5969553,17006158,11036605,3069553,8136605,14106158,0.001,0.002,0.004,Domestic
4777,4777,78,"Dec 19, 1961",Pocketful of Miracles,2900000,5000000,5000000,0,2100000,-2900000,2100000,0.001,-0.001,0.001,Domestic
4778,4778,79,"Mar 24, 2006",Boynton Beach Club,2900000,3127472,3127472,0,227472,-2900000,227472,0.0,-0.001,0.0,Domestic
4779,4779,80,"Oct 1, 2010",Freakonomics,2900000,101270,172867,71597,-2798730,-2828403,-2727133,-0.001,-0.001,-0.001,Domestic
4780,4780,81,"Aug 19, 2011",Griff the Invisible,2900000,20778,25935,5157,-2879222,-2894843,-2874065,-0.001,-0.001,-0.001,Domestic
4781,4781,82,"Mar 29, 1959",Some Like it Hot,2883848,25000000,25019542,19542,22116152,-2864306,22135694,0.006,-0.001,0.006,Domestic
4782,4782,83,"Jun 10, 2005",High Tension,2850000,3681066,6435262,2754196,831066,-95804,3585262,0.0,-0.0,0.001,Domestic
4783,4783,84,"Dec 15, 1974",Young Frankenstein,2800000,86300000,86300000,0,83500000,-2800000,83500000,0.024,-0.001,0.024,Domestic
4784,4784,85,"Jun 25, 1976",The Omen,2800000,48570885,48570885,0,45770885,-2800000,45770885,0.013,-0.001,0.013,Domestic
4785,4785,86,"Jul 22, 2005",Hustle & Flow,2800000,22202809,23591783,1388974,19402809,-1411026,20791783,0.006,-0.0,0.006,Domestic
4786,4786,87,"May 13, 1988",Friday the 13th Part VII: The New Blood,2800000,19170001,19170001,0,16370001,-2800000,16370001,0.005,-0.001,0.005,Domestic
4787,4787,88,"Sep 15, 2006",Artie Lange's Beer League,2800000,475000,475000,0,-2325000,-2800000,-2325000,-0.001,-0.001,-0.001,Domestic
4788,4788,89,"Aug 25, 1939",The Wizard of Oz,2777000,34063405,34305476,242071,31286405,-2534929,31528476,0.009,-0.001,0.009,Domestic
4789,4789,90,"Feb 15, 2008",Diary of the Dead,2750000,952620,5394447,4441827,-1797380,1691827,2644447,-0.001,0.0,0.001,Domestic
4790,4790,91,"Oct 17, 1979",The Black Stallion,2700000,37799643,37799643,0,35099643,-2700000,35099643,0.01,-0.001,0.01,Domestic
4791,4791,92,"Jun 13, 1997",Ulee's Gold,2700000,9054736,15600000,6545264,6354736,3845264,12900000,0.002,0.001,0.004,Domestic
4792,4792,93,"Oct 26, 2018",Indivisible,2700000,3511417,3588305,76888,811417,-2623112,888305,0.0,-0.001,0.0,Domestic
4793,4793,94,"Sep 1, 2006",Lage Raho Munna Bhai,2700000,2217561,31517561,29300000,-482439,26600000,28817561,-0.0,0.008,0.008,Domestic
4796,4796,97,"Jun 12, 1963",Donovan's Reef,2686000,6600000,6600000,0,3914000,-2686000,3914000,0.001,-0.001,0.001,Domestic
4798,4798,99,"Jan 16, 1998",The Dress,2650000,16556,16556,0,-2633444,-2650000,-2633444,-0.001,-0.001,-0.001,Domestic
4799,4799,100,"Dec 24, 1943",A Guy Named Joe,2627000,5363000,5363000,0,2736000,-2627000,2736000,0.001,-0.001,0.001,Domestic
4800,4800,1,"Feb 7, 1974",Blazing Saddles,2600000,119500000,119500000,0,116900000,-2600000,116900000,0.034,-0.001,0.034,Domestic
4801,4801,2,"Apr 13, 1984",Friday the 13th Part IV: The Final Chapter,2600000,32980880,32980880,0,30380880,-2600000,30380880,0.009,-0.001,0.009,Domestic
4802,4802,3,"May 2, 2014",Ida,2600000,3827060,15298355,11471295,1227060,8871295,12698355,0.0,0.003,0.004,Domestic
4803,4803,4,"Jan 1, 1987",Maurice,2600000,3147950,3198308,50358,547950,-2549642,598308,0.0,-0.001,0.0,Domestic
4804,4804,5,"Jul 9, 2004",Riding Giants,2600000,2276368,3292333,1015965,-323632,-1584035,692333,-0.0,-0.0,0.0,Domestic
4805,4805,6,"Dec 12, 2008",Los CronocrÃ­menes,2600000,39127,564474,525347,-2560873,-2074653,-2035526,-0.001,-0.001,-0.001,Domestic
4810,4810,11,"Apr 10, 1952",Singin' in the Rain,2540000,7200000,7200000,0,4660000,-2540000,4660000,0.001,-0.001,0.001,Domestic
4811,4811,12,"Jan 11, 2013",A Haunted House,2500000,40041683,59922558,19880875,37541683,17380875,57422558,0.011,0.005,0.017,Domestic
4812,4812,13,"Jul 13, 2012",2016: Obamaâs America,2500000,33349941,33349941,0,30849941,-2500000,30849941,0.009,-0.001,0.009,Domestic
4813,4813,14,"Jul 3, 2013",Kevin Hart: Let Me Explain,2500000,32244051,32327255,83204,29744051,-2416796,29827255,0.009,-0.001,0.009,Domestic
4814,4814,15,"Jul 28, 2004",Garden State,2500000,26782316,36028802,9246486,24282316,6746486,33528802,0.007,0.002,0.01,Domestic
4815,4815,16,"Oct 4, 1996",That Thing You Do!,2500000,25857416,34557416,8700000,23357416,6200000,32057416,0.007,0.002,0.009,Domestic
4816,4816,17,"Oct 30, 1981",Halloween II,2500000,25533818,25533818,0,23033818,-2500000,23033818,0.007,-0.001,0.007,Domestic
4817,4817,18,"Oct 22, 1982",Halloween 3: Season of the Witch,2500000,14400000,14400000,0,11900000,-2500000,11900000,0.003,-0.001,0.003,Domestic
4818,4818,19,"Oct 1, 2008",Religulous,2500000,13011160,13881317,870157,10511160,-1629843,11381317,0.003,-0.0,0.003,Domestic
4819,4819,20,"Jan 1, 1971",Escape from the Planet of the Apes,2500000,12300000,12300000,0,9800000,-2500000,9800000,0.003,-0.001,0.003,Domestic
4820,4820,21,"May 29, 1963",Hud,2500000,10000000,10000000,0,7500000,-2500000,7500000,0.002,-0.001,0.002,Domestic
4821,4821,22,"Aug 2, 2013",The Spectacular Now,2500000,6852971,6916951,63980,4352971,-2436020,4416951,0.001,-0.001,0.001,Domestic
4822,4822,23,"Sep 29, 1991",My Own Private Idaho,2500000,6401336,6401336,0,3901336,-2500000,3901336,0.001,-0.001,0.001,Domestic
4823,4823,24,"Jan 27, 1995",Before Sunrise,2500000,5274005,5690220,416215,2774005,-2083785,3190220,0.001,-0.001,0.001,Domestic
4824,4824,25,"Jun 24, 2016",Hunt for the Wilderpeople,2500000,5205471,23845533,18640062,2705471,16140062,21345533,0.001,0.005,0.006,Domestic
4825,4825,26,"Aug 17, 2012",Robot & Frank,2500000,3317468,4934356,1616888,817468,-883112,2434356,0.0,-0.0,0.001,Domestic
4826,4826,27,"Oct 3, 2003",Sur Le Seuil,2500000,2013052,2013052,0,-486948,-2500000,-486948,-0.0,-0.001,-0.0,Domestic
4827,4827,28,"Jun 16, 2000",Jesus' Son,2500000,1282084,1687548,405464,-1217916,-2094536,-812452,-0.0,-0.001,-0.0,Domestic
4828,4828,29,"May 27, 2005",Saving Face,2500000,1187266,1269705,82439,-1312734,-2417561,-1230295,-0.0,-0.001,-0.0,Domestic
4829,4829,30,"Jun 20, 2008",Brick Lane,2500000,1094998,3838486,2743488,-1405002,243488,1338486,-0.0,0.0,0.0,Domestic
4830,4830,31,"Mar 1, 2013",The Lost Medallion: The Adventures of Billy Stone,2500000,549632,549632,0,-1950368,-2500000,-1950368,-0.001,-0.001,-0.001,Domestic
4831,4831,32,"Sep 26, 2003",My Life Without Me,2500000,432360,12267275,11834915,-2067640,9334915,9767275,-0.001,0.003,0.003,Domestic
4832,4832,33,"Mar 31, 2006",Marilyn Hotchkiss' Ballroom Dancing and Charm School,2500000,349132,497195,148063,-2150868,-2351937,-2002805,-0.001,-0.001,-0.001,Domestic
4833,4833,34,"Apr 1, 2011",Super,2500000,327716,593933,266217,-2172284,-2233783,-1906067,-0.001,-0.001,-0.001,Domestic
4834,4834,35,"Nov 14, 2008",Fuel,2500000,174255,174255,0,-2325745,-2500000,-2325745,-0.001,-0.001,-0.001,Domestic
4835,4835,36,"Apr 9, 2010",Valley of the Hearts Delight,2500000,118666,118666,0,-2381334,-2500000,-2381334,-0.001,-0.001,-0.001,Domestic
4836,4836,37,"Oct 31, 2008",The Other End of the Line,2500000,115504,507446,391942,-2384496,-2108058,-1992554,-0.001,-0.001,-0.001,Domestic
4837,4837,38,"Jun 18, 2010",8: The Mormon Proposition,2500000,100280,100280,0,-2399720,-2500000,-2399720,-0.001,-0.001,-0.001,Domestic
4838,4838,39,"Apr 17, 2009",Sleep Dealer,2500000,80136,108907,28771,-2419864,-2471229,-2391093,-0.001,-0.001,-0.001,Domestic
4839,4839,40,"Aug 24, 2007",Eye of the Dolphin,2500000,72210,72260,50,-2427790,-2499950,-2427740,-0.001,-0.001,-0.001,Domestic
4840,4840,41,"Aug 16, 2013",Underdogs,2500000,35017,1392649,1357632,-2464983,-1142368,-1107351,-0.001,-0.0,-0.0,Domestic
4841,4841,42,"Sep 8, 2000",Anatomie,2500000,9598,9598,0,-2490402,-2500000,-2490402,-0.001,-0.001,-0.001,Domestic
4851,4851,52,"May 13, 2011",Go For It!,2450000,180237,182358,2121,-2269763,-2447879,-2267642,-0.001,-0.001,-0.001,Domestic
4852,4852,53,"Oct 16, 1996",Get on the Bus,2400000,5691854,5691854,0,3291854,-2400000,3291854,0.001,-0.001,0.001,Domestic
4853,4853,54,"Jan 5, 2007",Thr3e,2400000,1008849,1420418,411569,-1391151,-1988431,-979582,-0.0,-0.001,-0.0,Domestic
4854,4854,55,"Sep 1, 2006",Idiocracy,2400000,444093,500296,56203,-1955907,-2343797,-1899704,-0.001,-0.001,-0.001,Domestic
4857,4857,58,"Jul 25, 2007",This is England,2380000,327919,8739576,8411657,-2052081,6031657,6359576,-0.001,0.002,0.002,Domestic
4858,4858,59,"Jun 27, 1944",Bathing Beauty,2361000,3500000,3500000,0,1139000,-2361000,1139000,0.0,-0.001,0.0,Domestic
4859,4859,60,"Mar 20, 2015",Do You Believe?,2300000,12985600,14304931,1319331,10685600,-980669,12004931,0.003,-0.0,0.003,Domestic
4860,4860,61,"Jul 17, 1951",Show Boat,2300000,11000000,11000000,0,8700000,-2300000,8700000,0.003,-0.001,0.003,Domestic
4861,4861,62,"May 1, 1998","Dancer, Texas Pop. 81",2300000,574838,574838,0,-1725162,-2300000,-1725162,-0.0,-0.001,-0.0,Domestic
4862,4862,63,"Sep 5, 2014",Frontera,2300000,59696,59696,0,-2240304,-2300000,-2240304,-0.001,-0.001,-0.001,Domestic
4863,4863,64,"Aug 26, 2011",Redemption Road,2300000,29384,29384,0,-2270616,-2300000,-2270616,-0.001,-0.001,-0.001,Domestic
4867,4867,68,"Feb 9, 1940",Pinocchio,2289247,84300000,84300000,0,82010753,-2289247,82010753,0.024,-0.001,0.024,Domestic
4868,4868,69,"Nov 13, 1940",Fantasia,2280000,83320000,83320000,0,81040000,-2280000,81040000,0.023,-0.001,0.023,Domestic
4869,4869,70,"Aug 13, 1982",Friday the 13th Part 3,2250000,36690067,36690067,0,34440067,-2250000,34440067,0.01,-0.001,0.01,Domestic
4870,4870,71,"Oct 9, 1971",The French Connection,2200000,41158757,41158757,0,38958757,-2200000,38958757,0.011,-0.001,0.011,Domestic
4871,4871,72,"Mar 22, 1985",Friday the 13th Part V: A New Beginning,2200000,21930418,21930418,0,19730418,-2200000,19730418,0.006,-0.001,0.006,Domestic
4872,4872,73,"Feb 9, 2007",The Last Sin Eater,2200000,388390,388390,0,-1811610,-2200000,-1811610,-0.001,-0.001,-0.001,Domestic
4874,4874,75,"May 3, 1945",The Valley of Decision,2160000,9132000,9132000,0,6972000,-2160000,6972000,0.002,-0.001,0.002,Domestic
4877,4877,78,"Nov 21, 1946",The Best Years of Our Lives,2100000,23600000,23600000,0,21500000,-2100000,21500000,0.006,-0.001,0.006,Domestic
4878,4878,79,"Jul 13, 2001",Bully,2100000,881824,1381824,500000,-1218176,-1600000,-718176,-0.0,-0.0,-0.0,Domestic
4879,4879,80,"May 29, 2002",Elling,2100000,313436,313436,0,-1786564,-2100000,-1786564,-0.001,-0.001,-0.001,Domestic
4880,4880,81,"Oct 16, 2016",Mi America,2100000,3330,3330,0,-2096670,-2100000,-2096670,-0.001,-0.001,-0.001,Domestic
4886,4886,87,"Sep 30, 2011",Courageous,2000000,34522221,35185884,663663,32522221,-1336337,33185884,0.009,-0.0,0.01,Domestic
4887,4887,88,"Apr 8, 1964",From Russia With Love,2000000,24800000,78900000,54100000,22800000,52100000,76900000,0.007,0.015,0.022,Domestic
4888,4888,89,"May 21, 1982",Mad Max 2: The Road Warrior,2000000,24600832,24600832,0,22600832,-2000000,22600832,0.007,-0.001,0.007,Domestic
4889,4889,90,"Aug 15, 1946",Notorious,2000000,24464742,24464742,0,22464742,-2000000,22464742,0.006,-0.001,0.006,Domestic
4890,4890,91,"Aug 2, 1967",In the Heat of the Night,2000000,24379978,24407647,27669,22379978,-1972331,22407647,0.006,-0.001,0.006,Domestic
4891,4891,92,"Dec 17, 1973",Sleeper,2000000,18344729,18344729,0,16344729,-2000000,16344729,0.005,-0.001,0.005,Domestic
4892,4892,93,"Aug 11, 1972",Everything You Always Wanted to Know,2000000,18016290,18016290,0,16016290,-2000000,16016290,0.005,-0.001,0.005,Domestic
4893,4893,94,"Mar 13, 2015",It Follows,2000000,14674077,23250755,8576678,12674077,6576678,21250755,0.004,0.002,0.006,Domestic
4894,4894,95,"Jul 13, 2018",Eighth Grade,2000000,13539710,14341016,801306,11539710,-1198694,12341016,0.003,-0.0,0.004,Domestic
4895,4895,96,"Dec 25, 1962",To Kill A Mockingbird,2000000,13129846,13129846,0,11129846,-2000000,11129846,0.003,-0.001,0.003,Domestic
4896,4896,97,"Mar 9, 2012",Silent House,2000000,12739737,16610760,3871023,10739737,1871023,14610760,0.003,0.001,0.004,Domestic
4897,4897,98,"Oct 8, 1999",Boys Don't Cry,2000000,11540607,20741000,9200393,9540607,7200393,18741000,0.003,0.002,0.005,Domestic
4898,4898,99,"Feb 9, 2007",Das Leben der Anderen,2000000,11284657,81197047,69912390,9284657,67912390,79197047,0.003,0.02,0.023,Domestic
4899,4899,100,"Apr 8, 2016",Hardcore Henry,2000000,9252038,17187434,7935396,7252038,5935396,15187434,0.002,0.002,0.004,Domestic
4900,4900,1,"Jun 13, 1962",Lolita,2000000,9250000,9250000,0,7250000,-2000000,7250000,0.002,-0.001,0.002,Domestic
4901,4901,2,"Aug 30, 1940",Boom Town,2000000,9172000,9172000,0,7172000,-2000000,7172000,0.002,-0.001,0.002,Domestic
4902,4902,3,"Nov 11, 1947",Gentleman's Agreement,2000000,7800000,7800000,0,5800000,-2000000,5800000,0.002,-0.001,0.002,Domestic
4903,4903,4,"Sep 25, 1961",The Hustler,2000000,7600000,7600000,0,5600000,-2000000,5600000,0.002,-0.001,0.002,Domestic
4904,4904,5,"Dec 31, 1986",Witchboard,2000000,7369373,7369373,0,5369373,-2000000,5369373,0.002,-0.001,0.002,Domestic
4905,4905,6,"Nov 26, 2003",Les Triplettes de Belleville,2000000,7301288,17403168,10101880,5301288,8101880,15403168,0.002,0.002,0.004,Domestic
4906,4906,7,"Jun 26, 1998",Smoke Signals,2000000,6719300,7756617,1037317,4719300,-962683,5756617,0.001,-0.0,0.002,Domestic
4907,4907,8,"Jun 11, 2010",Winter's Bone,2000000,6531503,16131551,9600048,4531503,7600048,14131551,0.001,0.002,0.004,Domestic
4908,4908,9,"Oct 10, 2014",Meet the Mormons,2000000,6047363,6049171,1808,4047363,-1998192,4049171,0.001,-0.001,0.001,Domestic
4909,4909,10,"Aug 15, 2003",American Splendor,2000000,6003587,8685632,2682045,4003587,682045,6685632,0.001,0.0,0.002,Domestic
4910,4910,11,"Oct 6, 2017",The Florida Project,2000000,5904366,11295324,5390958,3904366,3390958,9295324,0.001,0.001,0.003,Domestic
4911,4911,12,"Aug 25, 2017",All Saints,2000000,5802208,5941994,139786,3802208,-1860214,3941994,0.001,-0.001,0.001,Domestic
4912,4912,13,"Jul 2, 2004",Before Sunset,2000000,5792822,11217346,5424524,3792822,3424524,9217346,0.001,0.001,0.003,Domestic
4913,4913,14,"Mar 30, 2001",Amores Perros,2000000,5383834,20883834,15500000,3383834,13500000,18883834,0.001,0.004,0.005,Domestic
4914,4914,15,"Aug 20, 2003",Thirteen,2000000,4601043,9505996,4904953,2601043,2904953,7505996,0.001,0.001,0.002,Domestic
4915,4915,16,"Jan 23, 2004",Touching the Void,2000000,4593598,15396525,10802927,2593598,8802927,13396525,0.001,0.003,0.004,Domestic
4916,4916,17,"Oct 8, 2010",Inside Job,2000000,4311834,7799257,3487423,2311834,1487423,5799257,0.001,0.0,0.002,Domestic
4917,4917,18,"May 24, 1938",Alexander's Ragtime Band,2000000,4000000,4000000,0,2000000,-2000000,2000000,0.001,-0.001,0.001,Domestic
4918,4918,19,"Jun 17, 2005",Me and You and Everyone We Know,2000000,3885134,9615464,5730330,1885134,3730330,7615464,0.001,0.001,0.002,Domestic
4919,4919,20,"Aug 28, 2015",We Are Your Friends,2000000,3591417,10153415,6561998,1591417,4561998,8153415,0.0,0.001,0.002,Domestic
4920,4920,21,"Nov 10, 2006",Harsh Times,2000000,3337931,6225304,2887373,1337931,887373,4225304,0.0,0.0,0.001,Domestic
4921,4921,22,"Mar 3, 2000",Ghost Dog: The Way of the Samurai,2000000,3330230,10672492,7342262,1330230,5342262,8672492,0.0,0.002,0.003,Domestic
4922,4922,23,"Sep 18, 2015",Captive,2000000,2583301,2791973,208672,583301,-1791328,791973,0.0,-0.001,0.0,Domestic
4923,4923,24,"Aug 2, 2002",Full Frontal,2000000,2512846,3438804,925958,512846,-1074042,1438804,0.0,-0.0,0.0,Domestic
4924,4924,25,"Jun 8, 2018",Hearts Beat Loud,2000000,2386254,2420962,34708,386254,-1965292,420962,0.0,-0.001,0.0,Domestic
4925,4925,26,"Jan 20, 2017",The Resurrection of Gavin Stone,2000000,2303792,2303792,0,303792,-2000000,303792,0.0,-0.001,0.0,Domestic
4926,4926,27,"Dec 25, 2008",Waltz with Bashir,2000000,2283849,13912289,11628440,283849,9628440,11912289,0.0,0.003,0.003,Domestic
4927,4927,28,"Jun 28, 2006",Strangers with Candy,2000000,2072645,2077844,5199,72645,-1994801,77844,0.0,-0.001,0.0,Domestic
4928,4928,29,"Mar 1, 1992",Night on Earth,2000000,2015000,2022893,7893,15000,-1992107,22893,0.0,-0.001,0.0,Domestic
4929,4929,30,"Jan 29, 1993",Nemesis,2000000,2001124,2001124,0,1124,-2000000,1124,0.0,-0.001,0.0,Domestic
4930,4930,31,"Oct 4, 2006",Shortbus,2000000,1985292,1985292,0,-14708,-2000000,-14708,-0.0,-0.001,-0.0,Domestic
4931,4931,32,"May 2, 2008",Son of Rambow: A Home Movie,2000000,1785505,11263263,9477758,-214495,7477758,9263263,-0.0,0.002,0.003,Domestic
4932,4932,33,"Sep 12, 2003","The Book of Mormon Movie, Volume 1: The Journey",2000000,1660865,1660865,0,-339135,-2000000,-339135,-0.0,-0.001,-0.0,Domestic
4933,4933,34,"May 12, 2000",Hamlet,2000000,1577287,2419669,842382,-422713,-1157618,419669,-0.0,-0.0,0.0,Domestic
4934,4934,35,"Aug 7, 2015",The Diary of a Teenage Girl,2000000,1477002,2279959,802957,-522998,-1197043,279959,-0.0,-0.0,0.0,Domestic
4935,4935,36,"Jul 27, 2007",No End In Sight,2000000,1433319,1433319,0,-566681,-2000000,-566681,-0.0,-0.001,-0.0,Domestic
4936,4936,37,"Apr 25, 2014",Locke,2000000,1370646,2088390,717744,-629354,-1282256,88390,-0.0,-0.0,0.0,Domestic
4937,4937,38,"Apr 30, 1999",Get Real,2000000,1152411,1152411,0,-847589,-2000000,-847589,-0.0,-0.001,-0.0,Domestic
4938,4938,39,"Sep 7, 2007",In the Shadow of the Moon,2000000,1134358,2175587,1041229,-865642,-958771,175587,-0.0,-0.0,0.0,Domestic
4939,4939,40,"Apr 8, 2011",Meek's Cutoff,2000000,977772,1869928,892156,-1022228,-1107844,-130072,-0.0,-0.0,-0.0,Domestic
4940,4940,41,"Nov 28, 2014",The Babadook,2000000,950792,7482387,6531595,-1049208,4531595,5482387,-0.0,0.001,0.002,Domestic
4941,4941,42,"Feb 11, 2005",Inside Deep Throat,2000000,691880,691880,0,-1308120,-2000000,-1308120,-0.0,-0.001,-0.0,Domestic
4942,4942,43,"Sep 28, 2001",Dinner Rush,2000000,638227,1075504,437277,-1361773,-1562723,-924496,-0.0,-0.0,-0.0,Domestic
4943,4943,44,"Sep 24, 2010",The Virginity Hit,2000000,636706,636706,0,-1363294,-2000000,-1363294,-0.0,-0.001,-0.0,Domestic
4944,4944,45,"May 15, 1998",Clockwatchers,2000000,537948,539961,2013,-1462052,-1997987,-1460039,-0.0,-0.001,-0.0,Domestic
4945,4945,46,"Nov 6, 1985",Subway,2000000,390659,1663296,1272637,-1609341,-727363,-336704,-0.0,-0.0,-0.0,Domestic
4946,4946,47,"Apr 15, 2005",House of D,2000000,388532,466106,77574,-1611468,-1922426,-1533894,-0.0,-0.001,-0.0,Domestic
4947,4947,48,"Jan 18, 2008",Teeth,2000000,347578,2350641,2003063,-1652422,3063,350641,-0.0,0.0,0.0,Domestic
4948,4948,49,"Jul 26, 1996",Stonewall,2000000,304602,304602,0,-1695398,-2000000,-1695398,-0.0,-0.001,-0.0,Domestic
4949,4949,50,"Sep 8, 2006",Sherrybaby,2000000,199176,759504,560328,-1800824,-1439672,-1240496,-0.001,-0.0,-0.0,Domestic
4950,4950,51,"Feb 13, 2015",The Last Five Years,2000000,147299,205298,57999,-1852701,-1942001,-1794702,-0.001,-0.001,-0.001,Domestic
4951,4951,52,"Sep 18, 1998",Six-String Samurai,2000000,134624,134624,0,-1865376,-2000000,-1865376,-0.001,-0.001,-0.001,Domestic
4952,4952,53,"May 26, 2000",Hum to Mohabbt Karega,2000000,121807,121807,0,-1878193,-2000000,-1878193,-0.001,-0.001,-0.001,Domestic
4953,4953,54,"Apr 15, 2005",It's All Gone Pete Tong,2000000,120620,2226603,2105983,-1879380,105983,226603,-0.001,0.0,0.0,Domestic
4954,4954,55,"Jan 29, 2010",Saint John of Las Vegas,2000000,102645,102645,0,-1897355,-2000000,-1897355,-0.001,-0.001,-0.001,Domestic
4955,4955,56,"Apr 15, 1998",24 7: Twenty Four Seven,2000000,72544,72544,0,-1927456,-2000000,-1927456,-0.001,-0.001,-0.001,Domestic
4956,4956,57,"Sep 19, 2014",Pump,2000000,72277,72277,0,-1927723,-2000000,-1927723,-0.001,-0.001,-0.001,Domestic
4957,4957,58,"Oct 24, 2008",Roadside Romeo,2000000,55202,2046090,1990888,-1944798,-9112,46090,-0.001,-0.0,0.0,Domestic
4958,4958,59,"May 4, 2001",Eureka,2000000,49388,76654,27266,-1950612,-1972734,-1923346,-0.001,-0.001,-0.001,Domestic
4959,4959,60,"Apr 7, 2015",Lost River,2000000,45431,2009644,1964213,-1954569,-35787,9644,-0.001,-0.0,0.0,Domestic
4960,4960,61,"Jul 18, 2003",This Thing of Ours,2000000,37227,37227,0,-1962773,-2000000,-1962773,-0.001,-0.001,-0.001,Domestic
4961,4961,62,"Oct 9, 2015",Knock Knock,2000000,36336,6328516,6292180,-1963664,4292180,4328516,-0.001,0.001,0.001,Domestic
4962,4962,63,"Feb 3, 2017",Growing up Smith,2000000,35312,35312,0,-1964688,-2000000,-1964688,-0.001,-0.001,-0.001,Domestic
4963,4963,64,"Mar 20, 2009",Super Capers,2000000,30955,30955,0,-1969045,-2000000,-1969045,-0.001,-0.001,-0.001,Domestic
4964,4964,65,"Jan 1, 1993",Return of the Living Dead 3,2000000,21000,21000,0,-1979000,-2000000,-1979000,-0.001,-0.001,-0.001,Domestic
4965,4965,66,"Nov 20, 2009",The Missing Person,2000000,17896,17896,0,-1982104,-2000000,-1982104,-0.001,-0.001,-0.001,Domestic
4966,4966,67,"Oct 19, 2012",The First Time,2000000,17061,17061,0,-1982939,-2000000,-1982939,-0.001,-0.001,-0.001,Domestic
4967,4967,68,"Feb 10, 2006",London,2000000,12667,12667,0,-1987333,-2000000,-1987333,-0.001,-0.001,-0.001,Domestic
4968,4968,69,"Aug 27, 2010",Circle,2000000,10024,10024,0,-1989976,-2000000,-1989976,-0.001,-0.001,-0.001,Domestic
4969,4969,70,"Oct 31, 2008",Eden Lake,2000000,7321,4294373,4287052,-1992679,2287052,2294373,-0.001,0.001,0.001,Domestic
4970,4970,71,"Jun 11, 2010",Jerusalema,2000000,7294,10679,3385,-1992706,-1996615,-1989321,-0.001,-0.001,-0.001,Domestic
4971,4971,72,"Jun 23, 2006",Say Uncle,2000000,5361,5361,0,-1994639,-2000000,-1994639,-0.001,-0.001,-0.001,Domestic
4972,4972,73,"Sep 13, 2013",Plush,2000000,3080,28864,25784,-1996920,-1974216,-1971136,-0.001,-0.001,-0.001,Domestic
4973,4973,74,"Oct 26, 2012",The Ghastly Love of Johnny X,2000000,2436,2436,0,-1997564,-2000000,-1997564,-0.001,-0.001,-0.001,Domestic
5001,5001,2,"Sep 24, 2010",Buried,1987650,1044143,21270290,20226147,-943507,18238497,19282640,-0.0,0.005,0.006,Domestic
5003,5003,4,"May 8, 1987",River's Edge,1900000,4600000,4600000,0,2700000,-1900000,2700000,0.001,-0.001,0.001,Domestic
5004,5004,5,"Jul 25, 2008",Man on Wire,1900000,2962242,5617067,2654825,1062242,754825,3717067,0.0,0.0,0.001,Domestic
5005,5005,6,"Oct 8, 2010",Nowhere Boy,1900000,1445366,7785229,6339863,-454634,4439863,5885229,-0.0,0.001,0.002,Domestic
5006,5006,7,"Jul 11, 2003",Northfork,1900000,1420578,1445140,24562,-479422,-1875438,-454860,-0.0,-0.001,-0.0,Domestic
5007,5007,8,"Apr 24, 2015",Brotherly Love,1900000,478595,478595,0,-1421405,-1900000,-1421405,-0.0,-0.001,-0.0,Domestic
5008,5008,9,"Jun 3, 2011",Submarine,1900000,467602,4581937,4114335,-1432398,2214335,2681937,-0.0,0.001,0.001,Domestic
5009,5009,10,"Apr 9, 2010",The Square,1900000,406216,740932,334716,-1493784,-1565284,-1159068,-0.0,-0.0,-0.0,Domestic
5010,5010,11,"Feb 8, 2013",ABCD (Any Body Can Dance),1900000,222098,10137234,9915136,-1677902,8015136,8237234,-0.0,0.002,0.002,Domestic
5011,5011,12,"Jun 29, 2007",Chacun sa nuit,1900000,18435,139317,120882,-1881565,-1779118,-1760683,-0.001,-0.001,-0.001,Domestic
5014,5014,15,"Aug 27, 2010",The Last Exorcism,1800000,41034350,70165900,29131550,39234350,27331550,68365900,0.011,0.008,0.02,Domestic
5015,5015,16,"Nov 16, 1976",Carrie,1800000,25878153,25878153,0,24078153,-1800000,24078153,0.007,-0.001,0.007,Domestic
5016,5016,17,"Nov 9, 1984",A Nightmare on Elm Street,1800000,25504513,25504513,0,23704513,-1800000,23704513,0.007,-0.001,0.007,Domestic
5017,5017,18,"Jun 27, 2012",Beasts of the Southern Wild,1800000,12795746,23265132,10469386,10995746,8669386,21465132,0.003,0.003,0.006,Domestic
5018,5018,19,"Jan 29, 1964",Dr. Strangelove,1800000,9164370,9230678,66308,7364370,-1733692,7430678,0.002,-0.001,0.002,Domestic
5019,5019,20,"Jan 1, 1973",Battle for the Planet of the Apes,1800000,8800000,8800000,0,7000000,-1800000,7000000,0.002,-0.001,0.002,Domestic
5020,5020,21,"Sep 18, 1951",A Streetcar Named Desire,1800000,8000000,8000000,0,6200000,-1800000,6200000,0.002,-0.001,0.002,Domestic
5021,5021,22,"Aug 3, 1968",Hang 'em High,1800000,6800000,6800000,0,5000000,-1800000,5000000,0.001,-0.001,0.001,Domestic
5022,5022,23,"Nov 15, 2002",El crimen de padre Amaro,1800000,5719000,5719000,0,3919000,-1800000,3919000,0.001,-0.001,0.001,Domestic
5023,5023,24,"Jun 15, 2001",Songcatcher,1800000,3050934,3050934,0,1250934,-1800000,1250934,0.0,-0.001,0.0,Domestic
5024,5024,25,"Aug 23, 2011",Higher Ground,1800000,841056,842693,1637,-958944,-1798363,-957307,-0.0,-0.001,-0.0,Domestic
5025,5025,26,"Apr 22, 2011",POM Wonderful Presents: The Greatest Movie Ever Sold,1800000,638476,783733,145257,-1161524,-1654743,-1016267,-0.0,-0.0,-0.0,Domestic
5026,5026,27,"Jan 7, 2005",Travellers and Magicians,1800000,506793,1322161,815368,-1293207,-984632,-477839,-0.0,-0.0,-0.0,Domestic
5027,5027,28,"Jan 1, 1993",Ed and his Dead Mother,1800000,673,673,0,-1799327,-1800000,-1799327,-0.001,-0.001,-0.001,Domestic
5034,5034,35,"Jun 18, 1999",Lola rennt,1750000,7267324,22879194,15611870,5517324,13861870,21129194,0.002,0.004,0.006,Domestic
5035,5035,36,"Feb 7, 2003",May,1750000,145540,634803,489263,-1604460,-1260737,-1115197,-0.0,-0.0,-0.0,Domestic
5036,5036,37,"Oct 8, 2010",I Spit on Your Grave,1750000,93051,1278471,1185420,-1656949,-564580,-471529,-0.0,-0.0,-0.0,Domestic
5038,5038,39,"Nov 23, 2001",In the Bedroom,1700000,35930604,42137871,6207267,34230604,4507267,40437871,0.01,0.001,0.012,Domestic
5039,5039,40,"Mar 19, 2008",La misma luna,1700000,12590147,23271741,10681594,10890147,8981594,21571741,0.003,0.003,0.006,Domestic
5040,5040,41,"Jun 30, 1972",Conquest of the Planet of the Apes,1700000,9700000,9700000,0,8000000,-1700000,8000000,0.002,-0.0,0.002,Domestic
5041,5041,42,"Feb 28, 2014",The Lunchbox,1700000,4231500,12231500,8000000,2531500,6300000,10531500,0.001,0.002,0.003,Domestic
5042,5042,43,"Oct 4, 2013",Grace Unplugged,1700000,2507159,2507159,0,807159,-1700000,807159,0.0,-0.0,0.0,Domestic
5043,5043,44,"Oct 1, 1999","Happy, Texas",1700000,2039192,2891228,852036,339192,-847964,1191228,0.0,-0.0,0.0,Domestic
5044,5044,45,"Dec 18, 2015",Saul fia,1700000,1777043,9696537,7919494,77043,6219494,7996537,0.0,0.002,0.002,Domestic
5045,5045,46,"Jun 17, 2005",My Summer of Love,1700000,1000915,4727375,3726460,-699085,2026460,3027375,-0.0,0.001,0.001,Domestic
5046,5046,47,"Jun 24, 2005",Yes,1700000,396035,661221,265186,-1303965,-1434814,-1038779,-0.0,-0.0,-0.0,Domestic
5048,5048,49,"Aug 5, 1953",From Here to Eternity,1650000,30500000,30500000,0,28850000,-1650000,28850000,0.008,-0.0,0.008,Domestic
5049,5049,50,"Sep 1, 1938",You Can't Take It With You,1644000,4000000,4000000,0,2356000,-1644000,2356000,0.001,-0.0,0.001,Domestic
5050,5050,51,"Apr 9, 1999",Foolish,1600000,6026908,6026908,0,4426908,-1600000,4426908,0.001,-0.0,0.001,Domestic
5051,5051,52,"Jul 26, 1949",She Wore a Yellow Ribbon,1600000,5400000,5400000,0,3800000,-1600000,3800000,0.001,-0.0,0.001,Domestic
5052,5052,53,"Apr 7, 1974",The Conversation,1600000,4420000,4420000,0,2820000,-1600000,2820000,0.001,-0.0,0.001,Domestic
5053,5053,54,"Oct 15, 2010",N-Secure,1600000,2595644,2595644,0,995644,-1600000,995644,0.0,-0.0,0.0,Domestic
5054,5054,55,"Feb 1, 2008",Sukkar banat,1600000,1060591,14253760,13193169,-539409,11593169,12653760,-0.0,0.003,0.004,Domestic
5055,5055,56,"Dec 31, 1989",Out of the Dark,1600000,419428,419428,0,-1180572,-1600000,-1180572,-0.0,-0.0,-0.0,Domestic
5056,5056,57,"Jan 27, 2006",Bubble,1600000,145382,145382,0,-1454618,-1600000,-1454618,-0.0,-0.0,-0.0,Domestic
5057,5057,58,"Sep 23, 2005",Dil Jo Bhi Kahey...,1600000,129319,129319,0,-1470681,-1600000,-1470681,-0.0,-0.0,-0.0,Domestic
5058,5058,59,"Jan 15, 1999",Mississippi Mermaid,1600000,27795,2627795,2600000,-1572205,1000000,1027795,-0.0,0.0,0.0,Domestic
5059,5059,60,"Sep 26, 2014",Two Night Stand,1600000,15600,868081,852481,-1584400,-747519,-731919,-0.0,-0.0,-0.0,Domestic
5060,5060,61,"Nov 4, 2005",I Love Your Work,1600000,3264,3264,0,-1596736,-1600000,-1596736,-0.0,-0.0,-0.0,Domestic
5062,5062,63,"Apr 1, 2011",Insidious,1500000,54009150,99870886,45861736,52509150,44361736,98370886,0.015,0.013,0.028,Domestic
5063,5063,64,"Oct 21, 2016",Moonlight,1500000,27854931,65245512,37390581,26354931,35890581,63745512,0.008,0.01,0.018,Domestic
5064,5064,65,"Sep 12, 2003",Cabin Fever,1500000,21158188,30351664,9193476,19658188,7693476,28851664,0.006,0.002,0.008,Domestic
5065,5065,66,"May 2, 2007",Waitress,1500000,19097550,22217183,3119633,17597550,1619633,20717183,0.005,0.0,0.006,Domestic
5066,5066,67,"Sep 8, 1989",Kickboxer,1500000,14533681,14533681,0,13033681,-1500000,13033681,0.004,-0.0,0.004,Domestic
5067,5067,68,"Feb 26, 1988",Bloodsport,1500000,11806119,11806119,0,10306119,-1500000,10306119,0.003,-0.0,0.003,Domestic
5068,5068,69,"Oct 17, 1939",Mr. Smith Goes To Washington,1500000,9000000,9000000,0,7500000,-1500000,7500000,0.002,-0.0,0.002,Domestic
5069,5069,70,"Mar 23, 2018",Unsane,1500000,7690044,14244931,6554887,6190044,5054887,12744931,0.002,0.001,0.004,Domestic
5070,5070,71,"Jul 21, 1995",Kids,1500000,7412216,20412216,13000000,5912216,11500000,18912216,0.002,0.003,0.005,Domestic
5071,5071,72,"Oct 5, 2005",The Squid and the Whale,1500000,7372734,11191423,3818689,5872734,2318689,9691423,0.002,0.001,0.003,Domestic
5072,5072,73,"Mar 13, 2002",Kissing Jessica Stein,1500000,7025722,9345061,2319339,5525722,819339,7845061,0.002,0.0,0.002,Domestic
5073,5073,74,"Oct 31, 1945",Spellbound,1500000,7000000,7000000,0,5500000,-1500000,5500000,0.002,-0.0,0.002,Domestic
5074,5074,75,"Apr 20, 1979",Dawn of the Dead,1500000,5100000,55000000,49900000,3600000,48400000,53500000,0.001,0.014,0.015,Domestic
5075,5075,76,"Sep 23, 1994",Exotica,1500000,5046118,5046118,0,3546118,-1500000,3546118,0.001,-0.0,0.001,Domestic
5076,5076,77,"Jul 26, 2013",The To Do List,1500000,3491669,4128828,637159,1991669,-862841,2628828,0.001,-0.0,0.001,Domestic
5077,5077,78,"Feb 1, 2013",The Gatekeepers,1500000,2408553,2592308,183755,908553,-1316245,1092308,0.0,-0.0,0.0,Domestic
5078,5078,79,"Jun 26, 1998",Buffalo '66,1500000,2380606,2380606,0,880606,-1500000,880606,0.0,-0.0,0.0,Domestic
5079,5079,80,"Mar 2, 1984",Repo Man,1500000,2300000,2300000,0,800000,-1500000,800000,0.0,-0.0,0.0,Domestic
5080,5080,81,"Oct 21, 2016",Iâm Not Ashamed,1500000,2082980,2082980,0,582980,-1500000,582980,0.0,-0.0,0.0,Domestic
5081,5081,82,"Jan 18, 1985",Blood Simple,1500000,1690913,2730877,1039964,190913,-460036,1230877,0.0,-0.0,0.0,Domestic
5082,5082,83,"Apr 19, 2002",Nueve Reinas,1500000,1222889,12412889,11190000,-277111,9690000,10912889,-0.0,0.003,0.003,Domestic
5083,5083,84,"Apr 19, 2013",The Lords of Salem,1500000,1165881,1541131,375250,-334119,-1124750,41131,-0.0,-0.0,0.0,Domestic
5084,5084,85,"Oct 21, 2016",31,1500000,779820,922727,142907,-720180,-1357093,-577273,-0.0,-0.0,-0.0,Domestic
5085,5085,86,"Mar 25, 2005",The Ballad of Jack and Rose,1500000,712294,1126258,413964,-787706,-1086036,-373742,-0.0,-0.0,-0.0,Domestic
5086,5086,87,"Apr 22, 2016",Unsullied,1500000,510957,510957,0,-989043,-1500000,-989043,-0.0,-0.0,-0.0,Domestic
5087,5087,88,"Aug 31, 1994",Killing Zoe,1500000,418953,418953,0,-1081047,-1500000,-1081047,-0.0,-0.0,-0.0,Domestic
5088,5088,89,"May 17, 2002",The Believer,1500000,406035,1840248,1434213,-1093965,-65787,340248,-0.0,-0.0,0.0,Domestic
5089,5089,90,"Mar 7, 2008",Snow Angels,1500000,402858,414404,11546,-1097142,-1488454,-1085596,-0.0,-0.0,-0.0,Domestic
5090,5090,91,"Aug 10, 2001",Session 9,1500000,378176,1619602,1241426,-1121824,-258574,119602,-0.0,-0.0,0.0,Domestic
5091,5091,92,"Feb 11, 2011",MOOZ-lum,1500000,362239,372239,10000,-1137761,-1490000,-1127761,-0.0,-0.0,-0.0,Domestic
5092,5092,93,"Sep 5, 2007",I Want Someone To Eat Cheese With,1500000,194568,194568,0,-1305432,-1500000,-1305432,-0.0,-0.0,-0.0,Domestic
5093,5093,94,"Aug 19, 2011",Amigo,1500000,184705,184705,0,-1315295,-1500000,-1315295,-0.0,-0.0,-0.0,Domestic
5094,5094,95,"Sep 7, 2007",Hatchet,1500000,175281,240396,65115,-1324719,-1434885,-1259604,-0.0,-0.0,-0.0,Domestic
5095,5095,96,"Oct 31, 2008",My Name is Bruce,1500000,173066,173066,0,-1326934,-1500000,-1326934,-0.0,-0.0,-0.0,Domestic
5096,5096,97,"Aug 6, 2010",The Disappearance of Alice Creed,1500000,166980,1605139,1438159,-1333020,-61841,105139,-0.0,-0.0,0.0,Domestic
5097,5097,98,"Feb 5, 1936",Modern Times,1500000,163245,199747,36502,-1336755,-1463498,-1300253,-0.0,-0.0,-0.0,Domestic
5098,5098,99,"May 11, 2007",The Salon,1500000,139084,139084,0,-1360916,-1500000,-1360916,-0.0,-0.0,-0.0,Domestic
5099,5099,100,"Oct 25, 2013",The Square,1500000,124244,176262,52018,-1375756,-1447982,-1323738,-0.0,-0.0,-0.0,Domestic
5100,5100,1,"Mar 22, 2002",Stolen Summer,1500000,119841,119841,0,-1380159,-1500000,-1380159,-0.0,-0.0,-0.0,Domestic
5101,5101,2,"Mar 6, 2015",Road Hard,1500000,113169,113169,0,-1386831,-1500000,-1386831,-0.0,-0.0,-0.0,Domestic
5102,5102,3,"Sep 28, 2005",Forty Shades of Blue,1500000,75828,172569,96741,-1424172,-1403259,-1327431,-0.0,-0.0,-0.0,Domestic
5103,5103,4,"Oct 9, 2009",Trucker,1500000,52429,52429,0,-1447571,-1500000,-1447571,-0.0,-0.0,-0.0,Domestic
5104,5104,5,"May 29, 2009",Pontypool,1500000,3865,31916,28051,-1496135,-1471949,-1468084,-0.0,-0.0,-0.0,Domestic
5105,5105,6,"Sep 28, 2015","Me, You and Five Bucks",1500000,2105,2105,0,-1497895,-1500000,-1497895,-0.0,-0.0,-0.0,Domestic
5117,5117,18,"Dec 21, 1937",Snow White and the Seven Dwarfs,1488000,184925486,184925486,0,183437486,-1488000,183437486,0.053,-0.0,0.053,Domestic
5118,5118,19,"Jan 1, 1968",Shalako,1455000,2620000,2620000,0,1165000,-1455000,1165000,0.0,-0.0,0.0,Domestic
5119,5119,20,"Nov 30, 2018",Werk ohne Autor,1400000,1303747,4331152,3027405,-96253,1627405,2931152,-0.0,0.0,0.001,Domestic
5120,5120,21,"Nov 20, 2015",Mustang,1400000,845464,5552584,4707120,-554536,3307120,4152584,-0.0,0.001,0.001,Domestic
5121,5121,22,"Apr 29, 2005",The Holy Girl,1400000,304124,1261792,957668,-1095876,-442332,-138208,-0.0,-0.0,-0.0,Domestic
5122,5122,23,"Oct 3, 2014",La chambre bleue,1400000,260441,1945420,1684979,-1139559,284979,545420,-0.0,0.0,0.0,Domestic
5123,5123,24,"Sep 17, 2004",Incident at Loch Ness,1400000,36830,56073,19243,-1363170,-1380757,-1343927,-0.0,-0.0,-0.0,Domestic
5124,5124,25,"Apr 5, 2013",Eddie: The Sleepwalking Cannibal,1400000,1632,1632,0,-1398368,-1400000,-1398368,-0.0,-0.0,-0.0,Domestic
5129,5129,30,"Mar 5, 1999","Lock, Stock and Two Smoking Barrels",1350000,3897569,28356188,24458619,2547569,23108619,27006188,0.001,0.007,0.008,Domestic
5130,5130,31,"Aug 19, 1983",The Ballad of Gregorio Cortez,1305000,909000,909000,0,-396000,-1305000,-396000,-0.0,-0.0,-0.0,Domestic
5131,5131,32,"Jun 26, 1936",San Francisco,1300000,2868000,5273000,2405000,1568000,1105000,3973000,0.0,0.0,0.001,Domestic
5132,5132,33,"Oct 9, 1998",Festen,1300000,1647780,1647780,0,347780,-1300000,347780,0.0,-0.0,0.0,Domestic
5133,5133,34,"Oct 11, 1996",Trees Lounge,1300000,749741,749741,0,-550259,-1300000,-550259,-0.0,-0.0,-0.0,Domestic
5134,5134,35,"May 22, 2009",The Girlfriend Experience,1300000,695840,1005840,310000,-604160,-990000,-294160,-0.0,-0.0,-0.0,Domestic
5135,5135,36,"Mar 23, 2007",Journey from the Fall,1300000,635305,635305,0,-664695,-1300000,-664695,-0.0,-0.0,-0.0,Domestic
5136,5136,37,"May 5, 2000",The Basket,1300000,609042,609042,0,-690958,-1300000,-690958,-0.0,-0.0,-0.0,Domestic
5137,5137,38,"Jan 30, 2015",Above and Beyond,1300000,288751,288751,0,-1011249,-1300000,-1011249,-0.0,-0.0,-0.0,Domestic
5138,5138,39,"Mar 15, 1985",Def-Con 4,1300000,210904,210904,0,-1089096,-1300000,-1089096,-0.0,-0.0,-0.0,Domestic
5139,5139,40,"Dec 9, 2005",Neal n' Nikki,1300000,100358,329621,229263,-1199642,-1070737,-970379,-0.0,-0.0,-0.0,Domestic
5140,5140,41,"Dec 19, 2003",The Hebrew Hammer,1300000,77755,90213,12458,-1222245,-1287542,-1209787,-0.0,-0.0,-0.0,Domestic
5141,5141,42,"Jun 13, 2014",Los insolitos peces gato,1300000,11278,54665,43387,-1288722,-1256613,-1245335,-0.0,-0.0,-0.0,Domestic
5142,5142,43,"Apr 7, 2006",Simon,1300000,4055,1738663,1734608,-1295945,434608,438663,-0.0,0.0,0.0,Domestic
5146,5146,47,"Mar 21, 1940",Rebecca,1288000,6000000,6002370,2370,4712000,-1285630,4714370,0.001,-0.0,0.001,Domestic
5147,5147,48,"Apr 30, 1981",Friday the 13th Part 2,1250000,21722776,21722776,0,20472776,-1250000,20472776,0.006,-0.0,0.006,Domestic
5148,5148,49,"Nov 29, 1945",The Lost Weekend,1250000,11000000,11000000,0,9750000,-1250000,9750000,0.003,-0.0,0.003,Domestic
5149,5149,50,"Aug 31, 1984",C.H.U.D.,1250000,4700000,4700000,0,3450000,-1250000,3450000,0.001,-0.0,0.001,Domestic
5150,5150,51,"Oct 17, 2014",Dear White People,1250000,4404154,5403771,999617,3154154,-250383,4153771,0.001,-0.0,0.001,Domestic
5151,5151,52,"Apr 19, 2013",Filly Brown,1250000,2850357,2940411,90054,1600357,-1159946,1690411,0.0,-0.0,0.0,Domestic
5152,5152,53,"Jan 21, 1953",Niagara,1250000,2500000,2500000,0,1250000,-1250000,1250000,0.0,-0.0,0.0,Domestic
5156,5156,57,"Oct 29, 2004",Saw,1200000,55968727,103880027,47911300,54768727,46711300,102680027,0.016,0.013,0.03,Domestic
5157,5157,58,"Aug 4, 1989","Sex, Lies, and Videotape",1200000,24741667,36741667,12000000,23541667,10800000,35541667,0.007,0.003,0.01,Domestic
5158,5158,59,"Feb 15, 2002",Super Troopers,1200000,18492362,23046142,4553780,17292362,3353780,21846142,0.005,0.001,0.006,Domestic
5159,5159,60,"Feb 22, 2002",Monsoon Wedding,1200000,13876974,27025600,13148626,12676974,11948626,25825600,0.004,0.003,0.007,Domestic
5160,5160,61,"Nov 10, 2000",You Can Count on Me,1200000,9180275,10827356,1647081,7980275,447081,9627356,0.002,0.0,0.003,Domestic
5161,5161,62,"Jul 3, 1951",Strangers on a Train,1200000,7000000,7000000,0,5800000,-1200000,5800000,0.002,-0.0,0.002,Domestic
5162,5162,63,"Oct 3, 1955",The Trouble with Harry,1200000,7000000,7000000,0,5800000,-1200000,5800000,0.002,-0.0,0.002,Domestic
5163,5163,64,"Dec 29, 1967","Il buono, il brutto, il cattivo",1200000,6100000,6100000,0,4900000,-1200000,4900000,0.001,-0.0,0.001,Domestic
5164,5164,65,"Sep 18, 1951",The Day the Earth Stood Still,1200000,3700000,3700000,0,2500000,-1200000,2500000,0.001,-0.0,0.001,Domestic
5165,5165,66,"Apr 19, 2013",Home Run,1200000,2859955,2859955,0,1659955,-1200000,1659955,0.0,-0.0,0.0,Domestic
5166,5166,67,"Oct 23, 1992",Reservoir Dogs,1200000,2832029,2832029,0,1632029,-1200000,1632029,0.0,-0.0,0.0,Domestic
5167,5167,68,"Jul 7, 2000",But I'm a Cheerleader,1200000,2205627,2509344,303717,1005627,-896283,1309344,0.0,-0.0,0.0,Domestic
5168,5168,69,"Dec 23, 1956",The Wrong Man,1200000,2000000,2000000,0,800000,-1200000,800000,0.0,-0.0,0.0,Domestic
5169,5169,70,"Sep 26, 1975",The Rocky Horror Picture Show,1200000,1414845,1615976,201131,214845,-998869,415976,0.0,-0.0,0.0,Domestic
5170,5170,71,"Jan 1, 1976",The Blue Bird,1200000,887000,887000,0,-313000,-1200000,-313000,-0.0,-0.0,-0.0,Domestic
5171,5171,72,"Apr 13, 2012",Blue Like Jazz,1200000,595018,595018,0,-604982,-1200000,-604982,-0.0,-0.0,-0.0,Domestic
5172,5172,73,"Aug 28, 2015",Que Horas Ela Volta?,1200000,376976,3249041,2872065,-823024,1672065,2049041,-0.0,0.0,0.001,Domestic
5173,5173,74,"Nov 19, 1982",Q,1200000,255000,255000,0,-945000,-1200000,-945000,-0.0,-0.0,-0.0,Domestic
5174,5174,75,"Mar 21, 2003",Down & Out with the Dolls,1200000,58936,58936,0,-1141064,-1200000,-1141064,-0.0,-0.0,-0.0,Domestic
5175,5175,76,"Jun 1, 2012","Pink Ribbons, Inc.",1200000,26608,26608,0,-1173392,-1200000,-1173392,-0.0,-0.0,-0.0,Domestic
5176,5176,77,"Feb 6, 2018",Blood Feast,1200000,8708,8708,0,-1191292,-1200000,-1191292,-0.0,-0.0,-0.0,Domestic
5177,5177,78,"Feb 11, 2011",Certifiably Jonathan,1200000,7826,7826,0,-1192174,-1200000,-1192174,-0.0,-0.0,-0.0,Domestic
5178,5178,79,"Sep 18, 2015",La navaja de Don Juan,1200000,4254,4254,0,-1195746,-1200000,-1195746,-0.0,-0.0,-0.0,Domestic
5189,5189,90,"Mar 21, 2014",Godâs Not Dead,1150000,60755732,63777092,3021360,59605732,1871360,62627092,0.017,0.001,0.018,Domestic
5190,5190,91,"Oct 7, 2005",Waiting...,1125000,16124543,18673274,2548731,14999543,1423731,17548274,0.004,0.0,0.005,Domestic
5191,5191,92,"May 12, 2006",Dead Man's Shoes,1125000,6408,414736,408328,-1118592,-716672,-710264,-0.0,-0.0,-0.0,Domestic
5192,5192,93,"Feb 1, 1980",The Fog,1100000,21445318,21445820,502,20345318,-1099498,20345820,0.006,-0.0,0.006,Domestic
5193,5193,94,"Dec 25, 2005",Wolf Creek,1100000,16186348,29005064,12818716,15086348,11718716,27905064,0.004,0.003,0.008,Domestic
5194,5194,95,"Feb 11, 2005",Ong-Bak,1100000,4563167,24062965,19499798,3463167,18399798,22962965,0.001,0.005,0.007,Domestic
5195,5195,96,"Mar 23, 2012",Serbuan maut,1100000,4105123,9297407,5192284,3005123,4092284,8197407,0.001,0.001,0.002,Domestic
5196,5196,97,"Sep 26, 1986",Down by Law,1100000,1436000,1436000,0,336000,-1100000,336000,0.0,-0.0,0.0,Domestic
5197,5197,98,"Sep 4, 1987",The Offspring,1100000,1355728,1355728,0,255728,-1100000,255728,0.0,-0.0,0.0,Domestic
5198,5198,99,"Feb 22, 2002",Sex with Strangers,1100000,247740,247740,0,-852260,-1100000,-852260,-0.0,-0.0,-0.0,Domestic
5199,5199,100,"May 18, 2012",Beyond the Black Rainbow,1100000,56491,56491,0,-1043509,-1100000,-1043509,-0.0,-0.0,-0.0,Domestic
5200,5200,1,"May 14, 2003",Dracula: Pages from a Virgin's Diary,1100000,39659,81371,41712,-1060341,-1058288,-1018629,-0.0,-0.0,-0.0,Domestic
5201,5201,2,"Nov 21, 2014",The Sleepwalker,1100000,2636,2636,0,-1097364,-1100000,-1097364,-0.0,-0.0,-0.0,Domestic
5208,5208,9,"Dec 11, 2009",Rocket Singh: Salesman of the Year,1070000,164649,5348767,5184118,-905351,4114118,4278767,-0.0,0.001,0.001,Domestic
5209,5209,10,"Jan 23, 1943",Casablanca,1039000,10462500,10496855,34355,9423500,-1004645,9457855,0.003,-0.0,0.003,Domestic
5210,5210,11,"Nov 21, 1976",Rocky,1000000,117235147,225000000,107764853,116235147,106764853,224000000,0.034,0.031,0.065,Domestic
5211,5211,12,"Jan 6, 2012",The Devil Inside,1000000,53262945,101759490,48496545,52262945,47496545,100759490,0.015,0.014,0.029,Domestic
5212,5212,13,"Oct 7, 1963",Tom Jones,1000000,37600000,37600000,0,36600000,-1000000,36600000,0.011,-0.0,0.011,Domestic
5213,5213,14,"Apr 17, 2015",Unfriended,1000000,32789645,64364198,31574553,31789645,30574553,63364198,0.009,0.009,0.018,Domestic
5214,5214,15,"Feb 8, 1976",Taxi Driver,1000000,28262574,28316211,53637,27262574,-946363,27316211,0.008,-0.0,0.008,Domestic
5215,5215,16,"May 24, 2006",An Inconvenient Truth,1000000,24146161,53365925,29219764,23146161,28219764,52365925,0.007,0.008,0.015,Domestic
5216,5216,17,"Aug 23, 2013",You're Next,1000000,18494006,26887177,8393171,17494006,7393171,25887177,0.005,0.002,0.007,Domestic
5217,5217,18,"May 25, 2012",Chernobyl Diaries,1000000,18119640,42411721,24292081,17119640,23292081,41411721,0.005,0.007,0.012,Domestic
5218,5218,19,"Apr 10, 1981",The Howling,1000000,17985000,17985000,0,16985000,-1000000,16985000,0.005,-0.0,0.005,Domestic
5219,5219,20,"May 8, 1963",Dr. No,1000000,16067035,59567035,43500000,15067035,42500000,58567035,0.004,0.012,0.017,Domestic
5220,5220,21,"Sep 18, 1987",Hellraiser,1000000,14564000,14575148,11148,13564000,-988852,13575148,0.004,-0.0,0.004,Domestic
5221,5221,22,"Mar 11, 2016","Hello, My Name is Doris",1000000,14444999,14662703,217704,13444999,-782296,13662703,0.004,-0.0,0.004,Domestic
5222,5222,23,"Sep 16, 2005",Cry Wolf,1000000,10047674,15943081,5895407,9047674,4895407,14943081,0.003,0.001,0.004,Domestic
5223,5223,24,"Aug 18, 2000",Godzilla 2000,1000000,10037390,10037390,0,9037390,-1000000,9037390,0.003,-0.0,0.003,Domestic
5224,5224,25,"Dec 29, 2010",Blue Valentine,1000000,9737892,16566240,6828348,8737892,5828348,15566240,0.003,0.002,0.004,Domestic
5225,5225,26,"Jan 20, 2006",Transamerica,1000000,9015303,16553163,7537860,8015303,6537860,15553163,0.002,0.002,0.004,Domestic
5226,5226,27,"Jan 1, 1970",Beyond the Valley of the Dolls,1000000,9000000,9000000,0,8000000,-1000000,8000000,0.002,-0.0,0.002,Domestic
5227,5227,28,"Nov 15, 1956",Love Me Tender,1000000,9000000,9000000,0,8000000,-1000000,8000000,0.002,-0.0,0.002,Domestic
5228,5228,29,"Jul 20, 2018",Unfriended: Dark Web,1000000,8866745,16434588,7567843,7866745,6567843,15434588,0.002,0.002,0.004,Domestic
5229,5229,30,"Dec 14, 1949",Sands of Iwo Jima,1000000,7800000,7800000,0,6800000,-1000000,6800000,0.002,-0.0,0.002,Domestic
5230,5230,31,"Sep 25, 2015",The Green Inferno,1000000,7192291,12931420,5739129,6192291,4739129,11931420,0.002,0.001,0.003,Domestic
5231,5231,32,"Feb 3, 2017",I Am Not Your Negro,1000000,7123919,9617402,2493483,6123919,1493483,8617402,0.002,0.0,0.002,Domestic
5232,5232,33,"Oct 19, 2012",The Sessions,1000000,6002451,11495204,5492753,5002451,4492753,10495204,0.001,0.001,0.003,Domestic
5233,5233,34,"Apr 4, 2008",Shine a Light,1000000,5505267,16173879,10668612,4505267,9668612,15173879,0.001,0.003,0.004,Domestic
5234,5234,35,"Mar 23, 2012",October Baby,1000000,5355847,5391992,36145,4355847,-963855,4391992,0.001,-0.0,0.001,Domestic
5235,5235,36,"Sep 12, 2014",The Skeleton Twins,1000000,5284309,5797192,512883,4284309,-487117,4797192,0.001,-0.0,0.001,Domestic
5236,5236,37,"Jun 14, 2013",20 Feet From Stardom,1000000,4946250,5892466,946216,3946250,-53784,4892466,0.001,-0.0,0.001,Domestic
5237,5237,38,"Jun 12, 2009","Food, Inc.",1000000,4417674,4731944,314270,3417674,-685730,3731944,0.001,-0.0,0.001,Domestic
5238,5238,39,"Jul 28, 2017",An Inconvenient Sequel,1000000,3496795,5839322,2342527,2496795,1342527,4839322,0.001,0.0,0.001,Domestic
5239,5239,40,"Aug 21, 1998",Next Stop Wonderland,1000000,3395581,3465703,70122,2395581,-929878,2465703,0.001,-0.0,0.001,Domestic
5240,5240,41,"Jun 6, 2014",Obvious Child,1000000,3122616,3324070,201454,2122616,-798546,2324070,0.001,-0.0,0.001,Domestic
5241,5241,42,"Oct 21, 2011",Martha Marcy May Marlene,1000000,2981038,5438911,2457873,1981038,1457873,4438911,0.001,0.0,0.001,Domestic
5242,5242,43,"Aug 3, 2005",Junebug,1000000,2678010,3553253,875243,1678010,-124757,2553253,0.0,-0.0,0.001,Domestic
5243,5243,44,"Aug 1, 2008",Frozen River,1000000,2511476,6030129,3518653,1511476,2518653,5030129,0.0,0.001,0.001,Domestic
5244,5244,45,"Nov 21, 2001",Sidewalks of New York,1000000,2402459,3575308,1172849,1402459,172849,2575308,0.0,0.0,0.001,Domestic
5245,5245,46,"Apr 24, 1998",Two Girls and a Guy,1000000,2057193,2315026,257833,1057193,-742167,1315026,0.0,-0.0,0.0,Domestic
5246,5246,47,"Sep 29, 2000",The Broken Hearts Club: A Romantic Comedy,1000000,1744858,2022442,277584,744858,-722416,1022442,0.0,-0.0,0.0,Domestic
5247,5247,48,"Jun 28, 2006",Who Killed the Electric Car?,1000000,1678874,1849392,170518,678874,-829482,849392,0.0,-0.0,0.0,Domestic
5248,5248,49,"Sep 18, 2009",The Secrets of Jonathan Sperry,1000000,1355079,1355079,0,355079,-1000000,355079,0.0,-0.0,0.0,Domestic
5249,5249,50,"Jul 17, 1996",Walking and Talking,1000000,1287480,1615787,328307,287480,-671693,615787,0.0,-0.0,0.0,Domestic
5250,5250,51,"Sep 19, 2003",Bubba Ho-Tep,1000000,1239183,1492895,253712,239183,-746288,492895,0.0,-0.0,0.0,Domestic
5251,5251,52,"Dec 7, 2001",No Man's Land,1000000,1067481,2684207,1616726,67481,616726,1684207,0.0,0.0,0.0,Domestic
5252,5252,53,"Oct 9, 1998",Slam,1000000,1009819,1087521,77702,9819,-922298,87521,0.0,-0.0,0.0,Domestic
5253,5253,54,"Oct 6, 2017",Visages villages,1000000,952432,4015686,3063254,-47568,2063254,3015686,-0.0,0.001,0.001,Domestic
5254,5254,55,"Apr 6, 2001",Brigham City,1000000,852206,852206,0,-147794,-1000000,-147794,-0.0,-0.0,-0.0,Domestic
5255,5255,56,"Aug 18, 2017",Patti Cake$,1000000,800148,1471090,670942,-199852,-329058,471090,-0.0,-0.0,0.0,Domestic
5256,5256,57,"Dec 1, 2000",Panic,1000000,779137,1425707,646570,-220863,-353430,425707,-0.0,-0.0,0.0,Domestic
5257,5257,58,"May 9, 2014",Palo Alto,1000000,767732,1156309,388577,-232268,-611423,156309,-0.0,-0.0,0.0,Domestic
5258,5258,59,"Sep 8, 2000",Fiza,1000000,623791,1179462,555671,-376209,-444329,179462,-0.0,-0.0,0.0,Domestic
5259,5259,60,"Feb 3, 2010",Ajami,1000000,621859,2721096,2099237,-378141,1099237,1721096,-0.0,0.0,0.0,Domestic
5260,5260,61,"Oct 23, 1998",Orgazmo,1000000,582024,627287,45263,-417976,-954737,-372713,-0.0,-0.0,-0.0,Domestic
5261,5261,62,"Jul 29, 2011",The Future,1000000,568662,1239174,670512,-431338,-329488,239174,-0.0,-0.0,0.0,Domestic
5262,5262,63,"Feb 14, 2003",All the Real Girls,1000000,549666,703020,153354,-450334,-846646,-296980,-0.0,-0.0,-0.0,Domestic
5263,5263,64,"Oct 24, 2014",23 Blast,1000000,549185,549185,0,-450815,-1000000,-450815,-0.0,-0.0,-0.0,Domestic
5264,5264,65,"Jun 20, 1997",Dream With The Fishes,1000000,542909,542909,0,-457091,-1000000,-457091,-0.0,-0.0,-0.0,Domestic
5265,5265,66,"Jul 19, 2013",The Act of Killing,1000000,486919,1227316,740397,-513081,-259603,227316,-0.0,-0.0,0.0,Domestic
5266,5266,67,"May 2, 2003",Blue Car,1000000,464126,475367,11241,-535874,-988759,-524633,-0.0,-0.0,-0.0,Domestic
5267,5267,68,"Oct 19, 2007",Wristcutters: A Love Story,1000000,446165,473769,27604,-553835,-972396,-526231,-0.0,-0.0,-0.0,Domestic
5268,5268,69,"May 5, 2000",Luminarias,1000000,428535,428535,0,-571465,-1000000,-571465,-0.0,-0.0,-0.0,Domestic
5269,5269,70,"Jul 18, 2014",I Origins,1000000,336472,852399,515927,-663528,-484073,-147601,-0.0,-0.0,-0.0,Domestic
5270,5270,71,"Nov 28, 2014",Antarctica: A Year on Ice,1000000,288757,288757,0,-711243,-1000000,-711243,-0.0,-0.0,-0.0,Domestic
5271,5271,72,"Aug 22, 2003",The Battle of Shaker Heights,1000000,280351,839145,558794,-719649,-441206,-160855,-0.0,-0.0,-0.0,Domestic
5272,5272,73,"Jan 18, 2008",Taxi to the Dark Side,1000000,274661,304472,29811,-725339,-970189,-695528,-0.0,-0.0,-0.0,Domestic
5273,5273,74,"Apr 8, 2016",The Invitation,1000000,231738,354836,123098,-768262,-876902,-645164,-0.0,-0.0,-0.0,Domestic
5274,5274,75,"Sep 24, 2004",Guiana 1838,1000000,227241,227241,0,-772759,-1000000,-772759,-0.0,-0.0,-0.0,Domestic
5275,5275,76,"Dec 30, 2002",Love Liza,1000000,213137,213137,0,-786863,-1000000,-786863,-0.0,-0.0,-0.0,Domestic
5276,5276,77,"Jul 7, 2006",Once in a Lifetime: the Extraordinary Story of the New York Cosmos,1000000,144601,215559,70958,-855399,-929042,-784441,-0.0,-0.0,-0.0,Domestic
5277,5277,78,"Aug 22, 2001",Lisa Picard is Famous,1000000,113433,113433,0,-886567,-1000000,-886567,-0.0,-0.0,-0.0,Domestic
5278,5278,79,"Jul 31, 2015",Beyond the Brick: A LEGO Brickumentary,1000000,101531,101531,0,-898469,-1000000,-898469,-0.0,-0.0,-0.0,Domestic
5279,5279,80,"Oct 30, 2009",The House of the Devil,1000000,101215,102812,1597,-898785,-998403,-897188,-0.0,-0.0,-0.0,Domestic
5280,5280,81,"Jun 1, 2012",Hardflip,1000000,96734,96734,0,-903266,-1000000,-903266,-0.0,-0.0,-0.0,Domestic
5281,5281,82,"Mar 11, 2016",Creative Control,1000000,63014,63014,0,-936986,-1000000,-936986,-0.0,-0.0,-0.0,Domestic
5282,5282,83,"Sep 16, 2005",Chocolate: Deep Dark Secrets,1000000,49000,1549000,1500000,-951000,500000,549000,-0.0,0.0,0.0,Domestic
5283,5283,84,"Jul 1, 2011",The Perfect Host,1000000,48764,51587,2823,-951236,-997177,-948413,-0.0,-0.0,-0.0,Domestic
5284,5284,85,"Sep 25, 1998",The Last Big Thing,1000000,22434,22434,0,-977566,-1000000,-977566,-0.0,-0.0,-0.0,Domestic
5285,5285,86,"Aug 7, 1998",Safe Men,1000000,21210,21210,0,-978790,-1000000,-978790,-0.0,-0.0,-0.0,Domestic
5286,5286,87,"Aug 31, 2001",Speedway Junky,1000000,17127,17127,0,-982873,-1000000,-982873,-0.0,-0.0,-0.0,Domestic
5287,5287,88,"Feb 13, 2015",Hits,1000000,15156,15156,0,-984844,-1000000,-984844,-0.0,-0.0,-0.0,Domestic
5288,5288,89,"Sep 22, 2000",The Specials,1000000,12996,12996,0,-987004,-1000000,-987004,-0.0,-0.0,-0.0,Domestic
5289,5289,90,"Sep 3, 2010",16 to Life,1000000,11574,11574,0,-988426,-1000000,-988426,-0.0,-0.0,-0.0,Domestic
5290,5290,91,"Jan 17, 2007",Alone with Her,1000000,10787,844377,833590,-989213,-166410,-155623,-0.0,-0.0,-0.0,Domestic
5291,5291,92,"Oct 17, 2014",Camp X-Ray,1000000,9837,101053,91216,-990163,-908784,-898947,-0.0,-0.0,-0.0,Domestic
5292,5292,93,"Nov 21, 2008",Special,1000000,7202,26822,19620,-992798,-980380,-973178,-0.0,-0.0,-0.0,Domestic
5293,5293,94,"Apr 10, 2015",The Sisterhood of Night,1000000,6870,6870,0,-993130,-1000000,-993130,-0.0,-0.0,-0.0,Domestic
5294,5294,95,"Mar 19, 1999",Sparkler,1000000,5494,5494,0,-994506,-1000000,-994506,-0.0,-0.0,-0.0,Domestic
5295,5295,96,"Mar 18, 2005",The Helixâ¦Loaded,1000000,3700,3700,0,-996300,-1000000,-996300,-0.0,-0.0,-0.0,Domestic
5296,5296,97,"May 15, 2015",Childless,1000000,1036,1036,0,-998964,-1000000,-998964,-0.0,-0.0,-0.0,Domestic
5297,5297,98,"Apr 21, 2006",In Her Line of Fire,1000000,884,884,0,-999116,-1000000,-999116,-0.0,-0.0,-0.0,Domestic
5298,5298,99,"Dec 13, 2002",The Jimmy Show,1000000,703,703,0,-999297,-1000000,-999297,-0.0,-0.0,-0.0,Domestic
5326,5326,27,"Jun 1, 2007",And Then Came Love,989000,8158,8158,0,-980842,-989000,-980842,-0.0,-0.0,-0.0,Domestic
5327,5327,28,"Apr 14, 2006",Hard Candy,950000,1024640,8267066,7242426,74640,6292426,7317066,0.0,0.002,0.002,Domestic
5328,5328,29,"Sep 27, 2002",Charly,950000,814666,814666,0,-135334,-950000,-135334,-0.0,-0.0,-0.0,Domestic
5333,5333,34,"Apr 13, 2012",L!fe Happens,930000,30905,30905,0,-899095,-930000,-899095,-0.0,-0.0,-0.0,Domestic
5334,5334,35,"May 12, 2017",Lowriders,916000,6179955,6188421,8466,5263955,-907534,5272421,0.002,-0.0,0.002,Domestic
5336,5336,37,"Jul 28, 1954",On the Waterfront,910000,9600000,9600000,0,8690000,-910000,8690000,0.003,-0.0,0.003,Domestic
5337,5337,38,"Jul 12, 2013",Fruitvale Station,900000,16098998,17549645,1450647,15198998,550647,16649645,0.004,0.0,0.005,Domestic
5338,5338,39,"Apr 1, 2016",Meet the Blacks,900000,9097072,9097072,0,8197072,-900000,8197072,0.002,-0.0,0.002,Domestic
5339,5339,40,"Jan 25, 2008","4 luni, 3 saptamani si 2 zile",900000,1196321,11993156,10796835,296321,9896835,11093156,0.0,0.003,0.003,Domestic
5340,5340,41,"Aug 26, 2011",Circumstance,900000,454121,958978,504857,-445879,-395143,58978,-0.0,-0.0,0.0,Domestic
5341,5341,42,"Aug 25, 2006",The Quiet,900000,381420,381420,0,-518580,-900000,-518580,-0.0,-0.0,-0.0,Domestic
5342,5342,43,"Apr 27, 2012",The Giant Mechanical Man,900000,7396,7396,0,-892604,-900000,-892604,-0.0,-0.0,-0.0,Domestic
5343,5343,44,"Apr 5, 2013",The Brass Teapot,900000,6997,413733,406736,-893003,-493264,-486267,-0.0,-0.0,-0.0,Domestic
5346,5346,47,"Aug 13, 1942",Bambi,858000,102797000,268000000,165203000,101939000,164345000,267142000,0.029,0.047,0.077,Domestic
5347,5347,48,"Aug 31, 2012","For a Good Time, Call",850000,1251749,1386088,134339,401749,-715661,536088,0.0,-0.0,0.0,Domestic
5348,5348,49,"Jan 30, 2004",Latter Days,850000,833118,865708,32590,-16882,-817410,15708,-0.0,-0.0,0.0,Domestic
5349,5349,50,"Mar 21, 2008",The Hammer,850000,442638,442638,0,-407362,-850000,-407362,-0.0,-0.0,-0.0,Domestic
5350,5350,51,"Aug 28, 2015",Windsor Drive,850000,3256,3256,0,-846744,-850000,-846744,-0.0,-0.0,-0.0,Domestic
5353,5353,54,"Aug 3, 2012",Celeste and Jesse Forever,840000,3103407,3787689,684282,2263407,-155718,2947689,0.001,-0.0,0.001,Domestic
5354,5354,55,"Oct 25, 2002",Time Changer,825000,1500711,1500711,0,675711,-825000,675711,0.0,-0.0,0.0,Domestic
5357,5357,58,"Jan 1, 1971",Billy Jack,800000,98000000,98000000,0,97200000,-800000,97200000,0.028,-0.0,0.028,Domestic
5358,5358,59,"Dec 30, 2011",Jodaeiye Nader az Simin,800000,7098492,24426169,17327677,6298492,16527677,23626169,0.002,0.005,0.007,Domestic
5359,5359,60,"May 10, 1996",Welcome to the Dollhouse,800000,4198137,5034794,836657,3398137,36657,4234794,0.001,0.0,0.001,Domestic
5360,5360,61,"Mar 28, 2003",Raising Victor Vargas,800000,2073984,2900578,826594,1273984,26594,2100578,0.0,0.0,0.001,Domestic
5361,5361,62,"Oct 1, 1993",Ruby in Paradise,800000,1001437,1001437,0,201437,-800000,201437,0.0,-0.0,0.0,Domestic
5362,5362,63,"Aug 9, 2002",Pandora's Box,800000,881950,881950,0,81950,-800000,81950,0.0,-0.0,0.0,Domestic
5363,5363,64,"Jul 18, 2007",Cama adentro,800000,200433,200433,0,-599567,-800000,-599567,-0.0,-0.0,-0.0,Domestic
5364,5364,65,"Mar 10, 2000",Deterrence,800000,144583,371647,227064,-655417,-572936,-428353,-0.0,-0.0,-0.0,Domestic
5365,5365,66,"May 7, 2004",The Mudge Boy,800000,62544,62544,0,-737456,-800000,-737456,-0.0,-0.0,-0.0,Domestic
5366,5366,67,"Apr 11, 2003",The Young Unknowns,800000,58163,58163,0,-741837,-800000,-741837,-0.0,-0.0,-0.0,Domestic
5367,5367,68,"Jun 19, 2009",DÃ¸d snÃ¸,800000,46742,2194020,2147278,-753258,1347278,1394020,-0.0,0.0,0.0,Domestic
5368,5368,69,"Sep 19, 2014",Not Cool,800000,35688,35688,0,-764312,-800000,-764312,-0.0,-0.0,-0.0,Domestic
5369,5369,70,"Feb 3, 2012",Kill List,800000,29063,462206,433143,-770937,-366857,-337794,-0.0,-0.0,-0.0,Domestic
5371,5371,72,"Aug 6, 2004",Saints and Soldiers,780000,1310470,1310470,0,530470,-780000,530470,0.0,-0.0,0.0,Domestic
5372,5372,73,"Aug 11, 1973",American Graffiti,777000,115000000,140000000,25000000,114223000,24223000,139223000,0.033,0.007,0.04,Domestic
5374,5374,75,"Sep 9, 2011",Kevin Hart: Laugh at My Pain,750000,7706436,7712436,6000,6956436,-744000,6962436,0.002,-0.0,0.002,Domestic
5375,5375,76,"Apr 13, 2007",Aqua Teen Hunger Force Colon Movie Film for Theaters,750000,5520368,5520368,0,4770368,-750000,4770368,0.001,-0.0,0.001,Domestic
5376,5376,77,"Jun 8, 2012",Safety Not Guaranteed,750000,4010957,4422318,411361,3260957,-338639,3672318,0.001,-0.0,0.001,Domestic
5377,5377,78,"Feb 3, 2012",The Innkeepers,750000,78396,1011535,933139,-671604,183139,261535,-0.0,0.0,0.0,Domestic
5378,5378,79,"Aug 29, 2014",Il conformista,750000,59656,89609,29953,-690344,-720047,-660391,-0.0,-0.0,-0.0,Domestic
5379,5379,80,"Nov 15, 2002",Interview with the Assassin,750000,47329,47329,0,-702671,-750000,-702671,-0.0,-0.0,-0.0,Domestic
5380,5380,81,"Jul 1, 2005",Undead,750000,41196,229250,188054,-708804,-561946,-520750,-0.0,-0.0,-0.0,Domestic
5381,5381,82,"Jan 23, 2009",Donkey Punch,750000,19367,814801,795434,-730633,45434,64801,-0.0,0.0,0.0,Domestic
5386,5386,87,"Jun 25, 1968",La mariÃ©e Ã©tait en noir,747000,44566,44566,0,-702434,-747000,-702434,-0.0,-0.0,-0.0,Domestic
5387,5387,88,"Jul 24, 1952",High Noon,730000,8000000,8000000,0,7270000,-730000,7270000,0.002,-0.0,0.002,Domestic
5388,5388,89,"Oct 14, 1994",Hoop Dreams,700000,7768371,11768371,4000000,7068371,3300000,11068371,0.002,0.001,0.003,Domestic
5389,5389,90,"Jun 24, 2005",Rize,700000,3278611,4857731,1579120,2578611,879120,4157731,0.001,0.0,0.001,Domestic
5390,5390,91,"Aug 11, 2006",Half Nelson,700000,2697938,4911725,2213787,1997938,1513787,4211725,0.001,0.0,0.001,Domestic
5391,5391,92,"Sep 7, 2001",L.I.E.,700000,1140965,1140965,0,440965,-700000,440965,0.0,-0.0,0.0,Domestic
5392,5392,93,"Aug 4, 2017",Columbus,700000,1017107,1110511,93404,317107,-606596,410511,0.0,-0.0,0.0,Domestic
5393,5393,94,"Oct 8, 1999",Naturally Native,700000,10508,10508,0,-689492,-700000,-689492,-0.0,-0.0,-0.0,Domestic
5396,5396,97,"Apr 7, 1933",King Kong,672000,10000000,10000650,650,9328000,-671350,9328650,0.003,-0.0,0.003,Domestic
5397,5397,98,"Apr 10, 1953",House of Wax,658000,23800000,23800000,0,23142000,-658000,23142000,0.007,-0.0,0.007,Domestic
5398,5398,99,"Jun 19, 1998",Hav Plenty,650000,2301777,2301777,0,1651777,-650000,1651777,0.0,-0.0,0.0,Domestic
5399,5399,100,"Oct 11, 2013",Escape from Tomorrow,650000,171962,171962,0,-478038,-650000,-478038,-0.0,-0.0,-0.0,Domestic
5400,5400,1,"Dec 14, 2018",That Way Madness Lies,650000,1447,1447,0,-648553,-650000,-648553,-0.0,-0.0,-0.0,Domestic
5405,5405,6,"Sep 6, 1935",Top Hat,609000,1782000,3202000,1420000,1173000,811000,2593000,0.0,0.0,0.001,Domestic
5406,5406,7,"Jul 14, 1999",The Blair Witch Project,600000,140539099,248300000,107760901,139939099,107160901,247700000,0.04,0.031,0.072,Domestic
5407,5407,8,"Mar 26, 1970",Woodstock,600000,34505110,34505110,0,33905110,-600000,33905110,0.01,-0.0,0.01,Domestic
5408,5408,9,"Aug 10, 1977",The Kentucky Fried Movie,600000,15000000,20000000,5000000,14400000,4400000,19400000,0.004,0.001,0.006,Domestic
5409,5409,10,"May 10, 1967",Per qualche dollaro in piÃ¹,600000,4300000,4300000,0,3700000,-600000,3700000,0.001,-0.0,0.001,Domestic
5410,5410,11,"Oct 31, 2000",Mercy Streets,600000,173599,173599,0,-426401,-600000,-426401,-0.0,-0.0,-0.0,Domestic
5411,5411,12,"May 2, 2014",Water & Power,600000,42557,42557,0,-557443,-600000,-557443,-0.0,-0.0,-0.0,Domestic
5412,5412,13,"Oct 19, 2007",Arnolds Park,600000,23616,23616,0,-576384,-600000,-576384,-0.0,-0.0,-0.0,Domestic
5413,5413,14,"Jul 2, 1999",Broken Vessels,600000,15030,85343,70313,-584970,-529687,-514657,-0.0,-0.0,-0.0,Domestic
5414,5414,15,"May 22, 2015",Drunk Wedding,600000,3301,3301,0,-596699,-600000,-596699,-0.0,-0.0,-0.0,Domestic
5420,5420,21,"Aug 11, 1964",A Hard Day's Night,560000,1537860,1626784,88924,977860,-471076,1066784,0.0,-0.0,0.0,Domestic
5421,5421,22,"Jul 29, 2011",The Harvest/La Cosecha,560000,3709,3709,0,-556291,-560000,-556291,-0.0,-0.0,-0.0,Domestic
5423,5423,24,"Dec 26, 1931",Mata Hari,558000,900000,900000,0,342000,-558000,342000,0.0,-0.0,0.0,Domestic
5424,5424,25,"May 9, 1980",Friday the 13th,550000,39754601,59754601,20000000,39204601,19450000,59204601,0.011,0.006,0.017,Domestic
5425,5425,26,"Apr 27, 1984",Love Letters,550000,5269990,5269990,0,4719990,-550000,4719990,0.001,-0.0,0.001,Domestic
5426,5426,27,"Sep 12, 2014",Faith Connections,550000,9111,9111,0,-540889,-550000,-540889,-0.0,-0.0,-0.0,Domestic
5428,5428,29,"Sep 26, 2008",Fireproof,500000,33456317,33473297,16980,32956317,-483020,32973297,0.01,-0.0,0.01,Domestic
5429,5429,30,"Nov 15, 1974",Benji,500000,31559560,31559560,0,31059560,-500000,31059560,0.009,-0.0,0.009,Domestic
5430,5430,31,"Aug 6, 2004",Open Water,500000,30500882,55518641,25017759,30000882,24517759,55018641,0.009,0.007,0.016,Domestic
5431,5431,32,"Jan 1, 1977",Kingdom of the Spiders,500000,17000000,17000000,0,16500000,-500000,16500000,0.005,-0.0,0.005,Domestic
5432,5432,33,"May 13, 2005",Mad Hot Ballroom,500000,8117961,9387581,1269620,7617961,769620,8887581,0.002,0.0,0.003,Domestic
5433,5433,34,"Oct 3, 2003",The Station Agent,500000,5801558,9470209,3668651,5301558,3168651,8970209,0.002,0.001,0.003,Domestic
5434,5434,35,"Jan 22, 2010",To Save a Life,500000,3777210,3824868,47658,3277210,-452342,3324868,0.001,-0.0,0.001,Domestic
5435,5435,36,"Jun 16, 2006",Wordplay,500000,3121270,3177636,56366,2621270,-443634,2677636,0.001,-0.0,0.001,Domestic
5436,5436,37,"Oct 22, 1999",Beyond the Mat,500000,2047570,2047570,0,1547570,-500000,1547570,0.0,-0.0,0.0,Domestic
5437,5437,38,"Feb 1, 2002",The Singles Ward,500000,1250798,1250798,0,750798,-500000,750798,0.0,-0.0,0.0,Domestic
5438,5438,39,"Jul 8, 2011",Sholem Aleichem: Laughing in the Darkness,500000,1131261,1131261,0,631261,-500000,631261,0.0,-0.0,0.0,Domestic
5439,5439,40,"Jan 30, 2004",Osama,500000,1127331,1971479,844148,627331,344148,1471479,0.0,0.0,0.0,Domestic
5440,5440,41,"Jun 9, 2000",Groove,500000,1115313,1167524,52211,615313,-447789,667524,0.0,-0.0,0.0,Domestic
5441,5441,42,"Jan 31, 2003",The R.M.,500000,1111615,1111615,0,611615,-500000,611615,0.0,-0.0,0.0,Domestic
5442,5442,43,"Jul 30, 1999",Twin Falls Idaho,500000,985341,1027228,41887,485341,-458113,527228,0.0,-0.0,0.0,Domestic
5443,5443,44,"Aug 20, 2004",Mean Creek,500000,603951,1348750,744799,103951,244799,848750,0.0,0.0,0.0,Domestic
5444,5444,45,"Aug 23, 2013",Drinking Buddies,500000,343706,407100,63394,-156294,-436606,-92900,-0.0,-0.0,-0.0,Domestic
5445,5445,46,"Feb 13, 1998",Hurricane Streets,500000,334041,367582,33541,-165959,-466459,-132418,-0.0,-0.0,-0.0,Domestic
5446,5446,47,"Jul 12, 2002",Never Again,500000,307631,308793,1162,-192369,-498838,-191207,-0.0,-0.0,-0.0,Domestic
5447,5447,48,"Nov 19, 1956",Shichinin no samurai,500000,271736,271736,0,-228264,-500000,-228264,-0.0,-0.0,-0.0,Domestic
5448,5448,49,"Aug 29, 2003",Civil Brand,500000,254293,254293,0,-245707,-500000,-245707,-0.0,-0.0,-0.0,Domestic
5449,5449,50,"Oct 29, 2010",Monsters,500000,237301,5639730,5402429,-262699,4902429,5139730,-0.0,0.001,0.001,Domestic
5450,5450,51,"Mar 24, 2006",Lonesome Jim,500000,154187,602789,448602,-345813,-51398,102789,-0.0,-0.0,0.0,Domestic
5451,5451,52,"Apr 17, 2013",Deceptive Practice: The Mysteries and Mentors of Ricky Jay,500000,152449,152449,0,-347551,-500000,-347551,-0.0,-0.0,-0.0,Domestic
5452,5452,53,"Sep 28, 2012",The Other Dream Team,500000,134109,314444,180335,-365891,-319665,-185556,-0.0,-0.0,-0.0,Domestic
5453,5453,54,"Dec 11, 2015",O Menino e o Mundo,500000,129479,280967,151488,-370521,-348512,-219033,-0.0,-0.0,-0.0,Domestic
5454,5454,55,"Apr 1, 2011",Rubber,500000,100370,680914,580544,-399630,80544,180914,-0.0,0.0,0.0,Domestic
5455,5455,56,"Jan 1, 1991",Johnny Suede,500000,55000,55000,0,-445000,-500000,-445000,-0.0,-0.0,-0.0,Domestic
5456,5456,57,"Oct 5, 2007",Finishing the Game,500000,52850,53201,351,-447150,-499649,-446799,-0.0,-0.0,-0.0,Domestic
5457,5457,58,"Apr 18, 2008",Kiss the Bride,500000,32033,32033,0,-467967,-500000,-467967,-0.0,-0.0,-0.0,Domestic
5458,5458,59,"Jul 11, 2003",The Journey,500000,19800,19800,0,-480200,-500000,-480200,-0.0,-0.0,-0.0,Domestic
5459,5459,60,"Apr 23, 2009",Home,500000,15433,44793168,44777735,-484567,44277735,44293168,-0.0,0.013,0.013,Domestic
5460,5460,61,"Jan 10, 2003",The Slaughter Rule,500000,13134,13134,0,-486866,-500000,-486866,-0.0,-0.0,-0.0,Domestic
5461,5461,62,"May 14, 2010",The Living Wake,500000,12232,12232,0,-487768,-500000,-487768,-0.0,-0.0,-0.0,Domestic
5462,5462,63,"Feb 27, 2009",Scott Walker: 30 Century Man,500000,6840,77121,70281,-493160,-429719,-422879,-0.0,-0.0,-0.0,Domestic
5463,5463,64,"Oct 21, 2005",The Californians,500000,4134,4134,0,-495866,-500000,-495866,-0.0,-0.0,-0.0,Domestic
5464,5464,65,"Sep 10, 2014",Born to Fly: Elizabeth Streb vs. Gravity,500000,1822,1822,0,-498178,-500000,-498178,-0.0,-0.0,-0.0,Domestic
5465,5465,66,"Jun 28, 2013",Detention of the Dead,500000,1778,1778,0,-498222,-500000,-498222,-0.0,-0.0,-0.0,Domestic
5466,5466,67,"May 11, 2018",Higher Power,500000,528,528,0,-499472,-500000,-499472,-0.0,-0.0,-0.0,Domestic
5492,5492,93,"Sep 25, 2009",Paranormal Activity,450000,107918810,194183034,86264224,107468810,85814224,193733034,0.031,0.025,0.056,Domestic
5493,5493,94,"Jan 1, 1991",Straight out of Brooklyn,450000,2712293,2712293,0,2262293,-450000,2262293,0.001,-0.0,0.001,Domestic
5494,5494,95,"Mar 31, 2006",Brick,450000,2075743,4243996,2168253,1625743,1718253,3793996,0.0,0.0,0.001,Domestic
5495,5495,96,"Aug 22, 1997",Sunday,450000,410919,450349,39430,-39081,-410570,349,-0.0,-0.0,0.0,Domestic
5496,5496,97,"Aug 11, 2006",Conversations with Other Women,450000,379418,1297745,918327,-70582,468327,847745,-0.0,0.0,0.0,Domestic
5497,5497,98,"Nov 20, 2015",Siakh lokhamim: ha'slilim ha'gnouzim,450000,41260,42503,1243,-408740,-448757,-407497,-0.0,-0.0,-0.0,Domestic
5498,5498,99,"May 9, 2008",Poultrygeist: Night of the Chicken Dead,450000,13804,22623,8819,-436196,-441181,-427377,-0.0,-0.0,-0.0,Domestic
5499,5499,100,"Jul 11, 2014",As It Is in Heaven,450000,13486,13486,0,-436514,-450000,-436514,-0.0,-0.0,-0.0,Domestic
5502,5502,3,"Mar 9, 1933",42nd Street,439000,1438000,2281000,843000,999000,404000,1842000,0.0,0.0,0.001,Domestic
5503,5503,4,"Aug 3, 1990",Metropolitan,430000,2938000,2938000,0,2508000,-430000,2508000,0.001,-0.0,0.001,Domestic
5504,5504,5,"Apr 28, 2006",Moartea domnului Lazarescu,425000,80301,581304,501003,-344699,76003,156304,-0.0,0.0,0.0,Domestic
5505,5505,6,"Jan 21, 2005",Gory Gory Hallelujah,425000,12604,12604,0,-412396,-425000,-412396,-0.0,-0.0,-0.0,Domestic
5506,5506,7,"Apr 25, 2014",Blue Ruin,420000,258384,437002,178618,-161616,-241382,17002,-0.0,-0.0,0.0,Domestic
5507,5507,8,"Jun 11, 2004",Napoleon Dynamite,400000,44540956,46122713,1581757,44140956,1181757,45722713,0.013,0.0,0.013,Domestic
5508,5508,9,"May 10, 1975",Monty Python and the Holy Grail,400000,3427696,5028948,1601252,3027696,1201252,4628948,0.001,0.0,0.001,Domestic
5509,5509,10,"Aug 2, 2006",Quinceanera,400000,1692693,2797199,1104506,1292693,704506,2397199,0.0,0.0,0.001,Domestic
5510,5510,11,"Apr 26, 2002",Dogtown and Z-Boys,400000,1293295,1600566,307271,893295,-92729,1200566,0.0,-0.0,0.0,Domestic
5511,5511,12,"Oct 24, 2008",Heroes,400000,655538,655538,0,255538,-400000,255538,0.0,-0.0,0.0,Domestic
5512,5512,13,"Oct 6, 2004",Tarnation,400000,592014,1162014,570000,192014,170000,762014,0.0,0.0,0.0,Domestic
5513,5513,14,"Oct 15, 2010",I Want Your Money,400000,433588,433588,0,33588,-400000,33588,0.0,-0.0,0.0,Domestic
5514,5514,15,"Jan 1, 1983",E tu vivrai nel terrore - L'aldilÃ,400000,126387,126387,0,-273613,-400000,-273613,-0.0,-0.0,-0.0,Domestic
5515,5515,16,"May 16, 1980",Home Movies,400000,89134,89134,0,-310866,-400000,-310866,-0.0,-0.0,-0.0,Domestic
5516,5516,17,"Jul 27, 2001",Jackpot,400000,44452,44452,0,-355548,-400000,-355548,-0.0,-0.0,-0.0,Domestic
5517,5517,18,"Dec 10, 2004",Fabled,400000,31425,31425,0,-368575,-400000,-368575,-0.0,-0.0,-0.0,Domestic
5518,5518,19,"Oct 13, 2005",The Dark Hours,400000,423,423,0,-399577,-400000,-399577,-0.0,-0.0,-0.0,Domestic
5524,5524,25,"Feb 1, 1929",The Broadway Melody,379000,2800000,4358000,1558000,2421000,1179000,3979000,0.001,0.0,0.001,Domestic
5525,5525,26,"Apr 15, 1983",The Evil Dead,375000,2400000,29400000,27000000,2025000,26625000,29025000,0.001,0.008,0.008,Domestic
5526,5526,27,"May 21, 1999",Trekkies,375000,617172,617172,0,242172,-375000,242172,0.0,-0.0,0.0,Domestic
5527,5527,28,"Jan 1, 1980",Maniac,350000,10000000,10000000,0,9650000,-350000,9650000,0.003,-0.0,0.003,Domestic
5528,5528,29,"Jan 1, 1987",American Ninja 2: The Confrontation,350000,4000000,4000000,0,3650000,-350000,3650000,0.001,-0.0,0.001,Domestic
5529,5529,30,"Jul 8, 2005",Murderball,350000,1531154,1772979,241825,1181154,-108175,1422979,0.0,-0.0,0.0,Domestic
5530,5530,31,"Sep 1, 2010",My Dog Tulip,350000,246574,310891,64317,-103426,-285683,-39109,-0.0,-0.0,-0.0,Domestic
5531,5531,32,"Oct 18, 2006",51 Birch Street,350000,84689,84689,0,-265311,-350000,-265311,-0.0,-0.0,-0.0,Domestic
5532,5532,33,"Nov 15, 2002",Revolution#9,350000,9118,9118,0,-340882,-350000,-340882,-0.0,-0.0,-0.0,Domestic
5536,5536,37,"Oct 17, 1978",Halloween,325000,47000000,70000000,23000000,46675000,22675000,69675000,0.013,0.007,0.02,Domestic
5537,5537,38,"Feb 22, 1934",It Happened One Night,325000,2500000,2500000,0,2175000,-325000,2175000,0.001,-0.0,0.001,Domestic
5538,5538,39,"Jun 25, 2010",Kynodontas,323000,110248,1373407,1263159,-212752,940159,1050407,-0.0,0.0,0.0,Domestic
5539,5539,40,"Nov 24, 1999",Tumbleweeds,312000,1350248,1788168,437920,1038248,125920,1476168,0.0,0.0,0.0,Domestic
5540,5540,41,"Nov 14, 2003",Tupac Resurrection,300000,7718961,7808524,89563,7418961,-210437,7508524,0.002,-0.0,0.002,Domestic
5541,5541,42,"Mar 10, 2000",God's Army,300000,2637726,2652515,14789,2337726,-285211,2352515,0.001,-0.0,0.001,Domestic
5542,5542,43,"Oct 17, 2003",Pieces of April,300000,2528664,3571253,1042589,2228664,742589,3271253,0.001,0.0,0.001,Domestic
5543,5543,44,"Sep 20, 1996",When The Cat's Away,300000,1652472,2525984,873512,1352472,573512,2225984,0.0,0.0,0.001,Domestic
5544,5544,45,"Dec 10, 2008",Wendy and Lucy,300000,865695,1416046,550351,565695,250351,1116046,0.0,0.0,0.0,Domestic
5545,5545,46,"Sep 11, 1998",Let's Talk About Sex,300000,373615,373615,0,73615,-300000,73615,0.0,-0.0,0.0,Domestic
5546,5546,47,"Aug 25, 2006",Old Joy,300000,255923,399908,143985,-44077,-156015,99908,-0.0,-0.0,0.0,Domestic
5547,5547,48,"Jul 15, 2005",First Morning,300000,87264,87264,0,-212736,-300000,-212736,-0.0,-0.0,-0.0,Domestic
5548,5548,49,"Jun 15, 2007",Pierrot le fou,300000,70807,71380,573,-229193,-299427,-228620,-0.0,-0.0,-0.0,Domestic
5549,5549,50,"Mar 5, 1997",The Watermelon Woman,300000,42735,42735,0,-257265,-300000,-257265,-0.0,-0.0,-0.0,Domestic
5550,5550,51,"Mar 11, 2011",3 Backyards,300000,39475,39475,0,-260525,-300000,-260525,-0.0,-0.0,-0.0,Domestic
5551,5551,52,"Apr 12, 2006",Sisters in Law,300000,33312,33312,0,-266688,-300000,-266688,-0.0,-0.0,-0.0,Domestic
5552,5552,53,"Nov 9, 2012",Nothing But a Man,300000,17241,17241,0,-282759,-300000,-282759,-0.0,-0.0,-0.0,Domestic
5553,5553,54,"Jul 19, 2002",Ayurveda: Art of Being,300000,16892,2066892,2050000,-283108,1750000,1766892,-0.0,0.001,0.001,Domestic
5554,5554,55,"Aug 7, 1998","First Love, Last Rites",300000,10876,10876,0,-289124,-300000,-289124,-0.0,-0.0,-0.0,Domestic
5555,5555,56,"May 6, 2005",Fighting Tommy Riley,300000,10514,10514,0,-289486,-300000,-289486,-0.0,-0.0,-0.0,Domestic
5556,5556,57,"Mar 28, 2014",Locker 13,300000,3496,3496,0,-296504,-300000,-296504,-0.0,-0.0,-0.0,Domestic
5557,5557,58,"Oct 23, 2015",The Looking Glass,300000,1711,1711,0,-298289,-300000,-298289,-0.0,-0.0,-0.0,Domestic
5567,5567,68,"Aug 17, 2012",Compliance,270000,319285,830700,511415,49285,241415,560700,0.0,0.0,0.0,Domestic
5568,5568,69,"May 1, 1981",Graduation Day,250000,23894000,23894000,0,23644000,-250000,23644000,0.007,-0.0,0.007,Domestic
5569,5569,70,"Apr 4, 1997",Chasing Amy,250000,12006514,15155095,3148581,11756514,2898581,14905095,0.003,0.001,0.004,Domestic
5570,5570,71,"Jun 28, 2002",Lovely and Amazing,250000,4210379,4613482,403103,3960379,153103,4363482,0.001,0.0,0.001,Domestic
5571,5571,72,"Apr 28, 2017",Sleight,250000,3930990,3934450,3460,3680990,-246540,3684450,0.001,-0.0,0.001,Domestic
5572,5572,73,"Apr 11, 2003",Better Luck Tomorrow,250000,3802390,3809226,6836,3552390,-243164,3559226,0.001,-0.0,0.001,Domestic
5573,5573,74,"Oct 28, 2011",Like Crazy,250000,3395391,3728400,333009,3145391,83009,3478400,0.001,0.0,0.001,Domestic
5574,5574,75,"Jun 16, 1995",The Incredibly True Adventure of Two Girls in Love,250000,2210408,2477155,266747,1960408,16747,2227155,0.001,0.0,0.001,Domestic
5575,5575,76,"Jul 14, 2000",Chuck&Buck,250000,1055671,1157672,102001,805671,-147999,907672,0.0,-0.0,0.0,Domestic
5576,5576,77,"Mar 16, 2001",American Desi,250000,902835,1366235,463400,652835,213400,1116235,0.0,0.0,0.0,Domestic
5577,5577,78,"Sep 11, 1998",Cube,250000,489220,8969065,8479845,239220,8229845,8719065,0.0,0.002,0.003,Domestic
5578,5578,79,"Mar 28, 1997",Love and Other Catastrophes,250000,212285,743216,530931,-37715,280931,493216,-0.0,0.0,0.0,Domestic
5579,5579,80,"Aug 28, 1998",I Married a Strange Person,250000,203134,203134,0,-46866,-250000,-46866,-0.0,-0.0,-0.0,Domestic
5580,5580,81,"Jul 22, 2005",November,250000,191862,191862,0,-58138,-250000,-58138,-0.0,-0.0,-0.0,Domestic
5581,5581,82,"Sep 17, 1999",Sugar Town,250000,178095,178095,0,-71905,-250000,-71905,-0.0,-0.0,-0.0,Domestic
5582,5582,83,"Mar 28, 2008",Happy Valley,250000,67665,67665,0,-182335,-250000,-182335,-0.0,-0.0,-0.0,Domestic
5583,5583,84,"Aug 2, 2013",The Canyons,250000,59671,62375,2704,-190329,-247296,-187625,-0.0,-0.0,-0.0,Domestic
5584,5584,85,"Jun 28, 2006",The Motel,250000,51540,51540,0,-198460,-250000,-198460,-0.0,-0.0,-0.0,Domestic
5585,5585,86,"Jul 15, 2005",On the Outs,250000,49772,237816,188044,-200228,-61956,-12184,-0.0,-0.0,-0.0,Domestic
5586,5586,87,"Dec 14, 2007",Shotgun Stories,250000,46026,284174,238148,-203974,-11852,34174,-0.0,-0.0,0.0,Domestic
5587,5587,88,"Aug 15, 2014",Nightlights,250000,21147,21147,0,-228853,-250000,-228853,-0.0,-0.0,-0.0,Domestic
5588,5588,89,"Jun 6, 2014",Test,250000,18823,18823,0,-231177,-250000,-231177,-0.0,-0.0,-0.0,Domestic
5589,5589,90,"Jan 8, 1999",The Sticky Fingers of Time,250000,18195,20628,2433,-231805,-247567,-229372,-0.0,-0.0,-0.0,Domestic
5606,5606,7,"Nov 19, 1925",The Big Parade,245000,11000000,22000000,11000000,10755000,10755000,21755000,0.003,0.003,0.006,Domestic
5607,5607,8,"Oct 31, 2008",Little Big Top,240000,7484,7484,0,-232516,-240000,-232516,-0.0,-0.0,-0.0,Domestic
5608,5608,9,"Oct 9, 2009",Bronson,230000,104979,2703762,2598783,-125021,2368783,2473762,-0.0,0.001,0.001,Domestic
5609,5609,10,"Jul 20, 2012",Burn,225000,1109276,1109276,0,884276,-225000,884276,0.0,-0.0,0.0,Domestic
5610,5610,11,"Sep 15, 2000",Urbania,225000,1032075,1032075,0,807075,-225000,807075,0.0,-0.0,0.0,Domestic
5611,5611,12,"Jun 13, 1953","The Beast from 20,000 Fathoms",210000,5000000,5000000,0,4790000,-210000,4790000,0.001,-0.0,0.001,Domestic
5612,5612,13,"Jul 25, 1969",The Stewardesses,200000,13500000,25000000,11500000,13300000,11300000,24800000,0.004,0.003,0.007,Domestic
5613,5613,14,"Mar 21, 1980",Mad Max,200000,8750000,99750000,91000000,8550000,90800000,99550000,0.002,0.026,0.029,Domestic
5614,5614,15,"Dec 24, 1916","20,000 Leagues Under the Sea",200000,8000000,8000000,0,7800000,-200000,7800000,0.002,-0.0,0.002,Domestic
5615,5615,16,"Oct 18, 1996",Swingers,200000,4505922,6618578,2112656,4305922,1912656,6418578,0.001,0.001,0.002,Domestic
5616,5616,17,"Jan 18, 1967",Per un pugno di dollari,200000,3500000,3516248,16248,3300000,-183752,3316248,0.001,-0.0,0.001,Domestic
5617,5617,18,"Feb 25, 2011",The Grace Card,200000,2430735,2430735,0,2230735,-200000,2230735,0.001,-0.0,0.001,Domestic
5618,5618,19,"Feb 9, 1933",She Done Him Wrong,200000,2000000,2000000,0,1800000,-200000,1800000,0.001,-0.0,0.001,Domestic
5619,5619,20,"Feb 11, 2000",Trois,200000,1161843,1161843,0,961843,-200000,961843,0.0,-0.0,0.0,Domestic
5620,5620,21,"Jun 19, 2015",The Overnight,200000,1109808,1165996,56188,909808,-143812,965996,0.0,-0.0,0.0,Domestic
5621,5621,22,"Oct 22, 2004",Short Cut to Nirvana: Kumbh Mela,200000,381225,439651,58426,181225,-141574,239651,0.0,-0.0,0.0,Domestic
5622,5622,23,"Oct 12, 2012",Middle of Nowhere,200000,236806,236806,0,36806,-200000,36806,0.0,-0.0,0.0,Domestic
5623,5623,24,"Oct 10, 2008",Call+Response,200000,212989,212989,0,12989,-200000,12989,0.0,-0.0,0.0,Domestic
5624,5624,25,"May 10, 2002",The Business of Fancy Dancing,200000,174682,174682,0,-25318,-200000,-25318,-0.0,-0.0,-0.0,Domestic
5625,5625,26,"May 10, 2002",Hybrid,200000,162605,162605,0,-37395,-200000,-37395,-0.0,-0.0,-0.0,Domestic
5626,5626,27,"Jun 13, 2008",Baghead,200000,140016,140016,0,-59984,-200000,-59984,-0.0,-0.0,-0.0,Domestic
5627,5627,28,"Sep 10, 2004",Malevolence,200000,126021,346106,220085,-73979,20085,146106,-0.0,0.0,0.0,Domestic
5628,5628,29,"Sep 9, 2005",Side Effects,200000,44701,44701,0,-155299,-200000,-155299,-0.0,-0.0,-0.0,Domestic
5629,5629,30,"Oct 10, 2008",Good Dick,200000,28835,52443,23608,-171165,-176392,-147557,-0.0,-0.0,-0.0,Domestic
5630,5630,31,"Jul 21, 2006",The Case of the Grinning Cat,200000,7033,7033,0,-192967,-200000,-192967,-0.0,-0.0,-0.0,Domestic
5631,5631,32,"Jan 7, 2005",Solitude,200000,6260,6260,0,-193740,-200000,-193740,-0.0,-0.0,-0.0,Domestic
5632,5632,33,"Mar 14, 2014",The Word,200000,3648,3648,0,-196352,-200000,-196352,-0.0,-0.0,-0.0,Domestic
5633,5633,34,"Jun 15, 2007",The Trials of Darryl Hunt,200000,1217,1217,0,-198783,-200000,-198783,-0.0,-0.0,-0.0,Domestic
5642,5642,43,"Sep 23, 2011",Weekend,190000,484592,1577585,1092993,294592,902993,1387585,0.0,0.0,0.0,Domestic
5643,5643,44,"Jan 22, 1999",Bacheha-Ye aseman,180000,933933,1628579,694646,753933,514646,1448579,0.0,0.0,0.0,Domestic
5644,5644,45,"Feb 27, 2015",Butterfly Girl,180000,17503,17503,0,-162497,-180000,-162497,-0.0,-0.0,-0.0,Domestic
5646,5646,47,"Aug 8, 1986",She's Gotta Have It,175000,7137502,7137502,0,6962502,-175000,6962502,0.002,-0.0,0.002,Domestic
5647,5647,48,"Jul 22, 2011",Another Earth,175000,1321194,2102779,781585,1146194,606585,1927779,0.0,0.0,0.001,Domestic
5648,5648,49,"Aug 23, 2013",Sparrows Dance,175000,2602,2602,0,-172398,-175000,-172398,-0.0,-0.0,-0.0,Domestic
5650,5650,51,"Jun 3, 2016",The Fits,170000,166425,169242,2817,-3575,-167183,-758,-0.0,-0.0,-0.0,Domestic
5651,5651,52,"Jun 30, 1979",Dolphin,170000,14000,14000,0,-156000,-170000,-156000,-0.0,-0.0,-0.0,Domestic
5653,5653,54,"Sep 11, 2009",The Horse Boy,160000,156612,156612,0,-3388,-160000,-3388,-0.0,-0.0,-0.0,Domestic
5654,5654,55,"Mar 1, 2002",The Calling,160000,32092,32092,0,-127908,-160000,-127908,-0.0,-0.0,-0.0,Domestic
5655,5655,56,"Jan 1, 1971",Sweet Sweetback's Baad Asssss Song,150000,15200000,15200000,0,15050000,-150000,15050000,0.004,-0.0,0.004,Domestic
5656,5656,57,"May 16, 2007",Once,150000,9445857,23323631,13877774,9295857,13727774,23173631,0.003,0.004,0.007,Domestic
5657,5657,58,"Jul 19, 2002",Tadpole,150000,2891288,3270128,378840,2741288,228840,3120128,0.001,0.0,0.001,Domestic
5658,5658,59,"Jun 23, 2000",The Woman Chaser,150000,110719,110719,0,-39281,-150000,-39281,-0.0,-0.0,-0.0,Domestic
5659,5659,60,"Apr 17, 2015",Antarctic Edge: 70Âº South,150000,7193,7193,0,-142807,-150000,-142807,-0.0,-0.0,-0.0,Domestic
5660,5660,61,"Aug 21, 2015",Top Spin,150000,5858,5858,0,-144142,-150000,-144142,-0.0,-0.0,-0.0,Domestic
5665,5665,66,"Oct 18, 1974",The Texas Chainsaw Massacre,140000,26572439,26572439,0,26432439,-140000,26432439,0.008,-0.0,0.008,Domestic
5666,5666,67,"Dec 20, 1989",Roger & Me,140000,6706368,6706368,0,6566368,-140000,6566368,0.002,-0.0,0.002,Domestic
5667,5667,68,"Apr 27, 2012",Sound of My Voice,135000,408015,429448,21433,273015,-113567,294448,0.0,-0.0,0.0,Domestic
5668,5668,69,"Nov 16, 1942",Cat People,134000,4000000,8000000,4000000,3866000,3866000,7866000,0.001,0.001,0.002,Domestic
5672,5672,73,"Jun 15, 2012",Your Sister's Sister,120000,1597486,3090593,1493107,1477486,1373107,2970593,0.0,0.0,0.001,Domestic
5676,5676,77,"Oct 1, 1968",Night of the Living Dead,114000,12087064,30087064,18000000,11973064,17886000,29973064,0.003,0.005,0.009,Domestic
5677,5677,78,"Feb 8, 1915",The Birth of a Nation,110000,10000000,11000000,1000000,9890000,890000,10890000,0.003,0.0,0.003,Domestic
5678,5678,79,"Oct 3, 2003",The Work and the Story,103000,16137,16137,0,-86863,-103000,-86863,-0.0,-0.0,-0.0,Domestic
5679,5679,80,"Jul 10, 2015",The Gallows,100000,22764410,41656474,18892064,22664410,18792064,41556474,0.007,0.005,0.012,Domestic
5680,5680,81,"Sep 29, 2006",Facing the Giants,100000,10178331,10243159,64828,10078331,-35172,10143159,0.003,-0.0,0.003,Domestic
5681,5681,82,"Jan 1, 1977",Eraserhead,100000,7000000,7014590,14590,6900000,-85410,6914590,0.002,-0.0,0.002,Domestic
5682,5682,83,"Mar 1, 1987",Hollywood Shuffle,100000,5228617,5228617,0,5128617,-100000,5128617,0.001,-0.0,0.001,Domestic
5683,5683,84,"Sep 17, 1920",Over the Hill to the Poorhouse,100000,3000000,3000000,0,2900000,-100000,2900000,0.001,-0.0,0.001,Domestic
5684,5684,85,"Oct 9, 1998",The Mighty,100000,2652246,6121582,3469336,2552246,3369336,6021582,0.001,0.001,0.002,Domestic
5685,5685,86,"Jul 7, 2017",A Ghost Story,100000,1594798,2769782,1174984,1494798,1074984,2669782,0.0,0.0,0.001,Domestic
5686,5686,87,"May 10, 1980",Penitentiary,100000,287000,287000,0,187000,-100000,187000,0.0,-0.0,0.0,Domestic
5687,5687,88,"Feb 6, 2004",The Lost Skeleton of Cadavra,100000,110536,110536,0,10536,-100000,10536,0.0,-0.0,0.0,Domestic
5688,5688,89,"Mar 21, 2014",Cheap Thrills,100000,59424,59424,0,-40576,-100000,-40576,-0.0,-0.0,-0.0,Domestic
5689,5689,90,"Jun 19, 2014",The Past is a Grotesque Animal,100000,20056,20056,0,-79944,-100000,-79944,-0.0,-0.0,-0.0,Domestic
5690,5690,91,"Nov 9, 2001",Keeping it Real: The Adventures of Greg Walloch,100000,1358,1358,0,-98642,-100000,-98642,-0.0,-0.0,-0.0,Domestic
5699,5699,100,"Aug 30, 1972",The Last House on the Left,87000,3100000,3100000,0,3013000,-87000,3013000,0.001,-0.0,0.001,Domestic
5700,5700,1,"May 30, 2008",The Foot Fist Way,79000,234286,234286,0,155286,-79000,155286,0.0,-0.0,0.0,Domestic
5701,5701,2,"Jul 17, 2015",Dawn of the Crescent Moon,75000,8799,8799,0,-66201,-75000,-66201,-0.0,-0.0,-0.0,Domestic
5703,5703,4,"Jul 25, 2014",Happy Christmas,70000,30312,30312,0,-39688,-70000,-39688,-0.0,-0.0,-0.0,Domestic
5704,5704,5,"Jan 28, 2005","Peace, Propaganda and the Promised Land",70000,4930,4930,0,-65070,-70000,-65070,-0.0,-0.0,-0.0,Domestic
5706,5706,7,"Jul 10, 1998",Pi,68000,3221152,4678513,1457361,3153152,1389361,4610513,0.001,0.0,0.001,Domestic
5707,5707,8,"Feb 20, 1998",I Love You â¦ Don't Touch Me!,68000,33598,33598,0,-34402,-68000,-34402,-0.0,-0.0,-0.0,Domestic
5708,5708,9,"Feb 26, 1999",20 Dates,66000,541636,602920,61284,475636,-4716,536920,0.0,-0.0,0.0,Domestic
5709,5709,10,"May 7, 2004",Super Size Me,65000,11529368,22233808,10704440,11464368,10639440,22168808,0.003,0.003,0.006,Domestic
5710,5710,11,"Jan 25, 2013",Supporting Characters,60000,4917,4917,0,-55083,-60000,-55083,-0.0,-0.0,-0.0,Domestic
5715,5715,16,"Aug 9, 1995",The Brothers McMullen,50000,10426506,10426506,0,10376506,-50000,10376506,0.003,-0.0,0.003,Domestic
5716,5716,17,"Mar 16, 2001",Gabriela,50000,2335352,2335352,0,2285352,-50000,2285352,0.001,-0.0,0.001,Domestic
5717,5717,18,"Nov 12, 2010",Tiny Furniture,50000,391674,424149,32475,341674,-17525,374149,0.0,-0.0,0.0,Domestic
5718,5718,19,"Feb 22, 2008",The Signal,50000,251150,406299,155149,201150,105149,356299,0.0,0.0,0.0,Domestic
5719,5719,20,"Jul 31, 2015",Counting,50000,8374,8374,0,-41626,-50000,-41626,-0.0,-0.0,-0.0,Domestic
5727,5727,28,"Oct 27, 2000",George Washington,42000,241816,342722,100906,199816,58906,300722,0.0,0.0,0.0,Domestic
5729,5729,30,"Aug 25, 2000",Smiling Fish and Goat on Fire,40000,277233,277233,0,237233,-40000,237233,0.0,-0.0,0.0,Domestic
5730,5730,31,"Mar 12, 2010",The Exploding Girl,40000,25572,25572,0,-14428,-40000,-14428,-0.0,-0.0,-0.0,Domestic
5731,5731,32,"Feb 11, 2011",Raymond Did It,40000,3632,3632,0,-36368,-40000,-36368,-0.0,-0.0,-0.0,Domestic
5733,5733,34,"Jul 1, 1991",The Last Waltz,35000,321952,322563,611,286952,-34389,287563,0.0,-0.0,0.0,Domestic
5736,5736,37,"Jul 18, 2008",The Legend of God's Gun,30000,243768,243768,0,213768,-30000,213768,0.0,-0.0,0.0,Domestic
5737,5737,38,"Mar 18, 2016",Krisha,30000,144822,144822,0,114822,-30000,114822,0.0,-0.0,0.0,Domestic
5738,5738,39,"Sep 1, 2006",Mutual Appreciation,30000,103509,103509,0,73509,-30000,73509,0.0,-0.0,0.0,Domestic
5739,5739,40,"Apr 29, 2005",Funny Ha Ha,30000,77070,82698,5628,47070,-24372,52698,0.0,-0.0,0.0,Domestic
5740,5740,41,"Oct 15, 2010",Down Terrace,30000,9812,9812,0,-20188,-30000,-20188,-0.0,-0.0,-0.0,Domestic
5742,5742,43,"Oct 19, 1994",Clerks,27000,3073428,3894240,820812,3046428,793812,3867240,0.001,0.0,0.001,Domestic
5743,5743,44,"Dec 24, 1999",Pink Narcissus,27000,8231,8231,0,-18769,-27000,-18769,-0.0,-0.0,-0.0,Domestic
5744,5744,45,"Jan 27, 2017",Emily,27000,3547,3547,0,-23453,-27000,-23453,-0.0,-0.0,-0.0,Domestic
5745,5745,46,"Jun 30, 1972",Deep Throat,25000,45000000,45000000,0,44975000,-25000,44975000,0.013,-0.0,0.013,Domestic
5746,5746,47,"Aug 1, 1997",In the Company of Men,25000,2883661,2883661,0,2858661,-25000,2858661,0.001,-0.0,0.001,Domestic
5747,5747,48,"Jan 14, 2000",The Terrorist,25000,195043,195043,0,170043,-25000,170043,0.0,-0.0,0.0,Domestic
5752,5752,53,"Aug 1, 1991",Slacker,23000,1227508,1227508,0,1204508,-23000,1204508,0.0,-0.0,0.0,Domestic
5759,5759,60,"Jun 2, 2006",The Puffy Chair,15000,194523,195254,731,179523,-14269,180254,0.0,-0.0,0.0,Domestic
5760,5760,61,"Apr 2, 2010",Breaking Upwards,15000,115592,115592,0,100592,-15000,100592,0.0,-0.0,0.0,Domestic
5762,5762,63,"Apr 11, 1997",Pink Flamingos,12000,413802,413802,0,401802,-12000,401802,0.0,-0.0,0.0,Domestic
5763,5763,64,"Apr 28, 2006",Grip: A Criminal's Story,12000,1336,1336,0,-10664,-12000,-10664,-0.0,-0.0,-0.0,Domestic
5765,5765,66,"Mar 9, 2001",Dayereh,10000,673780,673780,0,663780,-10000,663780,0.0,-0.0,0.0,Domestic
5766,5766,67,"Apr 28, 2006",Clean,10000,138711,138711,0,128711,-10000,128711,0.0,-0.0,0.0,Domestic
5767,5767,68,"Jul 6, 2001",Cure,10000,94596,94596,0,84596,-10000,84596,0.0,-0.0,0.0,Domestic
5768,5768,69,"May 28, 2004",On the Downlow,10000,1987,1987,0,-8013,-10000,-8013,-0.0,-0.0,-0.0,Domestic
5769,5769,70,"Apr 1, 1996",Bang,10000,527,527,0,-9473,-10000,-9473,-0.0,-0.0,-0.0,Domestic
5770,5770,71,"Aug 14, 2008",The Rise and Fall of Miss Thang,10000,401,401,0,-9599,-10000,-9599,-0.0,-0.0,-0.0,Domestic
5772,5772,73,"Jan 13, 2012",Newlyweds,9000,4584,4584,0,-4416,-9000,-4416,-0.0,-0.0,-0.0,Domestic
5773,5773,74,"Feb 26, 1993",El Mariachi,7000,2040920,2041928,1008,2033920,-5992,2034928,0.001,-0.0,0.001,Domestic
5774,5774,75,"Oct 8, 2004",Primer,7000,424760,841926,417166,417760,410166,834926,0.0,0.0,0.0,Domestic
5775,5775,76,"May 26, 2006",Cavite,7000,70071,71644,1573,63071,-5427,64644,0.0,-0.0,0.0,Domestic
5776,5776,77,"Dec 31, 2004",The Mongol King,7000,900,900,0,-6100,-7000,-6100,-0.0,-0.0,-0.0,Domestic
5778,5778,79,"Apr 2, 1999",Following,6000,48482,240495,192013,42482,186013,234495,0.0,0.0,0.0,Domestic
5779,5779,80,"Jul 13, 2005",Return to the Land of Wonders,5000,1338,1338,0,-3662,-5000,-3662,-0.0,-0.0,-0.0,Domestic
5781,5781,82,"Aug 5, 2005",My Date With Drew,1100,181041,181041,0,179941,-1100,179941,0.0,-0.0,0.0,Domestic
194,194,95,"Dec 31, 2020",Moonfall,150000000,0,0,0,-150000000,-150000000,-150000000,-0.043,-0.043,-0.043,Foreign
479,479,80,"Dec 13, 2017",Bright,90000000,0,0,0,-90000000,-90000000,-90000000,-0.026,-0.026,-0.026,Foreign
480,480,81,"Dec 31, 2019",Army of the Dead,90000000,0,0,0,-90000000,-90000000,-90000000,-0.026,-0.026,-0.026,Foreign
535,535,36,"Feb 21, 2020",Call of the Wild,82000000,0,0,0,-82000000,-82000000,-82000000,-0.024,-0.024,-0.024,Foreign
617,617,18,"Dec 31, 2012",AstÃ©rix et ObÃ©lix: Au service de Sa MajestÃ©,77600000,0,60680125,60680125,-77600000,-16919875,-16919875,-0.022,-0.005,-0.005,Foreign
619,619,20,"Jan 22, 2019",Renegades,77500000,0,1521672,1521672,-77500000,-75978328,-75978328,-0.022,-0.022,-0.022,Foreign
670,670,71,"Aug 30, 2019",PLAYMOBIL,75000000,0,0,0,-75000000,-75000000,-75000000,-0.022,-0.022,-0.022,Foreign
671,671,72,"Dec 31, 2019",355,75000000,0,0,0,-75000000,-75000000,-75000000,-0.022,-0.022,-0.022,Foreign
820,820,21,"Oct 26, 2018",Air Strike,65000000,0,516279,516279,-65000000,-64483721,-64483721,-0.019,-0.019,-0.019,Foreign
951,951,52,"Dec 11, 2015",The Ridiculous 6,60000000,0,0,0,-60000000,-60000000,-60000000,-0.017,-0.017,-0.017,Foreign
952,952,53,"Nov 8, 2019",Midway,59500000,0,0,0,-59500000,-59500000,-59500000,-0.017,-0.017,-0.017,Foreign
1205,1205,6,"Dec 31, 2020",Hannibal the Conqueror,50000000,0,0,0,-50000000,-50000000,-50000000,-0.014,-0.014,-0.014,Foreign
1206,1206,7,"Nov 8, 2019",Arctic Dogs,50000000,0,0,0,-50000000,-50000000,-50000000,-0.014,-0.014,-0.014,Foreign
1207,1207,8,"Nov 22, 2019",The Rhythm Section,50000000,0,0,0,-50000000,-50000000,-50000000,-0.014,-0.014,-0.014,Foreign
1208,1208,9,"Sep 20, 2019",Ad Astra,49800000,0,0,0,-49800000,-49800000,-49800000,-0.014,-0.014,-0.014,Foreign
1325,1325,26,"Dec 31, 2012",Foodfight!,45000000,0,73706,73706,-45000000,-44926294,-44926294,-0.013,-0.013,-0.013,Foreign
1367,1367,68,"Dec 31, 2006",Les BronzÃ©s 3: amis pour la vie,42000000,0,83833602,83833602,-42000000,41833602,41833602,-0.012,0.012,0.012,Foreign
1368,1368,69,"Dec 31, 2015",Pourquoi j'ai pas mangÃ© mon pÃ¨re,42000000,0,15451663,15451663,-42000000,-26548337,-26548337,-0.012,-0.008,-0.008,Foreign
1537,1537,38,"Apr 16, 2013",Un monstre Ã Paris,40000000,0,27000381,27000381,-40000000,-12999619,-12999619,-0.012,-0.004,-0.004,Foreign
1538,1538,39,"Jun 21, 2019",Kursk,40000000,0,4212799,4212799,-40000000,-35787201,-35787201,-0.012,-0.01,-0.01,Foreign
1539,1539,40,"Nov 11, 2016",USS Indianapolis: Men of Courage,40000000,0,1663785,1663785,-40000000,-38336215,-38336215,-0.012,-0.011,-0.011,Foreign
1540,1540,41,"Dec 31, 2014",Dragon Nest Warriors' Dawn,40000000,0,734423,734423,-40000000,-39265577,-39265577,-0.012,-0.011,-0.011,Foreign
1541,1541,42,"Dec 31, 2018",The Crow,40000000,0,0,0,-40000000,-40000000,-40000000,-0.012,-0.012,-0.012,Foreign
1542,1542,43,"Sep 13, 2019",The Goldfinch,40000000,0,0,0,-40000000,-40000000,-40000000,-0.012,-0.012,-0.012,Foreign
1543,1543,44,"Dec 31, 2019",Down Under Cover,40000000,0,0,0,-40000000,-40000000,-40000000,-0.012,-0.012,-0.012,Foreign
1583,1583,84,"Aug 26, 2008",Virgin Territory,38000000,0,5473041,5473041,-38000000,-32526959,-32526959,-0.011,-0.009,-0.009,Foreign
1603,1603,4,"Dec 31, 2009",Obitaemyy ostrov,36500000,0,15000000,15000000,-36500000,-21500000,-21500000,-0.011,-0.006,-0.006,Foreign
1621,1621,22,"Apr 14, 2017",Queen of the Desert,36000000,0,1578543,1578543,-36000000,-34421457,-34421457,-0.01,-0.01,-0.01,Foreign
1754,1754,55,"Sep 22, 2006",Bandidas,35000000,0,19282590,19282590,-35000000,-15717410,-15717410,-0.01,-0.005,-0.005,Foreign
1755,1755,56,"Mar 13, 2015",The Lovers,35000000,0,53899,53899,-35000000,-34946101,-34946101,-0.01,-0.01,-0.01,Foreign
1756,1756,57,"Dec 31, 2008",Black Water Transit,35000000,0,0,0,-35000000,-35000000,-35000000,-0.01,-0.01,-0.01,Foreign
1818,1818,19,"Dec 31, 2004",George and the Dragon,32000000,0,0,0,-32000000,-32000000,-32000000,-0.009,-0.009,-0.009,Foreign
2006,2006,7,"Dec 31, 2010",Konferenz der Tiere,30000000,0,53048539,53048539,-30000000,23048539,23048539,-0.009,0.007,0.007,Foreign
2007,2007,8,"Dec 1, 2015",Grace of Monaco,30000000,0,25199891,25199891,-30000000,-4800109,-4800109,-0.009,-0.001,-0.001,Foreign
2008,2008,9,"Mar 8, 2016",Savva. Serdtse voyna,30000000,0,5015080,5015080,-30000000,-24984920,-24984920,-0.009,-0.007,-0.007,Foreign
2009,2009,10,"Dec 14, 2007",Goodbye Bafana,30000000,0,2717302,2717302,-30000000,-27282698,-27282698,-0.009,-0.008,-0.008,Foreign
2010,2010,11,"Dec 31, 2013",Space Pirate Captain Harlock,30000000,0,310985,310985,-30000000,-29689015,-29689015,-0.009,-0.009,-0.009,Foreign
2011,2011,12,"Dec 31, 2003",Ripley's Game,30000000,0,0,0,-30000000,-30000000,-30000000,-0.009,-0.009,-0.009,Foreign
2029,2029,30,"Sep 30, 2019",Unhinged,29000000,0,0,0,-29000000,-29000000,-29000000,-0.008,-0.008,-0.008,Foreign
2080,2080,81,"Dec 31, 2007",Alatriste,28000000,0,22860477,22860477,-28000000,-5139523,-5139523,-0.008,-0.001,-0.001,Foreign
2117,2117,18,"Dec 31, 2006",The Magic Flute,27000000,0,0,0,-27000000,-27000000,-27000000,-0.008,-0.008,-0.008,Foreign
2153,2153,54,"Jun 30, 2015",Viy,26000000,0,34246770,34246770,-26000000,8246770,8246770,-0.008,0.002,0.002,Foreign
2154,2154,55,"Mar 17, 2015",Accidental Love,26000000,0,135436,135436,-26000000,-25864564,-25864564,-0.008,-0.007,-0.007,Foreign
2155,2155,56,"Apr 24, 2015",The Face of an Angel,26000000,0,0,0,-26000000,-26000000,-26000000,-0.008,-0.008,-0.008,Foreign
2320,2320,21,"Dec 31, 2010",Sammy's avonturen: De geheime doorgang,25000000,0,71594792,71594792,-25000000,46594792,46594792,-0.007,0.013,0.013,Foreign
2321,2321,22,"Dec 31, 2010",Belka i Strelka. Zvezdnye sobaki,25000000,0,9445081,9445081,-25000000,-15554919,-15554919,-0.007,-0.004,-0.004,Foreign
2322,2322,23,"Dec 31, 2017",Matilda,25000000,0,9370285,9370285,-25000000,-15629715,-15629715,-0.007,-0.005,-0.005,Foreign
2323,2323,24,"Oct 4, 2011",La vÃ©ritable histoire du Chat BottÃ©,25000000,0,8208594,8208594,-25000000,-16791406,-16791406,-0.007,-0.005,-0.005,Foreign
2324,2324,25,"Jul 8, 2011",Ironclad,25000000,0,5297411,5297411,-25000000,-19702589,-19702589,-0.007,-0.006,-0.006,Foreign
2325,2325,26,"May 10, 2019",The Professor and the Madman,25000000,0,5227233,5227233,-25000000,-19772767,-19772767,-0.007,-0.006,-0.006,Foreign
2326,2326,27,"Mar 10, 2015",Red Sky,25000000,0,91116,91116,-25000000,-24908884,-24908884,-0.007,-0.007,-0.007,Foreign
2327,2327,28,"Jan 1, 1970",Waterloo,25000000,0,0,0,-25000000,-25000000,-25000000,-0.007,-0.007,-0.007,Foreign
2328,2328,29,"Jan 10, 2014",The Adventurer: The Curse of the Midas Box,25000000,0,0,0,-25000000,-25000000,-25000000,-0.007,-0.007,-0.007,Foreign
2329,2329,30,"Dec 31, 2019",Reagan,25000000,0,0,0,-25000000,-25000000,-25000000,-0.007,-0.007,-0.007,Foreign
2365,2365,66,"Dec 31, 2007",Flood,24000000,0,4084232,4084232,-24000000,-19915768,-19915768,-0.007,-0.006,-0.006,Foreign
2398,2398,99,"May 5, 2017",ChÄi dÃ n zhuÄnjiÄ,23000000,0,58807172,58807172,-23000000,35807172,35807172,-0.007,0.01,0.01,Foreign
2399,2399,100,"Mar 15, 2011",Shi Yue Wei Cheng,23000000,0,44195779,44195779,-23000000,21195779,21195779,-0.007,0.006,0.006,Foreign
2451,2451,52,"Dec 31, 2013",Metegol,22000000,0,34061097,34061097,-22000000,12061097,12061097,-0.006,0.003,0.003,Foreign
2481,2481,82,"Feb 1, 2019",Velvet Buzzsaw,21000000,0,0,0,-21000000,-21000000,-21000000,-0.006,-0.006,-0.006,Foreign
2706,2706,7,"Dec 31, 2008",Admiral,20000000,0,38585047,38585047,-20000000,18585047,18585047,-0.006,0.005,0.005,Foreign
2707,2707,8,"Dec 31, 2012",Zambezia,20000000,0,34454336,34454336,-20000000,14454336,14454336,-0.006,0.004,0.004,Foreign
2708,2708,9,"Apr 13, 2010",Three Kingdoms: Resurrection of the Dragon,20000000,0,22139590,22139590,-20000000,2139590,2139590,-0.006,0.001,0.001,Foreign
2709,2709,10,"Mar 31, 2004",The Touch,20000000,0,5918742,5918742,-20000000,-14081258,-14081258,-0.006,-0.004,-0.004,Foreign
2710,2710,11,"May 29, 2015",Survivor,20000000,0,1703281,1703281,-20000000,-18296719,-18296719,-0.006,-0.005,-0.005,Foreign
2711,2711,12,"Nov 18, 2016",The History of Love,20000000,0,476624,476624,-20000000,-19523376,-19523376,-0.006,-0.006,-0.006,Foreign
2712,2712,13,"Dec 25, 2007",Butterfly on a Wheel,20000000,0,0,0,-20000000,-20000000,-20000000,-0.006,-0.006,-0.006,Foreign
2713,2713,14,"Aug 29, 2014",Dwegons and Leprechauns,20000000,0,0,0,-20000000,-20000000,-20000000,-0.006,-0.006,-0.006,Foreign
2714,2714,15,"Jul 22, 2016",Fight Valley,20000000,0,0,0,-20000000,-20000000,-20000000,-0.006,-0.006,-0.006,Foreign
2715,2715,16,"Dec 31, 2017",The Thousand Miles,20000000,0,0,0,-20000000,-20000000,-20000000,-0.006,-0.006,-0.006,Foreign
2716,2716,17,"Dec 13, 2018",Bird Box,19800000,0,0,0,-19800000,-19800000,-19800000,-0.006,-0.006,-0.006,Foreign
2721,2721,22,"Aug 23, 2013",The Frozen Ground,19200000,0,5617460,5617460,-19200000,-13582540,-13582540,-0.006,-0.004,-0.004,Foreign
2754,2754,55,"Mar 8, 2016",Out of the Inferno,19000000,0,0,0,-19000000,-19000000,-19000000,-0.005,-0.005,-0.005,Foreign
2848,2848,49,"Dec 31, 2008",I Come with the Rain,18000000,0,627422,627422,-18000000,-17372578,-17372578,-0.005,-0.005,-0.005,Foreign
2849,2849,50,"Apr 15, 2016",I Am Wrath,18000000,0,309608,309608,-18000000,-17690392,-17690392,-0.005,-0.005,-0.005,Foreign
2850,2850,51,"Nov 14, 2014",Wolves,18000000,0,94953,94953,-18000000,-17905047,-17905047,-0.005,-0.005,-0.005,Foreign
2851,2851,52,"Apr 8, 2008",Day of the Dead,18000000,0,0,0,-18000000,-18000000,-18000000,-0.005,-0.005,-0.005,Foreign
2852,2852,53,"Aug 22, 2014",The Prince,18000000,0,0,0,-18000000,-18000000,-18000000,-0.005,-0.005,-0.005,Foreign
2853,2853,54,"Feb 19, 2016",Forsaken,18000000,0,0,0,-18000000,-18000000,-18000000,-0.005,-0.005,-0.005,Foreign
2864,2864,65,"Dec 31, 2007",Taxi 4,17500000,0,60865364,60865364,-17500000,43365364,43365364,-0.005,0.013,0.013,Foreign
2912,2912,13,"Sep 26, 2017","Mune, le gardien de la lune",17000000,0,14534046,14534046,-17000000,-2465954,-2465954,-0.005,-0.001,-0.001,Foreign
2913,2913,14,"Jun 23, 2009",Chasseurs de dragons,17000000,0,13446115,13446115,-17000000,-3553885,-3553885,-0.005,-0.001,-0.001,Foreign
2914,2914,15,"Oct 21, 1977",Damnation Alley,17000000,0,0,0,-17000000,-17000000,-17000000,-0.005,-0.005,-0.005,Foreign
2915,2915,16,"Jul 12, 2019",Crawl,17000000,0,0,0,-17000000,-17000000,-17000000,-0.005,-0.005,-0.005,Foreign
2925,2925,26,"Dec 31, 2007",Arn - Tempelriddaren,16500000,0,21404122,21404122,-16500000,4904122,4904122,-0.005,0.001,0.001,Foreign
2979,2979,80,"May 11, 2010",Haeundae,16000000,0,64733391,64733391,-16000000,48733391,48733391,-0.005,0.014,0.014,Foreign
2980,2980,81,"Mar 9, 2010",Hachiko: A Dog's Story,16000000,0,47707417,47707417,-16000000,31707417,31707417,-0.005,0.009,0.009,Foreign
2981,2981,82,"Dec 31, 2013",Zulu,16000000,0,1844228,1844228,-16000000,-14155772,-14155772,-0.005,-0.004,-0.004,Foreign
3153,3153,54,"Dec 6, 2013",Khumba,15000000,0,20898221,20898221,-15000000,5898221,5898221,-0.004,0.002,0.002,Foreign
3154,3154,55,"May 5, 2015",A Few Best Men,15000000,0,17224539,17224539,-15000000,2224539,2224539,-0.004,0.001,0.001,Foreign
3155,3155,56,"Oct 10, 2014",AutÃ³mata,15000000,0,6775458,6775458,-15000000,-8224542,-8224542,-0.004,-0.002,-0.002,Foreign
3156,3156,57,"Dec 31, 2015",Chiamatemi Francesco - Il papa della gente,15000000,0,3925769,3925769,-15000000,-11074231,-11074231,-0.004,-0.003,-0.003,Foreign
3157,3157,58,"Dec 31, 2008",Bathory,15000000,0,3436763,3436763,-15000000,-11563237,-11563237,-0.004,-0.003,-0.003,Foreign
3158,3158,59,"Feb 5, 2010",San suk si gin,15000000,0,2013340,2013340,-15000000,-12986660,-12986660,-0.004,-0.004,-0.004,Foreign
3159,3159,60,"Dec 31, 2005",Dungeons & Dragons: Wrath of the Dragon God,15000000,0,909822,909822,-15000000,-14090178,-14090178,-0.004,-0.004,-0.004,Foreign
3160,3160,61,"Feb 17, 2017",In Dubious Battle,15000000,0,214182,214182,-15000000,-14785818,-14785818,-0.004,-0.004,-0.004,Foreign
3161,3161,62,"Sep 1, 2015",Broken Horses,15000000,0,3471,3471,-15000000,-14996529,-14996529,-0.004,-0.004,-0.004,Foreign
3162,3162,63,"Jun 29, 2001",Pandaemonium,15000000,0,0,0,-15000000,-15000000,-15000000,-0.004,-0.004,-0.004,Foreign
3163,3163,64,"Aug 14, 2019",Blinded by the Light,15000000,0,0,0,-15000000,-15000000,-15000000,-0.004,-0.004,-0.004,Foreign
3168,3168,69,"Jun 5, 2015",Freedom,14500000,0,872757,872757,-14500000,-13627243,-13627243,-0.004,-0.004,-0.004,Foreign
3227,3227,28,"Nov 1, 2016",Reign of Assassins,14000000,0,11354230,11354230,-14000000,-2645770,-2645770,-0.004,-0.001,-0.001,Foreign
3228,3228,29,"Oct 27, 2009",Stan Helsing: A Parody,14000000,0,1553556,1553556,-14000000,-12446444,-12446444,-0.004,-0.004,-0.004,Foreign
3231,3231,32,"Dec 31, 2008",Ca$h,13700000,0,11738256,11738256,-13700000,-1961744,-1961744,-0.004,-0.001,-0.001,Foreign
3311,3311,12,"Mar 30, 2012",Womb,13000000,0,0,0,-13000000,-13000000,-13000000,-0.004,-0.004,-0.004,Foreign
3312,3312,13,"Dec 31, 2019",Rogue City,13000000,0,0,0,-13000000,-13000000,-13000000,-0.004,-0.004,-0.004,Foreign
3448,3448,49,"Apr 7, 2009",1612,12000000,0,5400624,5400624,-12000000,-6599376,-6599376,-0.003,-0.002,-0.002,Foreign
3449,3449,50,"Dec 31, 2015",San cheng ji,12000000,0,1950194,1950194,-12000000,-10049806,-10049806,-0.003,-0.003,-0.003,Foreign
3450,3450,51,"Dec 31, 2011",Tu Xia Chuan Qi,12000000,0,1828400,1828400,-12000000,-10171600,-10171600,-0.003,-0.003,-0.003,Foreign
3451,3451,52,"Feb 10, 2010",Triangle,12000000,0,1594955,1594955,-12000000,-10405045,-10405045,-0.003,-0.003,-0.003,Foreign
3452,3452,53,"Oct 19, 2013",Supesu Batorushippu Yamato,12000000,0,0,0,-12000000,-12000000,-12000000,-0.003,-0.003,-0.003,Foreign
3453,3453,54,"Oct 3, 2014",Drive Hard,12000000,0,0,0,-12000000,-12000000,-12000000,-0.003,-0.003,-0.003,Foreign
3454,3454,55,"Oct 30, 2015",Dancin' It's On,12000000,0,0,0,-12000000,-12000000,-12000000,-0.003,-0.003,-0.003,Foreign
3455,3455,56,"Jun 5, 2009",Home,12000000,0,0,0,-12000000,-12000000,-12000000,-0.003,-0.003,-0.003,Foreign
3462,3462,63,"Nov 27, 2009",The Cry of the Owl,11500000,0,0,0,-11500000,-11500000,-11500000,-0.003,-0.003,-0.003,Foreign
3512,3512,13,"May 8, 2015",La famille BÃ©lier,11000000,0,82438670,82438670,-11000000,71438670,71438670,-0.003,0.021,0.021,Foreign
3513,3513,14,"May 4, 2012",LOL,11000000,0,10431506,10431506,-11000000,-568494,-568494,-0.003,-0.0,-0.0,Foreign
3514,3514,15,"Feb 5, 2016",Misconduct,11000000,0,2352511,2352511,-11000000,-8647489,-8647489,-0.003,-0.002,-0.002,Foreign
3515,3515,16,"Dec 31, 2019",Eli,11000000,0,0,0,-11000000,-11000000,-11000000,-0.003,-0.003,-0.003,Foreign
3531,3531,32,"Jan 4, 2019",PMC: deo beong-keo,10300000,0,12478635,12478635,-10300000,2178635,2178635,-0.003,0.001,0.001,Foreign
3732,3732,33,"Dec 31, 2010",The Reef,10000000,0,15037867,15037867,-10000000,5037867,5037867,-0.003,0.001,0.001,Foreign
3733,3733,34,"Jan 8, 2008",White Noise 2: The Light,10000000,0,8243567,8243567,-10000000,-1756433,-1756433,-0.003,-0.001,-0.001,Foreign
3734,3734,35,"Jul 21, 2015",American Heist,10000000,0,2341218,2341218,-10000000,-7658782,-7658782,-0.003,-0.002,-0.002,Foreign
3735,3735,36,"Oct 8, 2010",It's a Wonderful Afterlife,10000000,0,1642939,1642939,-10000000,-8357061,-8357061,-0.003,-0.002,-0.002,Foreign
3736,3736,37,"Jun 21, 2011",You Got Served: Beat The World,10000000,0,1230542,1230542,-10000000,-8769458,-8769458,-0.003,-0.003,-0.003,Foreign
3737,3737,38,"Aug 21, 2009",Fifty Dead Men Walking,10000000,0,997921,997921,-10000000,-9002079,-9002079,-0.003,-0.003,-0.003,Foreign
3738,3738,39,"Sep 26, 2014",Plastic,10000000,0,575371,575371,-10000000,-9424629,-9424629,-0.003,-0.003,-0.003,Foreign
3739,3739,40,"Mar 10, 2015",Jungle Shuffle,10000000,0,360898,360898,-10000000,-9639102,-9639102,-0.003,-0.003,-0.003,Foreign
3740,3740,41,"Sep 22, 2009",Adam Resurrected,10000000,0,90909,90909,-10000000,-9909091,-9909091,-0.003,-0.003,-0.003,Foreign
3741,3741,42,"May 26, 2009",The Devil's Tomb,10000000,0,0,0,-10000000,-10000000,-10000000,-0.003,-0.003,-0.003,Foreign
3742,3742,43,"Dec 31, 2009",Good Intentions,10000000,0,0,0,-10000000,-10000000,-10000000,-0.003,-0.003,-0.003,Foreign
3743,3743,44,"Feb 2, 2007",Partition,10000000,0,0,0,-10000000,-10000000,-10000000,-0.003,-0.003,-0.003,Foreign
3744,3744,45,"Apr 13, 2012",Detention,10000000,0,0,0,-10000000,-10000000,-10000000,-0.003,-0.003,-0.003,Foreign
3745,3745,46,"Feb 7, 2014",Nurse 3D,10000000,0,0,0,-10000000,-10000000,-10000000,-0.003,-0.003,-0.003,Foreign
3746,3746,47,"May 19, 2015",Into the Grizzly Maze,10000000,0,0,0,-10000000,-10000000,-10000000,-0.003,-0.003,-0.003,Foreign
3758,3758,59,"Dec 31, 2013",Re-Kill,9500000,0,0,0,-9500000,-9500000,-9500000,-0.003,-0.003,-0.003,Foreign
3766,3766,67,"Dec 31, 2011",Red Dog,9100000,0,20927794,20927794,-9100000,11827794,11827794,-0.003,0.003,0.003,Foreign
3767,3767,68,"Dec 31, 2010",Mine Vaganti,9100000,0,18872126,18872126,-9100000,9772126,9772126,-0.003,0.003,0.003,Foreign
3819,3819,20,"Jun 17, 2014",Beneath Hill 60,9000000,0,3440939,3440939,-9000000,-5559061,-5559061,-0.003,-0.002,-0.002,Foreign
3820,3820,21,"Jan 20, 2015",Veronika Decides to Die,9000000,0,2243,2243,-9000000,-8997757,-8997757,-0.003,-0.003,-0.003,Foreign
3821,3821,22,"Oct 10, 1968",Barbarella,9000000,0,0,0,-9000000,-9000000,-9000000,-0.003,-0.003,-0.003,Foreign
3822,3822,23,"Feb 1, 2013",A Haunting in Connecticut 2: The Ghosts of Georgia,9000000,0,0,0,-9000000,-9000000,-9000000,-0.003,-0.003,-0.003,Foreign
3825,3825,26,"Feb 26, 2011",Ultramarines,8900000,0,0,0,-8900000,-8900000,-8900000,-0.003,-0.003,-0.003,Foreign
3827,3827,28,"Dec 31, 2004",The I Inside,8800000,0,0,0,-8800000,-8800000,-8800000,-0.003,-0.003,-0.003,Foreign
3849,3849,50,"Dec 31, 2017",Posledniy bogatyr,8500000,0,30700192,30700192,-8500000,22200192,22200192,-0.002,0.006,0.006,Foreign
3850,3850,51,"Nov 1, 2016",A.C.O.R.N.S.: Operation Crackdown,8500000,0,1353287,1353287,-8500000,-7146713,-7146713,-0.002,-0.002,-0.002,Foreign
3857,3857,58,"Nov 24, 2006",Kurtlar vadisi - Irak,8300000,0,24906717,24906717,-8300000,16606717,16606717,-0.002,0.005,0.005,Foreign
3936,3936,37,"Dec 31, 2005",Welcome to Dongmakgol,8000000,0,48000000,48000000,-8000000,40000000,40000000,-0.002,0.012,0.012,Foreign
3937,3937,38,"Sep 20, 2013",Feichang Xingyun,8000000,0,21970000,21970000,-8000000,13970000,13970000,-0.002,0.004,0.004,Foreign
3938,3938,39,"Sep 29, 2017","Don Gato, el inicio de la pandilla",8000000,0,4604656,4604656,-8000000,-3395344,-3395344,-0.002,-0.001,-0.001,Foreign
3939,3939,40,"Sep 4, 2007",The Death and Life of Bobby Z,8000000,0,414617,414617,-8000000,-7585383,-7585383,-0.002,-0.002,-0.002,Foreign
3940,3940,41,"Apr 24, 2018",Backstabbing For Beginners,8000000,0,343773,343773,-8000000,-7656227,-7656227,-0.002,-0.002,-0.002,Foreign
3941,3941,42,"Aug 12, 2014",Swelter,8000000,0,44197,44197,-8000000,-7955803,-7955803,-0.002,-0.002,-0.002,Foreign
3942,3942,43,"Nov 30, 2007",Maurice Richard,8000000,0,0,0,-8000000,-8000000,-8000000,-0.002,-0.002,-0.002,Foreign
3943,3943,44,"Feb 24, 2015",Green Street Hooligans: Underground,8000000,0,0,0,-8000000,-8000000,-8000000,-0.002,-0.002,-0.002,Foreign
3944,3944,45,"Dec 31, 2009",Christmas in Beverly Hills,8000000,0,0,0,-8000000,-8000000,-8000000,-0.002,-0.002,-0.002,Foreign
3945,3945,46,"Dec 31, 2015",Henry Joseph Church,8000000,0,0,0,-8000000,-8000000,-8000000,-0.002,-0.002,-0.002,Foreign
3946,3946,47,"May 6, 2016",Code of Honor,8000000,0,0,0,-8000000,-8000000,-8000000,-0.002,-0.002,-0.002,Foreign
3947,3947,48,"Jun 21, 2019",Burn Your Maps,8000000,0,0,0,-8000000,-8000000,-8000000,-0.002,-0.002,-0.002,Foreign
3972,3972,73,"Dec 31, 2001",The Hole,7500000,0,10834406,10834406,-7500000,3334406,3334406,-0.002,0.001,0.001,Foreign
3973,3973,74,"Jan 9, 2015",Black November,7500000,0,32572,32572,-7500000,-7467428,-7467428,-0.002,-0.002,-0.002,Foreign
3974,3974,75,"Feb 24, 2015",Outside Bet,7500000,0,13524,13524,-7500000,-7486476,-7486476,-0.002,-0.002,-0.002,Foreign
3975,3975,76,"May 15, 2015",Pound of Flesh,7500000,0,0,0,-7500000,-7500000,-7500000,-0.002,-0.002,-0.002,Foreign
3981,3981,82,"May 27, 2011",Die Welle,7250000,0,35122948,35122948,-7250000,27872948,27872948,-0.002,0.008,0.008,Foreign
4061,4061,62,"Jan 28, 2014",Snezhnaya koroleva,7000000,0,15193977,15193977,-7000000,8193977,8193977,-0.002,0.002,0.002,Foreign
4062,4062,63,"Dec 6, 2016",Oddball,7000000,0,10237229,10237229,-7000000,3237229,3237229,-0.002,0.001,0.001,Foreign
4063,4063,64,"Aug 18, 2015",Z Storm,7000000,0,2053330,2053330,-7000000,-4946670,-4946670,-0.002,-0.001,-0.001,Foreign
4064,4064,65,"Dec 31, 2015",Geroy,7000000,0,1545121,1545121,-7000000,-5454879,-5454879,-0.002,-0.002,-0.002,Foreign
4065,4065,66,"Jul 23, 2013",Twixt,7000000,0,1268346,1268346,-7000000,-5731654,-5731654,-0.002,-0.002,-0.002,Foreign
4066,4066,67,"Nov 20, 2015",Criminal Activities,7000000,0,386744,386744,-7000000,-6613256,-6613256,-0.002,-0.002,-0.002,Foreign
4067,4067,68,"Dec 11, 2007",High School Musical 2,7000000,0,0,0,-7000000,-7000000,-7000000,-0.002,-0.002,-0.002,Foreign
4068,4068,69,"Dec 12, 2008",The Kings of Appletown,7000000,0,0,0,-7000000,-7000000,-7000000,-0.002,-0.002,-0.002,Foreign
4069,4069,70,"Mar 11, 2008",Stargate - The Ark of Truth,7000000,0,0,0,-7000000,-7000000,-7000000,-0.002,-0.002,-0.002,Foreign
4070,4070,71,"Sep 1, 2015",Alpha & Omega: The Legend of the Saw Tooth Cave,7000000,0,0,0,-7000000,-7000000,-7000000,-0.002,-0.002,-0.002,Foreign
4074,4074,75,"Jan 31, 2017",Two Lovers and a Bear,6840000,0,22273,22273,-6840000,-6817727,-6817727,-0.002,-0.002,-0.002,Foreign
4103,4103,4,"Dec 31, 2011",Tracker,6500000,0,3149,3149,-6500000,-6496851,-6496851,-0.002,-0.002,-0.002,Foreign
4189,4189,90,"Aug 12, 2005",11:14,6000000,0,0,0,-6000000,-6000000,-6000000,-0.002,-0.002,-0.002,Foreign
4190,4190,91,"Feb 9, 2010",Icarus,6000000,0,0,0,-6000000,-6000000,-6000000,-0.002,-0.002,-0.002,Foreign
4191,4191,92,"Dec 19, 1995",Men of War,6000000,0,0,0,-6000000,-6000000,-6000000,-0.002,-0.002,-0.002,Foreign
4192,4192,93,"Mar 15, 2011",A Shine of Rainbows,6000000,0,0,0,-6000000,-6000000,-6000000,-0.002,-0.002,-0.002,Foreign
4193,4193,94,"Dec 31, 2011",Freaky Deaky,6000000,0,0,0,-6000000,-6000000,-6000000,-0.002,-0.002,-0.002,Foreign
4194,4194,95,"May 10, 2011",The Hit List,6000000,0,0,0,-6000000,-6000000,-6000000,-0.002,-0.002,-0.002,Foreign
4232,4232,33,"May 5, 2015",Miss Julie,5500000,0,863895,863895,-5500000,-4636105,-4636105,-0.002,-0.001,-0.001,Foreign
4233,4233,34,"Dec 31, 2008",Animals,5500000,0,0,0,-5500000,-5500000,-5500000,-0.002,-0.002,-0.002,Foreign
4235,4235,36,"Feb 26, 2013",Tao Jie,5400000,0,4728896,4728896,-5400000,-671104,-671104,-0.002,-0.0,-0.0,Foreign
4237,4237,38,"Jul 19, 2013",Grabbers,5300000,0,440821,440821,-5300000,-4859179,-4859179,-0.002,-0.001,-0.001,Foreign
4242,4242,43,"Feb 24, 2017",The Girl with all the Gifts,5250000,0,4801837,4801837,-5250000,-448163,-448163,-0.002,-0.0,-0.0,Foreign
4381,4381,82,"Oct 26, 2012",Mientras duermes,5000000,0,9109597,9109597,-5000000,4109597,4109597,-0.001,0.001,0.001,Foreign
4382,4382,83,"Jul 7, 2009",Flying By,5000000,0,4568257,4568257,-5000000,-431743,-431743,-0.001,-0.0,-0.0,Foreign
4383,4383,84,"Dec 31, 2008",The Cottage,5000000,0,1504960,1504960,-5000000,-3495040,-3495040,-0.001,-0.001,-0.001,Foreign
4384,4384,85,"Dec 5, 2014",Dying of the Light,5000000,0,74639,74639,-5000000,-4925361,-4925361,-0.001,-0.001,-0.001,Foreign
4385,4385,86,"Sep 2, 2016",Yoga Hosers,5000000,0,22958,22958,-5000000,-4977042,-4977042,-0.001,-0.001,-0.001,Foreign
4386,4386,87,"Feb 17, 2009",Dead Like Me: Life After Death,5000000,0,0,0,-5000000,-5000000,-5000000,-0.001,-0.001,-0.001,Foreign
4387,4387,88,"Jan 30, 2007",Farce of the Penguins,5000000,0,0,0,-5000000,-5000000,-5000000,-0.001,-0.001,-0.001,Foreign
4388,4388,89,"Dec 31, 2010",Psych 9,5000000,0,0,0,-5000000,-5000000,-5000000,-0.001,-0.001,-0.001,Foreign
4389,4389,90,"Nov 21, 2014",Reach Me,5000000,0,0,0,-5000000,-5000000,-5000000,-0.001,-0.001,-0.001,Foreign
4390,4390,91,"Aug 18, 2014",Henry & Me,5000000,0,0,0,-5000000,-5000000,-5000000,-0.001,-0.001,-0.001,Foreign
4391,4391,92,"Jan 27, 2015",Born of War,5000000,0,0,0,-5000000,-5000000,-5000000,-0.001,-0.001,-0.001,Foreign
4392,4392,93,"Jan 9, 2015",Let's Kill Ward's Wife,5000000,0,0,0,-5000000,-5000000,-5000000,-0.001,-0.001,-0.001,Foreign
4393,4393,94,"Jan 13, 2015",Capricorn One,5000000,0,0,0,-5000000,-5000000,-5000000,-0.001,-0.001,-0.001,Foreign
4394,4394,95,"Dec 31, 2011",We Have Your Husband,5000000,0,0,0,-5000000,-5000000,-5000000,-0.001,-0.001,-0.001,Foreign
4395,4395,96,"Dec 31, 2012",Should've Been Romeo,5000000,0,0,0,-5000000,-5000000,-5000000,-0.001,-0.001,-0.001,Foreign
4396,4396,97,"Dec 31, 2015",Aztec Warrior,5000000,0,0,0,-5000000,-5000000,-5000000,-0.001,-0.001,-0.001,Foreign
4397,4397,98,"Sep 25, 2015",Navy SEAL vs. Zombies,5000000,0,0,0,-5000000,-5000000,-5000000,-0.001,-0.001,-0.001,Foreign
4398,4398,99,"Mar 15, 2016",The Hatching,5000000,0,0,0,-5000000,-5000000,-5000000,-0.001,-0.001,-0.001,Foreign
4399,4399,100,"Oct 27, 2015",Running Forever,5000000,0,0,0,-5000000,-5000000,-5000000,-0.001,-0.001,-0.001,Foreign
4413,4413,14,"Dec 31, 2011",Without Men,4700000,0,0,0,-4700000,-4700000,-4700000,-0.001,-0.001,-0.001,Foreign
4414,4414,15,"Mar 10, 2015",Treading Water,4700000,0,0,0,-4700000,-4700000,-4700000,-0.001,-0.001,-0.001,Foreign
4454,4454,55,"Jun 25, 2013",Hansel & Gretel Get Baked,4500000,0,0,0,-4500000,-4500000,-4500000,-0.001,-0.001,-0.001,Foreign
4455,4455,56,"Nov 7, 2014",Fugly,4500000,0,0,0,-4500000,-4500000,-4500000,-0.001,-0.001,-0.001,Foreign
4456,4456,57,"Aug 28, 2015",Zipper,4500000,0,0,0,-4500000,-4500000,-4500000,-0.001,-0.001,-0.001,Foreign
4457,4457,58,"Nov 3, 2015",The Final Girls,4500000,0,0,0,-4500000,-4500000,-4500000,-0.001,-0.001,-0.001,Foreign
4458,4458,59,"Dec 1, 2017",Daisy Winters,4500000,0,0,0,-4500000,-4500000,-4500000,-0.001,-0.001,-0.001,Foreign
4461,4461,62,"Dec 31, 2016",Airlift (2016),4400000,0,9969237,9969237,-4400000,5569237,5569237,-0.001,0.002,0.002,Foreign
4462,4462,63,"Sep 29, 2015",R.L. Stine's Monsterville: The Cabinet of Souls,4400000,0,0,0,-4400000,-4400000,-4400000,-0.001,-0.001,-0.001,Foreign
4463,4463,64,"Jun 6, 2014",Anna,4357373,0,1200000,1200000,-4357373,-3157373,-3157373,-0.001,-0.001,-0.001,Foreign
4472,4472,73,"Oct 21, 2011",Cargo,4200000,0,313230,313230,-4200000,-3886770,-3886770,-0.001,-0.001,-0.001,Foreign
4473,4473,74,"May 23, 2006",High School Musical,4200000,0,0,0,-4200000,-4200000,-4200000,-0.001,-0.001,-0.001,Foreign
4553,4553,54,"Dec 31, 2017",Perfectos Desconocidos,4000000,0,31166312,31166312,-4000000,27166312,27166312,-0.001,0.008,0.008,Foreign
4554,4554,55,"Dec 31, 2013",Geograf globus propil,4000000,0,4454853,4454853,-4000000,454853,454853,-0.001,0.0,0.0,Foreign
4555,4555,56,"Mar 20, 2012",A Lonely Place to Die,4000000,0,442550,442550,-4000000,-3557450,-3557450,-0.001,-0.001,-0.001,Foreign
4556,4556,57,"Dec 31, 2003",Nothing,4000000,0,63180,63180,-4000000,-3936820,-3936820,-0.001,-0.001,-0.001,Foreign
4557,4557,58,"Jun 1, 2012",The Loved Ones,4000000,0,12302,12302,-4000000,-3987698,-3987698,-0.001,-0.001,-0.001,Foreign
4558,4558,59,"Nov 9, 1972",1776,4000000,0,0,0,-4000000,-4000000,-4000000,-0.001,-0.001,-0.001,Foreign
4559,4559,60,"Nov 15, 1930",Hell's Angels,4000000,0,0,0,-4000000,-4000000,-4000000,-0.001,-0.001,-0.001,Foreign
4560,4560,61,"Aug 26, 2008",Purple Violets,4000000,0,0,0,-4000000,-4000000,-4000000,-0.001,-0.001,-0.001,Foreign
4561,4561,62,"Nov 9, 2012",Replicas,4000000,0,0,0,-4000000,-4000000,-4000000,-0.001,-0.001,-0.001,Foreign
4562,4562,63,"Dec 31, 2012",The Helpers,4000000,0,0,0,-4000000,-4000000,-4000000,-0.001,-0.001,-0.001,Foreign
4563,4563,64,"Dec 31, 2015",The Veil,4000000,0,0,0,-4000000,-4000000,-4000000,-0.001,-0.001,-0.001,Foreign
4564,4564,65,"Jul 11, 2014",The Perfect Wave,4000000,0,0,0,-4000000,-4000000,-4000000,-0.001,-0.001,-0.001,Foreign
4565,4565,66,"Dec 31, 2012",How to Fall in Love,4000000,0,0,0,-4000000,-4000000,-4000000,-0.001,-0.001,-0.001,Foreign
4566,4566,67,"Sep 8, 2015",Chain of Command,4000000,0,0,0,-4000000,-4000000,-4000000,-0.001,-0.001,-0.001,Foreign
4575,4575,76,"Dec 31, 1974",The Taking of Pelham One Two Three,3800000,0,0,0,-3800000,-3800000,-3800000,-0.001,-0.001,-0.001,Foreign
4586,4586,87,"Dec 31, 2017",UtÃ¸ya 22. juli,3600000,0,173156,173156,-3600000,-3426844,-3426844,-0.001,-0.001,-0.001,Foreign
4624,4624,25,"Dec 31, 2011",The Kick,3500000,0,40622,40622,-3500000,-3459378,-3459378,-0.001,-0.001,-0.001,Foreign
4625,4625,26,"Jun 30, 2009",The Betrayed,3500000,0,0,0,-3500000,-3500000,-3500000,-0.001,-0.001,-0.001,Foreign
4626,4626,27,"Oct 1, 2006",The Secret,3500000,0,0,0,-3500000,-3500000,-3500000,-0.001,-0.001,-0.001,Foreign
4627,4627,28,"Jun 28, 2011",2:13,3500000,0,0,0,-3500000,-3500000,-3500000,-0.001,-0.001,-0.001,Foreign
4628,4628,29,"Jan 29, 2013","Batman: The Dark Knight Returns, Part 2",3500000,0,0,0,-3500000,-3500000,-3500000,-0.001,-0.001,-0.001,Foreign
4629,4629,30,"Mar 11, 2014",In the Name of the King III,3500000,0,0,0,-3500000,-3500000,-3500000,-0.001,-0.001,-0.001,Foreign
4630,4630,31,"Mar 4, 2014",Wicked Blood,3500000,0,0,0,-3500000,-3500000,-3500000,-0.001,-0.001,-0.001,Foreign
4631,4631,32,"Jun 5, 2015",Dawn Patrol,3500000,0,0,0,-3500000,-3500000,-3500000,-0.001,-0.001,-0.001,Foreign
4633,4633,34,"Sep 1, 2015",Lords of London,3440000,0,0,0,-3440000,-3440000,-3440000,-0.001,-0.001,-0.001,Foreign
4640,4640,41,"Mar 3, 2015",To Write Love On Her Arms,3400000,0,0,0,-3400000,-3400000,-3400000,-0.001,-0.001,-0.001,Foreign
4641,4641,42,"Feb 16, 1956",Carousel,3380000,0,3604,3604,-3380000,-3376396,-3376396,-0.001,-0.001,-0.001,Foreign
4647,4647,48,"Jan 20, 2015",The Opposite Sex,3300000,0,50206,50206,-3300000,-3249794,-3249794,-0.001,-0.001,-0.001,Foreign
4662,4662,63,"Apr 12, 2013",Antiviral,3100000,0,123407,123407,-3100000,-2976593,-2976593,-0.001,-0.001,-0.001,Foreign
4755,4755,56,"Oct 10, 2017",Demonic,3000000,0,4668109,4668109,-3000000,1668109,1668109,-0.001,0.0,0.0,Foreign
4756,4756,57,"Apr 15, 2008",Ã l\'intÃ©rieur,3000000,0,895932,895932,-3000000,-2104068,-2104068,-0.001,-0.001,-0.001,Foreign
4757,4757,58,"Jun 27, 2014",They Came Together,3000000,0,82780,82780,-3000000,-2917220,-2917220,-0.001,-0.001,-0.001,Foreign
4758,4758,59,"May 21, 2013",Open Road,3000000,0,47469,47469,-3000000,-2952531,-2952531,-0.001,-0.001,-0.001,Foreign
4759,4759,60,"Jul 28, 1951",Alice in Wonderland,3000000,0,0,0,-3000000,-3000000,-3000000,-0.001,-0.001,-0.001,Foreign
4760,4760,61,"Oct 1, 2010",Barry Munday,3000000,0,0,0,-3000000,-3000000,-3000000,-0.001,-0.001,-0.001,Foreign
4761,4761,62,"Dec 31, 2009",The Deported,3000000,0,0,0,-3000000,-3000000,-3000000,-0.001,-0.001,-0.001,Foreign
4762,4762,63,"Dec 31, 2009",Chicago Overcoat,3000000,0,0,0,-3000000,-3000000,-3000000,-0.001,-0.001,-0.001,Foreign
4763,4763,64,"Sep 13, 2011",Never Back Down 2: The Beatdown,3000000,0,0,0,-3000000,-3000000,-3000000,-0.001,-0.001,-0.001,Foreign
4764,4764,65,"Dec 31, 2015",AWOL-72,3000000,0,0,0,-3000000,-3000000,-3000000,-0.001,-0.001,-0.001,Foreign
4765,4765,66,"Jan 15, 2013",30 Nights Of Paranormal Activity With The Devil Inside The Girl With The Dragon Tattoo,3000000,0,0,0,-3000000,-3000000,-3000000,-0.001,-0.001,-0.001,Foreign
4766,4766,67,"Feb 6, 2015",Enter the Dangerous Mind,3000000,0,0,0,-3000000,-3000000,-3000000,-0.001,-0.001,-0.001,Foreign
4767,4767,68,"Mar 17, 2015",Something Wicked,3000000,0,0,0,-3000000,-3000000,-3000000,-0.001,-0.001,-0.001,Foreign
4768,4768,69,"Sep 18, 1967",Point Blank,3000000,0,0,0,-3000000,-3000000,-3000000,-0.001,-0.001,-0.001,Foreign
4769,4769,70,"Oct 27, 2014",Iguana,3000000,0,0,0,-3000000,-3000000,-3000000,-0.001,-0.001,-0.001,Foreign
4770,4770,71,"Dec 31, 2009",Four Single Fathers,3000000,0,0,0,-3000000,-3000000,-3000000,-0.001,-0.001,-0.001,Foreign
4771,4771,72,"Aug 14, 2015",Amnesiac,3000000,0,0,0,-3000000,-3000000,-3000000,-0.001,-0.001,-0.001,Foreign
4772,4772,73,"Dec 31, 2015",Unnatural,3000000,0,0,0,-3000000,-3000000,-3000000,-0.001,-0.001,-0.001,Foreign
4773,4773,74,"Dec 11, 2015",Close Range,3000000,0,0,0,-3000000,-3000000,-3000000,-0.001,-0.001,-0.001,Foreign
4794,4794,95,"Dec 31, 2015",Sardaar Ji,2700000,0,8200000,8200000,-2700000,5500000,5500000,-0.001,0.002,0.002,Foreign
4795,4795,96,"Dec 31, 2008",Rejsen til Saturn,2700000,0,5377665,5377665,-2700000,2677665,2677665,-0.001,0.001,0.001,Foreign
4797,4797,98,"Jan 12, 1956",Diane,2660000,0,0,0,-2660000,-2660000,-2660000,-0.001,-0.001,-0.001,Foreign
4806,4806,7,"Dec 31, 2011",La Cara Oculta,2600000,0,7033931,7033931,-2600000,4433931,4433931,-0.001,0.001,0.001,Foreign
4807,4807,8,"Dec 7, 2007",Timber Falls,2600000,0,71248,71248,-2600000,-2528752,-2528752,-0.001,-0.001,-0.001,Foreign
4808,4808,9,"Dec 31, 2008",Silver Medalist,2600000,0,0,0,-2600000,-2600000,-2600000,-0.001,-0.001,-0.001,Foreign
4809,4809,10,"Apr 1, 2011","Fat, Sick & Nearly Dead",2600000,0,0,0,-2600000,-2600000,-2600000,-0.001,-0.001,-0.001,Foreign
4842,4842,43,"Dec 31, 2009",The Calling,2500000,0,0,0,-2500000,-2500000,-2500000,-0.001,-0.001,-0.001,Foreign
4843,4843,44,"Jun 21, 2013",Alien Uprising,2500000,0,0,0,-2500000,-2500000,-2500000,-0.001,-0.001,-0.001,Foreign
4844,4844,45,"Dec 31, 2010",Christmas Mail,2500000,0,0,0,-2500000,-2500000,-2500000,-0.001,-0.001,-0.001,Foreign
4845,4845,46,"Jul 3, 2015",Stung,2500000,0,0,0,-2500000,-2500000,-2500000,-0.001,-0.001,-0.001,Foreign
4846,4846,47,"Sep 1, 2017",Sky Sharks,2500000,0,0,0,-2500000,-2500000,-2500000,-0.001,-0.001,-0.001,Foreign
4847,4847,48,"Oct 13, 2015",8 Days,2500000,0,0,0,-2500000,-2500000,-2500000,-0.001,-0.001,-0.001,Foreign
4848,4848,49,"Sep 2, 2016",Antibirth,2500000,0,0,0,-2500000,-2500000,-2500000,-0.001,-0.001,-0.001,Foreign
4849,4849,50,"Feb 2, 2016",The Rise of the Krays,2500000,0,0,0,-2500000,-2500000,-2500000,-0.001,-0.001,-0.001,Foreign
4850,4850,51,"Dec 31, 2014",Not Safe For Work,2500000,0,0,0,-2500000,-2500000,-2500000,-0.001,-0.001,-0.001,Foreign
4855,4855,56,"Dec 31, 2009",NiktÃ©,2400000,0,1333891,1333891,-2400000,-1066109,-1066109,-0.001,-0.0,-0.0,Foreign
4856,4856,57,"Nov 14, 2014",Always Woodstock,2400000,0,0,0,-2400000,-2400000,-2400000,-0.001,-0.001,-0.001,Foreign
4864,4864,65,"Apr 15, 2015",The Toxic Avenger Part II,2300000,0,0,0,-2300000,-2300000,-2300000,-0.001,-0.001,-0.001,Foreign
4865,4865,66,"Jan 19, 2016",Eden,2300000,0,0,0,-2300000,-2300000,-2300000,-0.001,-0.001,-0.001,Foreign
4866,4866,67,"Jun 19, 1987",The Brave Little Toaster,2300000,0,0,0,-2300000,-2300000,-2300000,-0.001,-0.001,-0.001,Foreign
4873,4873,74,"Dec 31, 2008",Impact Point,2200000,0,0,0,-2200000,-2200000,-2200000,-0.001,-0.001,-0.001,Foreign
4875,4875,76,"Dec 31, 2005",Chicken Tikka Masala,2160000,0,37865,37865,-2160000,-2122135,-2122135,-0.001,-0.001,-0.001,Foreign
4876,4876,77,"Oct 7, 2008",Jack Brooks: Monster Slayer,2150000,0,0,0,-2150000,-2150000,-2150000,-0.001,-0.001,-0.001,Foreign
4881,4881,82,"Jul 14, 2009",[Rec],2100000,0,23266821,23266821,-2100000,21166821,21166821,-0.001,0.006,0.006,Foreign
4882,4882,83,"Dec 31, 2012",Infected,2100000,0,0,0,-2100000,-2100000,-2100000,-0.001,-0.001,-0.001,Foreign
4883,4883,84,"Dec 31, 2010",Lies in Plain Sight,2100000,0,0,0,-2100000,-2100000,-2100000,-0.001,-0.001,-0.001,Foreign
4884,4884,85,"Oct 6, 2015",The Timber,2100000,0,0,0,-2100000,-2100000,-2100000,-0.001,-0.001,-0.001,Foreign
4885,4885,86,"Jan 19, 2016",Sharkskin,2100000,0,0,0,-2100000,-2100000,-2100000,-0.001,-0.001,-0.001,Foreign
4974,4974,75,"Dec 29, 2009",Lesbian Vampire Killers,2000000,0,3620902,3620902,-2000000,1620902,1620902,-0.001,0.0,0.0,Foreign
4975,4975,76,"Sep 9, 2011",Grave Encounters,2000000,0,2151887,2151887,-2000000,151887,151887,-0.001,0.0,0.0,Foreign
4976,4976,77,"Oct 23, 2015",Bone Tomahawk,2000000,0,475846,475846,-2000000,-1524154,-1524154,-0.001,-0.0,-0.0,Foreign
4977,4977,78,"Dec 10, 2004",Freeze Frame,2000000,0,105377,105377,-2000000,-1894623,-1894623,-0.001,-0.001,-0.001,Foreign
4978,4978,79,"Apr 1, 2013",Stitches,2000000,0,63555,63555,-2000000,-1936445,-1936445,-0.001,-0.001,-0.001,Foreign
4979,4979,80,"Dec 31, 2015","To Be Frank, Sinatra at 100",2000000,0,926,926,-2000000,-1999074,-1999074,-0.001,-0.001,-0.001,Foreign
4980,4980,81,"Apr 28, 1971",Bananas,2000000,0,0,0,-2000000,-2000000,-2000000,-0.001,-0.001,-0.001,Foreign
4981,4981,82,"Dec 31, 2009",Nine Dead,2000000,0,0,0,-2000000,-2000000,-2000000,-0.001,-0.001,-0.001,Foreign
4982,4982,83,"Oct 14, 2008",No Man's Land: The Rise of Reeker,2000000,0,0,0,-2000000,-2000000,-2000000,-0.001,-0.001,-0.001,Foreign
4983,4983,84,"Jul 7, 2007",Rockaway,2000000,0,0,0,-2000000,-2000000,-2000000,-0.001,-0.001,-0.001,Foreign
4984,4984,85,"Aug 12, 1927",Wings,2000000,0,0,0,-2000000,-2000000,-2000000,-0.001,-0.001,-0.001,Foreign
4985,4985,86,"Mar 17, 2015",The Lady from Shanghai,2000000,0,0,0,-2000000,-2000000,-2000000,-0.001,-0.001,-0.001,Foreign
4986,4986,87,"Mar 19, 2013",Straight A's,2000000,0,0,0,-2000000,-2000000,-2000000,-0.001,-0.001,-0.001,Foreign
4987,4987,88,"Mar 30, 2012",The Legend of Hellâs Gate: An American Conspiracy,2000000,0,0,0,-2000000,-2000000,-2000000,-0.001,-0.001,-0.001,Foreign
4988,4988,89,"Dec 31, 2012",Highway,2000000,0,0,0,-2000000,-2000000,-2000000,-0.001,-0.001,-0.001,Foreign
4989,4989,90,"Feb 8, 2013",Small Apartments,2000000,0,0,0,-2000000,-2000000,-2000000,-0.001,-0.001,-0.001,Foreign
4990,4990,91,"Jul 9, 2013",Coffee Town,2000000,0,0,0,-2000000,-2000000,-2000000,-0.001,-0.001,-0.001,Foreign
4991,4991,92,"Dec 31, 2014",Lucky Dog,2000000,0,0,0,-2000000,-2000000,-2000000,-0.001,-0.001,-0.001,Foreign
4992,4992,93,"Dec 31, 2001",Pendulum,2000000,0,0,0,-2000000,-2000000,-2000000,-0.001,-0.001,-0.001,Foreign
4993,4993,94,"Oct 16, 1966",A Funny Thing Happened on the Way to the Forum,2000000,0,0,0,-2000000,-2000000,-2000000,-0.001,-0.001,-0.001,Foreign
4994,4994,95,"Sep 23, 2008",Slacker Uprising,2000000,0,0,0,-2000000,-2000000,-2000000,-0.001,-0.001,-0.001,Foreign
4995,4995,96,"Mar 20, 2015",The Walking Deceased,2000000,0,0,0,-2000000,-2000000,-2000000,-0.001,-0.001,-0.001,Foreign
4996,4996,97,"Dec 31, 2011",True Bromance,2000000,0,0,0,-2000000,-2000000,-2000000,-0.001,-0.001,-0.001,Foreign
4997,4997,98,"Aug 21, 2015",The Curse of Downers Grove,2000000,0,0,0,-2000000,-2000000,-2000000,-0.001,-0.001,-0.001,Foreign
4998,4998,99,"Dec 31, 2015",Wind Walkers,2000000,0,0,0,-2000000,-2000000,-2000000,-0.001,-0.001,-0.001,Foreign
4999,4999,100,"Jul 8, 2016",The Dog Lover,2000000,0,0,0,-2000000,-2000000,-2000000,-0.001,-0.001,-0.001,Foreign
5000,5000,1,"Dec 1, 2015",Shark Lake,2000000,0,0,0,-2000000,-2000000,-2000000,-0.001,-0.001,-0.001,Foreign
5002,5002,3,"Apr 21, 2015",The Marine 4,1950000,0,0,0,-1950000,-1950000,-1950000,-0.001,-0.001,-0.001,Foreign
5012,5012,13,"Jul 26, 2013",Stranded,1900000,0,285593,285593,-1900000,-1614407,-1614407,-0.001,-0.0,-0.0,Foreign
5013,5013,14,"Dec 31, 2015",Vaalu,1900000,0,12444,12444,-1900000,-1887556,-1887556,-0.001,-0.001,-0.001,Foreign
5028,5028,29,"Dec 31, 2009",Deadline,1800000,0,0,0,-1800000,-1800000,-1800000,-0.001,-0.001,-0.001,Foreign
5029,5029,30,"Mar 13, 2007",Sublime,1800000,0,0,0,-1800000,-1800000,-1800000,-0.001,-0.001,-0.001,Foreign
5030,5030,31,"Feb 3, 2012",Dysfunctional Friends,1800000,0,0,0,-1800000,-1800000,-1800000,-0.001,-0.001,-0.001,Foreign
5031,5031,32,"Dec 31, 2013",Independence Daysaster,1800000,0,0,0,-1800000,-1800000,-1800000,-0.001,-0.001,-0.001,Foreign
5032,5032,33,"Mar 11, 2014",Against the Wild,1800000,0,0,0,-1800000,-1800000,-1800000,-0.001,-0.001,-0.001,Foreign
5033,5033,34,"Oct 20, 2015",Beginnerâs Guide to Sex,1800000,0,0,0,-1800000,-1800000,-1800000,-0.001,-0.001,-0.001,Foreign
5037,5037,38,"Apr 23, 2019",Living Dark: The Story of Ted the Caver,1750000,0,0,0,-1750000,-1750000,-1750000,-0.001,-0.001,-0.001,Foreign
5047,5047,48,"Feb 1, 2019",Braid,1660000,0,80745,80745,-1660000,-1579255,-1579255,-0.0,-0.0,-0.0,Foreign
5061,5061,62,"Aug 5, 1955",The Kingâs Thief,1577000,0,0,0,-1577000,-1577000,-1577000,-0.0,-0.0,-0.0,Foreign
5106,5106,7,"Oct 17, 2014",Housebound,1500000,0,236863,236863,-1500000,-1263137,-1263137,-0.0,-0.0,-0.0,Foreign
5107,5107,8,"Jul 20, 2018",Teefa in Trouble,1500000,0,98806,98806,-1500000,-1401194,-1401194,-0.0,-0.0,-0.0,Foreign
5108,5108,9,"Nov 4, 2005",Wal-Mart: The High Cost of Low Price,1500000,0,58692,58692,-1500000,-1441308,-1441308,-0.0,-0.0,-0.0,Foreign
5109,5109,10,"Apr 17, 2014",Closer to the Moon,1500000,0,5396,5396,-1500000,-1494604,-1494604,-0.0,-0.0,-0.0,Foreign
5110,5110,11,"Mar 17, 2006",Fetching Cody,1500000,0,0,0,-1500000,-1500000,-1500000,-0.0,-0.0,-0.0,Foreign
5111,5111,12,"Jun 3, 2011",The Lion of Judah,1500000,0,0,0,-1500000,-1500000,-1500000,-0.0,-0.0,-0.0,Foreign
5112,5112,13,"Nov 11, 2014",Once Upon a Time in Queens,1500000,0,0,0,-1500000,-1500000,-1500000,-0.0,-0.0,-0.0,Foreign
5113,5113,14,"Feb 13, 2015",Girlhouse,1500000,0,0,0,-1500000,-1500000,-1500000,-0.0,-0.0,-0.0,Foreign
5114,5114,15,"May 26, 2015",Mutant World,1500000,0,0,0,-1500000,-1500000,-1500000,-0.0,-0.0,-0.0,Foreign
5115,5115,16,"Nov 20, 2015",#Horror,1500000,0,0,0,-1500000,-1500000,-1500000,-0.0,-0.0,-0.0,Foreign
5116,5116,17,"Sep 8, 2015",Checkmate,1500000,0,0,0,-1500000,-1500000,-1500000,-0.0,-0.0,-0.0,Foreign
5125,5125,26,"May 1, 2010",My Girlfriend's Boyfriend,1400000,0,0,0,-1400000,-1400000,-1400000,-0.0,-0.0,-0.0,Foreign
5126,5126,27,"Dec 31, 2014",Kurmanjan datka,1400000,0,0,0,-1400000,-1400000,-1400000,-0.0,-0.0,-0.0,Foreign
5127,5127,28,"Dec 31, 2014",House at the End of the Drive,1400000,0,0,0,-1400000,-1400000,-1400000,-0.0,-0.0,-0.0,Foreign
5128,5128,29,"Jul 6, 1966",Batman - The Movie,1377800,0,0,0,-1377800,-1377800,-1377800,-0.0,-0.0,-0.0,Foreign
5143,5143,44,"May 24, 2011",Forget Me Not,1300000,0,13465,13465,-1300000,-1286535,-1286535,-0.0,-0.0,-0.0,Foreign
5144,5144,45,"Jun 8, 2010",The 41-Year-Old Virgin Who Knocked Up Sarah Marshall and Felt Superbad About It,1300000,0,0,0,-1300000,-1300000,-1300000,-0.0,-0.0,-0.0,Foreign
5145,5145,46,"Jun 26, 2015",The Algerian,1300000,0,0,0,-1300000,-1300000,-1300000,-0.0,-0.0,-0.0,Foreign
5153,5153,54,"Dec 31, 2016",Bodom,1250000,0,726460,726460,-1250000,-523540,-523540,-0.0,-0.0,-0.0,Foreign
5154,5154,55,"Oct 28, 1941",How Green Was My Valley,1250000,0,0,0,-1250000,-1250000,-1250000,-0.0,-0.0,-0.0,Foreign
5155,5155,56,"Jan 13, 2015",Da Sweet Blood of Jesus,1250000,0,0,0,-1250000,-1250000,-1250000,-0.0,-0.0,-0.0,Foreign
5179,5179,80,"Dec 31, 2008",Extreme Movie,1200000,0,81338,81338,-1200000,-1118662,-1118662,-0.0,-0.0,-0.0,Foreign
5180,5180,81,"Oct 20, 1936",The Charge of the Light Brigade,1200000,0,0,0,-1200000,-1200000,-1200000,-0.0,-0.0,-0.0,Foreign
5181,5181,82,"Jun 18, 2004",Grand Theft Parsons,1200000,0,0,0,-1200000,-1200000,-1200000,-0.0,-0.0,-0.0,Foreign
5182,5182,83,"Aug 28, 2012",Below Zero,1200000,0,0,0,-1200000,-1200000,-1200000,-0.0,-0.0,-0.0,Foreign
5183,5183,84,"Sep 7, 2012",Crowsnest,1200000,0,0,0,-1200000,-1200000,-1200000,-0.0,-0.0,-0.0,Foreign
5184,5184,85,"Sep 14, 2012",Airborne,1200000,0,0,0,-1200000,-1200000,-1200000,-0.0,-0.0,-0.0,Foreign
5185,5185,86,"Sep 9, 2014",Cotton Comes to Harlem,1200000,0,0,0,-1200000,-1200000,-1200000,-0.0,-0.0,-0.0,Foreign
5186,5186,87,"Feb 3, 2015",Bleeding Hearts,1200000,0,0,0,-1200000,-1200000,-1200000,-0.0,-0.0,-0.0,Foreign
5187,5187,88,"Dec 31, 2013",The Wicked Within,1200000,0,0,0,-1200000,-1200000,-1200000,-0.0,-0.0,-0.0,Foreign
5188,5188,89,"Dec 31, 2017",The Islands,1200000,0,0,0,-1200000,-1200000,-1200000,-0.0,-0.0,-0.0,Foreign
5202,5202,3,"Mar 7, 2017",Departure,1100000,0,27561,27561,-1100000,-1072439,-1072439,-0.0,-0.0,-0.0,Foreign
5203,5203,4,"Apr 7, 2009",Faith Like Potatoes,1100000,0,0,0,-1100000,-1100000,-1100000,-0.0,-0.0,-0.0,Foreign
5204,5204,5,"Mar 23, 2010",Lake Mungo,1100000,0,0,0,-1100000,-1100000,-1100000,-0.0,-0.0,-0.0,Foreign
5205,5205,6,"Apr 7, 2015",Silent Running,1100000,0,0,0,-1100000,-1100000,-1100000,-0.0,-0.0,-0.0,Foreign
5206,5206,7,"Dec 31, 2010",The Dead Undead,1100000,0,0,0,-1100000,-1100000,-1100000,-0.0,-0.0,-0.0,Foreign
5207,5207,8,"Dec 31, 2013",The Vatican Exorcisms,1100000,0,0,0,-1100000,-1100000,-1100000,-0.0,-0.0,-0.0,Foreign
5299,5299,100,"Dec 31, 2013",Heli,1000000,0,552614,552614,-1000000,-447386,-447386,-0.0,-0.0,-0.0,Foreign
5300,5300,1,"Dec 31, 2015",Karachi se Lahore,1000000,0,17721,17721,-1000000,-982279,-982279,-0.0,-0.0,-0.0,Foreign
5301,5301,2,"Dec 31, 2006",Loving Annabelle,1000000,0,5382,5382,-1000000,-994618,-994618,-0.0,-0.0,-0.0,Foreign
5302,5302,3,"Dec 11, 2015",American Hero,1000000,0,26,26,-1000000,-999974,-999974,-0.0,-0.0,-0.0,Foreign
5303,5303,4,"Dec 1, 2009",Frat Party,1000000,0,0,0,-1000000,-1000000,-1000000,-0.0,-0.0,-0.0,Foreign
5304,5304,5,"Sep 15, 2006",Jimmy and Judy,1000000,0,0,0,-1000000,-1000000,-1000000,-0.0,-0.0,-0.0,Foreign
5305,5305,6,"Oct 24, 2003",The Party's Over,1000000,0,0,0,-1000000,-1000000,-1000000,-0.0,-0.0,-0.0,Foreign
5306,5306,7,"Jul 17, 2009",The Poker House,1000000,0,0,0,-1000000,-1000000,-1000000,-0.0,-0.0,-0.0,Foreign
5307,5307,8,"Sep 23, 2005",Proud,1000000,0,0,0,-1000000,-1000000,-1000000,-0.0,-0.0,-0.0,Foreign
5308,5308,9,"Dec 31, 2008",Steppin: The Movie,1000000,0,0,0,-1000000,-1000000,-1000000,-0.0,-0.0,-0.0,Foreign
5309,5309,10,"Jan 29, 2010",Zombies of Mass Destruction,1000000,0,0,0,-1000000,-1000000,-1000000,-0.0,-0.0,-0.0,Foreign
5310,5310,11,"Mar 20, 2012",Snow White: A Deadly Summer,1000000,0,0,0,-1000000,-1000000,-1000000,-0.0,-0.0,-0.0,Foreign
5311,5311,12,"Oct 9, 2012",Truth or Die,1000000,0,0,0,-1000000,-1000000,-1000000,-0.0,-0.0,-0.0,Foreign
5312,5312,13,"May 14, 2013",Black Rock,1000000,0,0,0,-1000000,-1000000,-1000000,-0.0,-0.0,-0.0,Foreign
5313,5313,14,"Jan 7, 2014",Hidden Away,1000000,0,0,0,-1000000,-1000000,-1000000,-0.0,-0.0,-0.0,Foreign
5314,5314,15,"Oct 4, 2013",My Last Day Without You,1000000,0,0,0,-1000000,-1000000,-1000000,-0.0,-0.0,-0.0,Foreign
5315,5315,16,"Oct 8, 2013",Zombie Hunter,1000000,0,0,0,-1000000,-1000000,-1000000,-0.0,-0.0,-0.0,Foreign
5316,5316,17,"Dec 31, 2014",Doc Holliday's Revenge,1000000,0,0,0,-1000000,-1000000,-1000000,-0.0,-0.0,-0.0,Foreign
5317,5317,18,"Jun 24, 2014",A Fine Step,1000000,0,0,0,-1000000,-1000000,-1000000,-0.0,-0.0,-0.0,Foreign
5318,5318,19,"Feb 10, 2015",Fear Clinic,1000000,0,0,0,-1000000,-1000000,-1000000,-0.0,-0.0,-0.0,Foreign
5319,5319,20,"Mar 10, 2015",The Pet,1000000,0,0,0,-1000000,-1000000,-1000000,-0.0,-0.0,-0.0,Foreign
5320,5320,21,"Dec 31, 2014",Bang Bang Baby,1000000,0,0,0,-1000000,-1000000,-1000000,-0.0,-0.0,-0.0,Foreign
5321,5321,22,"Apr 8, 2016",Hush,1000000,0,0,0,-1000000,-1000000,-1000000,-0.0,-0.0,-0.0,Foreign
5322,5322,23,"Mar 1, 2016",1982,1000000,0,0,0,-1000000,-1000000,-1000000,-0.0,-0.0,-0.0,Foreign
5323,5323,24,"Oct 27, 2015",The Horror Network,1000000,0,0,0,-1000000,-1000000,-1000000,-0.0,-0.0,-0.0,Foreign
5324,5324,25,"Dec 31, 2016",Chemical Cut,1000000,0,0,0,-1000000,-1000000,-1000000,-0.0,-0.0,-0.0,Foreign
5325,5325,26,"Dec 22, 2015",Por amor en el caserio,1000000,0,0,0,-1000000,-1000000,-1000000,-0.0,-0.0,-0.0,Foreign
5329,5329,30,"Jan 10, 2014",Banshee Chapter,950000,0,78122,78122,-950000,-871878,-871878,-0.0,-0.0,-0.0,Foreign
5330,5330,31,"Dec 31, 2012",Trance,950000,0,0,0,-950000,-950000,-950000,-0.0,-0.0,-0.0,Foreign
5331,5331,32,"Aug 12, 2014",Jesse,950000,0,0,0,-950000,-950000,-950000,-0.0,-0.0,-0.0,Foreign
5332,5332,33,"Mar 3, 2015",Ask Me Anything,950000,0,0,0,-950000,-950000,-950000,-0.0,-0.0,-0.0,Foreign
5335,5335,36,"Nov 21, 2014",Food Chains,913000,0,176,176,-913000,-912824,-912824,-0.0,-0.0,-0.0,Foreign
5344,5344,45,"Dec 31, 2014",40 Weeks,900000,0,0,0,-900000,-900000,-900000,-0.0,-0.0,-0.0,Foreign
5345,5345,46,"May 5, 2015",Le bonheur d'Elza,900000,0,0,0,-900000,-900000,-900000,-0.0,-0.0,-0.0,Foreign
5351,5351,52,"Dec 31, 2012",Snitch,850000,0,0,0,-850000,-850000,-850000,-0.0,-0.0,-0.0,Foreign
5352,5352,53,"Dec 31, 2008",Harrison Montgomery,850000,0,0,0,-850000,-850000,-850000,-0.0,-0.0,-0.0,Foreign
5355,5355,56,"Aug 11, 2009",London to Brighton,825000,0,610776,610776,-825000,-214224,-214224,-0.0,-0.0,-0.0,Foreign
5356,5356,57,"Dec 31, 2009",Crying With Laughter,820000,0,16909,16909,-820000,-803091,-803091,-0.0,-0.0,-0.0,Foreign
5370,5370,71,"Jan 9, 2015",Vessel,800000,0,0,0,-800000,-800000,-800000,-0.0,-0.0,-0.0,Foreign
5373,5373,74,"Sep 8, 2006",Iraq for Sale: The War Profiteers,775000,0,0,0,-775000,-775000,-775000,-0.0,-0.0,-0.0,Foreign
5382,5382,83,"Oct 11, 2013",All the Boys Love Mandy Lane,750000,0,1960521,1960521,-750000,1210521,1210521,-0.0,0.0,0.0,Foreign
5383,5383,84,"Dec 31, 2014",Destiny,750000,0,450,450,-750000,-749550,-749550,-0.0,-0.0,-0.0,Foreign
5384,5384,85,"Apr 7, 2009",Bled,750000,0,0,0,-750000,-750000,-750000,-0.0,-0.0,-0.0,Foreign
5385,5385,86,"Jan 5, 2016",Adulterers,750000,0,0,0,-750000,-750000,-750000,-0.0,-0.0,-0.0,Foreign
5394,5394,95,"Jan 26, 2010",B-Girl,700000,0,1160,1160,-700000,-698840,-698840,-0.0,-0.0,-0.0,Foreign
5395,5395,96,"Mar 13, 2015",Walter,700000,0,0,0,-700000,-700000,-700000,-0.0,-0.0,-0.0,Foreign
5401,5401,2,"Dec 31, 2012",After,650000,0,0,0,-650000,-650000,-650000,-0.0,-0.0,-0.0,Foreign
5402,5402,3,"Dec 31, 2014",The Hadza: Last of the First,650000,0,0,0,-650000,-650000,-650000,-0.0,-0.0,-0.0,Foreign
5403,5403,4,"Dec 31, 2009",Starsuckers,640000,0,14812,14812,-640000,-625188,-625188,-0.0,-0.0,-0.0,Foreign
5404,5404,5,"Dec 31, 2013",Treachery,625000,0,0,0,-625000,-625000,-625000,-0.0,-0.0,-0.0,Foreign
5415,5415,16,"Mar 4, 2016",They Will Have to Kill Us First,600000,0,7943,7943,-600000,-592057,-592057,-0.0,-0.0,-0.0,Foreign
5416,5416,17,"Aug 23, 2002",Crop Circles: Quest for Truth,600000,0,0,0,-600000,-600000,-600000,-0.0,-0.0,-0.0,Foreign
5417,5417,18,"Aug 8, 2014",The Maid's Room,600000,0,0,0,-600000,-600000,-600000,-0.0,-0.0,-0.0,Foreign
5418,5418,19,"Dec 31, 2014",Light from the Darkroom,600000,0,0,0,-600000,-600000,-600000,-0.0,-0.0,-0.0,Foreign
5419,5419,20,"Feb 24, 2015",Irreplaceable,600000,0,0,0,-600000,-600000,-600000,-0.0,-0.0,-0.0,Foreign
5422,5422,23,"Dec 31, 2015",Julija in alfa Romeo,560000,0,8462,8462,-560000,-551538,-551538,-0.0,-0.0,-0.0,Foreign
5427,5427,28,"Mar 6, 2012",High Road,546173,0,0,0,-546173,-546173,-546173,-0.0,-0.0,-0.0,Foreign
5467,5467,68,"Dec 31, 2006",Feng kuang de shi tou,500000,0,3000000,3000000,-500000,2500000,2500000,-0.0,0.001,0.001,Foreign
5468,5468,69,"Jan 8, 2013",Now is Good,500000,0,2141436,2141436,-500000,1641436,1641436,-0.0,0.0,0.0,Foreign
5469,5469,70,"Dec 31, 2006",Griffin & Phoenix,500000,0,1355967,1355967,-500000,855967,855967,-0.0,0.0,0.0,Foreign
5470,5470,71,"Nov 2, 2001",Everything Put Together,500000,0,7890,7890,-500000,-492110,-492110,-0.0,-0.0,-0.0,Foreign
5471,5471,72,"Dec 31, 2010",Drones,500000,0,0,0,-500000,-500000,-500000,-0.0,-0.0,-0.0,Foreign
5472,5472,73,"Apr 3, 2012",Enter Nowhere,500000,0,0,0,-500000,-500000,-500000,-0.0,-0.0,-0.0,Foreign
5473,5473,74,"Jul 17, 2012",Girls Gone Dead,500000,0,0,0,-500000,-500000,-500000,-0.0,-0.0,-0.0,Foreign
5474,5474,75,"Dec 31, 2005",Insomnia Manica,500000,0,0,0,-500000,-500000,-500000,-0.0,-0.0,-0.0,Foreign
5475,5475,76,"Dec 31, 2014",America Is Still The Place,500000,0,0,0,-500000,-500000,-500000,-0.0,-0.0,-0.0,Foreign
5476,5476,77,"Jul 24, 2015",The Outrageous Sophie Tucker,500000,0,0,0,-500000,-500000,-500000,-0.0,-0.0,-0.0,Foreign
5477,5477,78,"Mar 10, 2015",Subconscious,500000,0,0,0,-500000,-500000,-500000,-0.0,-0.0,-0.0,Foreign
5478,5478,79,"Apr 14, 2015",Roadside,500000,0,0,0,-500000,-500000,-500000,-0.0,-0.0,-0.0,Foreign
5479,5479,80,"Dec 31, 2014",Diamond Ruff,500000,0,0,0,-500000,-500000,-500000,-0.0,-0.0,-0.0,Foreign
5480,5480,81,"Feb 10, 2015",Love in the Time of Monsters,500000,0,0,0,-500000,-500000,-500000,-0.0,-0.0,-0.0,Foreign
5481,5481,82,"Dec 31, 2012",El rey de Najayo,500000,0,0,0,-500000,-500000,-500000,-0.0,-0.0,-0.0,Foreign
5482,5482,83,"Dec 31, 2015",Fight to the Finish,500000,0,0,0,-500000,-500000,-500000,-0.0,-0.0,-0.0,Foreign
5483,5483,84,"Dec 31, 2013",Bucky and the Squirrels,500000,0,0,0,-500000,-500000,-500000,-0.0,-0.0,-0.0,Foreign
5484,5484,85,"Dec 31, 1990",Going Under,500000,0,0,0,-500000,-500000,-500000,-0.0,-0.0,-0.0,Foreign
5485,5485,86,"Jun 23, 2015",Crossroads,500000,0,0,0,-500000,-500000,-500000,-0.0,-0.0,-0.0,Foreign
5486,5486,87,"Aug 11, 2015",Alleluia! The Devil's Carnival,500000,0,0,0,-500000,-500000,-500000,-0.0,-0.0,-0.0,Foreign
5487,5487,88,"Dec 1, 2015",Brooklyn Bizarre,500000,0,0,0,-500000,-500000,-500000,-0.0,-0.0,-0.0,Foreign
5488,5488,89,"Dec 31, 2014",The Sound and the Shadow,500000,0,0,0,-500000,-500000,-500000,-0.0,-0.0,-0.0,Foreign
5489,5489,90,"Dec 31, 2015",Rodeo Girl,500000,0,0,0,-500000,-500000,-500000,-0.0,-0.0,-0.0,Foreign
5490,5490,91,"Nov 10, 2015",The Little Ponderosa Zoo,500000,0,0,0,-500000,-500000,-500000,-0.0,-0.0,-0.0,Foreign
5491,5491,92,"Dec 31, 1984",The Toxic Avenger,475000,0,0,0,-475000,-475000,-475000,-0.0,-0.0,-0.0,Foreign
5500,5500,1,"Jul 1, 2014",Mutual Friends,450000,0,0,0,-450000,-450000,-450000,-0.0,-0.0,-0.0,Foreign
5501,5501,2,"Dec 31, 2014",Rise Of the Entrepreneur - The Search For A Better Way,450000,0,0,0,-450000,-450000,-450000,-0.0,-0.0,-0.0,Foreign
5519,5519,20,"Mar 31, 2015",Viskningar och rop,400000,0,9071,9071,-400000,-390929,-390929,-0.0,-0.0,-0.0,Foreign
5520,5520,21,"Apr 1, 1986",My Beautiful Laundrette,400000,0,0,0,-400000,-400000,-400000,-0.0,-0.0,-0.0,Foreign
5521,5521,22,"Nov 4, 2005",Show Me,400000,0,0,0,-400000,-400000,-400000,-0.0,-0.0,-0.0,Foreign
5522,5522,23,"Dec 31, 2014",Pancakes,400000,0,0,0,-400000,-400000,-400000,-0.0,-0.0,-0.0,Foreign
5523,5523,24,"Sep 5, 1916",Intolerance,385907,0,0,0,-385907,-385907,-385907,-0.0,-0.0,-0.0,Foreign
5533,5533,34,"Apr 10, 2009",Royal Kill,350000,0,0,0,-350000,-350000,-350000,-0.0,-0.0,-0.0,Foreign
5534,5534,35,"Oct 20, 2015",Rotor DR1,350000,0,0,0,-350000,-350000,-350000,-0.0,-0.0,-0.0,Foreign
5535,5535,36,"Apr 13, 1957",12 Angry Men,340000,0,0,0,-340000,-340000,-340000,-0.0,-0.0,-0.0,Foreign
5558,5558,59,"Oct 31, 2014",All You Need Is Love,300000,0,3565259,3565259,-300000,3265259,3265259,-0.0,0.001,0.001,Foreign
5559,5559,60,"Apr 1, 1975",Death Race 2000,300000,0,0,0,-300000,-300000,-300000,-0.0,-0.0,-0.0,Foreign
5560,5560,61,"Jul 3, 2012",Some Guy Who Kills People,300000,0,0,0,-300000,-300000,-300000,-0.0,-0.0,-0.0,Foreign
5561,5561,62,"Aug 7, 2013",Midnight Cabaret,300000,0,0,0,-300000,-300000,-300000,-0.0,-0.0,-0.0,Foreign
5562,5562,63,"Mar 10, 2015",Teeth and Blood,300000,0,0,0,-300000,-300000,-300000,-0.0,-0.0,-0.0,Foreign
5563,5563,64,"Dec 31, 2015",Walking to Paris,300000,0,0,0,-300000,-300000,-300000,-0.0,-0.0,-0.0,Foreign
5564,5564,65,"Dec 31, 2010",Anderson's Cross,300000,0,0,0,-300000,-300000,-300000,-0.0,-0.0,-0.0,Foreign
5565,5565,66,"Dec 8, 2015",Amidst the Devil's Wings,300000,0,0,0,-300000,-300000,-300000,-0.0,-0.0,-0.0,Foreign
5566,5566,67,"Dec 31, 2010",Death Calls,290000,0,0,0,-290000,-290000,-290000,-0.0,-0.0,-0.0,Foreign
5590,5590,91,"Mar 24, 2015",Along the Roadside,250000,0,3234,3234,-250000,-246766,-246766,-0.0,-0.0,-0.0,Foreign
5591,5591,92,"Oct 21, 2008",Sunday School Musical,250000,0,0,0,-250000,-250000,-250000,-0.0,-0.0,-0.0,Foreign
5592,5592,93,"Oct 5, 2010",Rust,250000,0,0,0,-250000,-250000,-250000,-0.0,-0.0,-0.0,Foreign
5593,5593,94,"Dec 31, 2010",The Christmas Bunny,250000,0,0,0,-250000,-250000,-250000,-0.0,-0.0,-0.0,Foreign
5594,5594,95,"Nov 10, 2009",Ink,250000,0,0,0,-250000,-250000,-250000,-0.0,-0.0,-0.0,Foreign
5595,5595,96,"Dec 18, 2012",The Frozen,250000,0,0,0,-250000,-250000,-250000,-0.0,-0.0,-0.0,Foreign
5596,5596,97,"Apr 11, 2014",Jesus People,250000,0,0,0,-250000,-250000,-250000,-0.0,-0.0,-0.0,Foreign
5597,5597,98,"Dec 31, 2010",Butterfly,250000,0,0,0,-250000,-250000,-250000,-0.0,-0.0,-0.0,Foreign
5598,5598,99,"Feb 3, 2015",UnDivided,250000,0,0,0,-250000,-250000,-250000,-0.0,-0.0,-0.0,Foreign
5599,5599,100,"Dec 31, 2014",Horse Camp,250000,0,0,0,-250000,-250000,-250000,-0.0,-0.0,-0.0,Foreign
5600,5600,1,"Feb 24, 2015",Give Me Shelter,250000,0,0,0,-250000,-250000,-250000,-0.0,-0.0,-0.0,Foreign
5601,5601,2,"Dec 31, 2011",Rock the House,250000,0,0,0,-250000,-250000,-250000,-0.0,-0.0,-0.0,Foreign
5602,5602,3,"Dec 31, 2015",Shooting the Warwicks,250000,0,0,0,-250000,-250000,-250000,-0.0,-0.0,-0.0,Foreign
5603,5603,4,"Aug 18, 2015",The Love Letter,250000,0,0,0,-250000,-250000,-250000,-0.0,-0.0,-0.0,Foreign
5604,5604,5,"Oct 9, 2015",Western Religion,250000,0,0,0,-250000,-250000,-250000,-0.0,-0.0,-0.0,Foreign
5605,5605,6,"Jan 1, 2015",4/11,250000,0,0,0,-250000,-250000,-250000,-0.0,-0.0,-0.0,Foreign
5634,5634,35,"Oct 19, 2007",The Man From Earth,200000,0,0,0,-200000,-200000,-200000,-0.0,-0.0,-0.0,Foreign
5635,5635,36,"Dec 31, 2004",Samantha: An American Girl Holiday,200000,0,0,0,-200000,-200000,-200000,-0.0,-0.0,-0.0,Foreign
5636,5636,37,"Jan 17, 2008",Yesterday Was a Lie,200000,0,0,0,-200000,-200000,-200000,-0.0,-0.0,-0.0,Foreign
5637,5637,38,"Sep 12, 2014",Archaeology of a Woman,200000,0,0,0,-200000,-200000,-200000,-0.0,-0.0,-0.0,Foreign
5638,5638,39,"Aug 26, 2014",Sanctuary; Quite a Conundrum,200000,0,0,0,-200000,-200000,-200000,-0.0,-0.0,-0.0,Foreign
5639,5639,40,"Sep 29, 2015",Theresa Is a Mother,200000,0,0,0,-200000,-200000,-200000,-0.0,-0.0,-0.0,Foreign
5640,5640,41,"Nov 10, 2015",Perfect Cowboy,200000,0,0,0,-200000,-200000,-200000,-0.0,-0.0,-0.0,Foreign
5641,5641,42,"Dec 31, 2014",H.,200000,0,0,0,-200000,-200000,-200000,-0.0,-0.0,-0.0,Foreign
5645,5645,46,"Jun 16, 2017",Arrowhead,180000,0,0,0,-180000,-180000,-180000,-0.0,-0.0,-0.0,Foreign
5649,5649,50,"Sep 4, 2015",Heroes of Dirt,175000,0,0,0,-175000,-175000,-175000,-0.0,-0.0,-0.0,Foreign
5652,5652,53,"Dec 31, 2015",Lumea e a mea,168000,0,29678,29678,-168000,-138322,-138322,-0.0,-0.0,-0.0,Foreign
5661,5661,62,"Dec 31, 2013",Speak No Evil,150000,0,32927,32927,-150000,-117073,-117073,-0.0,-0.0,-0.0,Foreign
5662,5662,63,"Oct 6, 2009",A Charlie Brown Christmas,150000,0,0,0,-150000,-150000,-150000,-0.0,-0.0,-0.0,Foreign
5663,5663,64,"May 3, 2013",Aroused,150000,0,0,0,-150000,-150000,-150000,-0.0,-0.0,-0.0,Foreign
5664,5664,65,"Dec 31, 2015",Escaping the Holocost,150000,0,0,0,-150000,-150000,-150000,-0.0,-0.0,-0.0,Foreign
5669,5669,70,"Jul 18, 2014",An American in Hollywood,125000,0,0,0,-125000,-125000,-125000,-0.0,-0.0,-0.0,Foreign
5670,5670,71,"Aug 11, 2015",The Brain That Sings,125000,0,0,0,-125000,-125000,-125000,-0.0,-0.0,-0.0,Foreign
5671,5671,72,"Dec 31, 2015",Romantic Schemer,125000,0,0,0,-125000,-125000,-125000,-0.0,-0.0,-0.0,Foreign
5673,5673,74,"Jun 30, 2006",The Blood of My Brother: A Story of Death in Iraq,120000,0,0,0,-120000,-120000,-120000,-0.0,-0.0,-0.0,Foreign
5674,5674,75,"Dec 31, 2007",A Dog's Breakfast,120000,0,0,0,-120000,-120000,-120000,-0.0,-0.0,-0.0,Foreign
5675,5675,76,"May 24, 2016",Une Femme MariÃ©e,120000,0,0,0,-120000,-120000,-120000,-0.0,-0.0,-0.0,Foreign
5691,5691,92,"May 18, 2012",Indie Game: The Movie,100000,0,0,0,-100000,-100000,-100000,-0.0,-0.0,-0.0,Foreign
5692,5692,93,"Dec 31, 2014","Dude, Where's My Dog",100000,0,0,0,-100000,-100000,-100000,-0.0,-0.0,-0.0,Foreign
5693,5693,94,"Jun 10, 2014",Echo Dr.,100000,0,0,0,-100000,-100000,-100000,-0.0,-0.0,-0.0,Foreign
5694,5694,95,"Mar 17, 2015",Closure,100000,0,0,0,-100000,-100000,-100000,-0.0,-0.0,-0.0,Foreign
5695,5695,96,"Dec 31, 2015",Lunchtime Heroes,100000,0,0,0,-100000,-100000,-100000,-0.0,-0.0,-0.0,Foreign
5696,5696,97,"Mar 25, 2015",Open Secret,100000,0,0,0,-100000,-100000,-100000,-0.0,-0.0,-0.0,Foreign
5697,5697,98,"Nov 10, 2015",The Night Visitor,100000,0,0,0,-100000,-100000,-100000,-0.0,-0.0,-0.0,Foreign
5698,5698,99,"Jul 7, 2015",Tiger Orange,100000,0,0,0,-100000,-100000,-100000,-0.0,-0.0,-0.0,Foreign
5702,5702,3,"Sep 29, 2015",Queen Crab,75000,0,0,0,-75000,-75000,-75000,-0.0,-0.0,-0.0,Foreign
5705,5705,6,"Dec 31, 2011",Absentia,70000,0,8555,8555,-70000,-61445,-61445,-0.0,-0.0,-0.0,Foreign
5711,5711,12,"Mar 16, 2012",The FP,60000,0,0,0,-60000,-60000,-60000,-0.0,-0.0,-0.0,Foreign
5712,5712,13,"Dec 31, 2012",Hayride,60000,0,0,0,-60000,-60000,-60000,-0.0,-0.0,-0.0,Foreign
5713,5713,14,"Aug 10, 1962",The Brain That Wouldn't Die,60000,0,0,0,-60000,-60000,-60000,-0.0,-0.0,-0.0,Foreign
5714,5714,15,"Oct 4, 2013",The Dirties,55000,0,0,0,-55000,-55000,-55000,-0.0,-0.0,-0.0,Foreign
5720,5720,21,"Dec 31, 2009",Big Things,50000,0,0,0,-50000,-50000,-50000,-0.0,-0.0,-0.0,Foreign
5721,5721,22,"Feb 14, 2014",Down and Dangerous,50000,0,0,0,-50000,-50000,-50000,-0.0,-0.0,-0.0,Foreign
5722,5722,23,"Dec 31, 2005",The Call of Cthulhu,50000,0,0,0,-50000,-50000,-50000,-0.0,-0.0,-0.0,Foreign
5723,5723,24,"Aug 4, 2015",Bending Steel,50000,0,0,0,-50000,-50000,-50000,-0.0,-0.0,-0.0,Foreign
5724,5724,25,"Sep 1, 2015","Run, Hide, Die",50000,0,0,0,-50000,-50000,-50000,-0.0,-0.0,-0.0,Foreign
5725,5725,26,"Dec 31, 2014",The Image Revolution,50000,0,0,0,-50000,-50000,-50000,-0.0,-0.0,-0.0,Foreign
5726,5726,27,"Oct 25, 2013",A True Story,45000,0,0,0,-45000,-45000,-45000,-0.0,-0.0,-0.0,Foreign
5728,5728,29,"Jun 21, 2013",This Is Martin Bonner,42000,0,0,0,-42000,-42000,-42000,-0.0,-0.0,-0.0,Foreign
5732,5732,33,"Mar 31, 2012",Foreign Letters,40000,0,0,0,-40000,-40000,-40000,-0.0,-0.0,-0.0,Foreign
5734,5734,35,"Oct 25, 2013",Her Cry: La Llorona Investigation,35000,0,0,0,-35000,-35000,-35000,-0.0,-0.0,-0.0,Foreign
5735,5735,36,"Dec 31, 2014",Happy 40th,35000,0,0,0,-35000,-35000,-35000,-0.0,-0.0,-0.0,Foreign
5741,5741,42,"Dec 31, 2013",Paraphobia,30000,0,0,0,-30000,-30000,-30000,-0.0,-0.0,-0.0,Foreign
5748,5748,49,"Sep 1, 2015",Exeter,25000,0,489792,489792,-25000,464792,464792,-0.0,0.0,0.0,Foreign
5749,5749,50,"Jun 13, 2003",Manito,25000,0,0,0,-25000,-25000,-25000,-0.0,-0.0,-0.0,Foreign
5750,5750,51,"Apr 21, 2015",Ten,25000,0,0,0,-25000,-25000,-25000,-0.0,-0.0,-0.0,Foreign
5751,5751,52,"Dec 1, 2015",Dutch Kills,25000,0,0,0,-25000,-25000,-25000,-0.0,-0.0,-0.0,Foreign
5753,5753,54,"Dec 31, 2014",Dry Spell,22000,0,0,0,-22000,-22000,-22000,-0.0,-0.0,-0.0,Foreign
5754,5754,55,"Dec 31, 2003",Flywheel,20000,0,0,0,-20000,-20000,-20000,-0.0,-0.0,-0.0,Foreign
5755,5755,56,"Jan 4, 2013",All Superheroes Must Die,20000,0,0,0,-20000,-20000,-20000,-0.0,-0.0,-0.0,Foreign
5756,5756,57,"Apr 21, 2015",The Front Man,20000,0,0,0,-20000,-20000,-20000,-0.0,-0.0,-0.0,Foreign
5757,5757,58,"Dec 1, 2003",Steel Spirit,20000,0,0,0,-20000,-20000,-20000,-0.0,-0.0,-0.0,Foreign
5758,5758,59,"Nov 25, 2011",The Ridges,17300,0,0,0,-17300,-17300,-17300,-0.0,-0.0,-0.0,Foreign
5761,5761,62,"Dec 31, 2014",Stories of Our Lives,15000,0,0,0,-15000,-15000,-15000,-0.0,-0.0,-0.0,Foreign
5764,5764,65,"Dec 31, 2007",Tin Can Man,12000,0,0,0,-12000,-12000,-12000,-0.0,-0.0,-0.0,Foreign
5771,5771,72,"May 19, 2015",Family Motocross,10000,0,0,0,-10000,-10000,-10000,-0.0,-0.0,-0.0,Foreign
5777,5777,78,"Dec 31, 2018",Red 11,7000,0,0,0,-7000,-7000,-7000,-0.0,-0.0,-0.0,Foreign
5780,5780,81,"Sep 29, 2015",A Plague So Pleasant,1400,0,0,0,-1400,-1400,-1400,-0.0,-0.0,-0.0,Foreign
194,194,95,"Dec 31, 2020",Moonfall,150000000,0,0,0,-150000000,-150000000,-150000000,-0.043,-0.043,-0.043,Foreign
479,479,80,"Dec 13, 2017",Bright,90000000,0,0,0,-90000000,-90000000,-90000000,-0.026,-0.026,-0.026,Foreign
480,480,81,"Dec 31, 2019",Army of the Dead,90000000,0,0,0,-90000000,-90000000,-90000000,-0.026,-0.026,-0.026,Foreign
535,535,36,"Feb 21, 2020",Call of the Wild,82000000,0,0,0,-82000000,-82000000,-82000000,-0.024,-0.024,-0.024,Foreign
617,617,18,"Dec 31, 2012",AstÃ©rix et ObÃ©lix: Au service de Sa MajestÃ©,77600000,0,60680125,60680125,-77600000,-16919875,-16919875,-0.022,-0.005,-0.005,Foreign
619,619,20,"Jan 22, 2019",Renegades,77500000,0,1521672,1521672,-77500000,-75978328,-75978328,-0.022,-0.022,-0.022,Foreign
670,670,71,"Aug 30, 2019",PLAYMOBIL,75000000,0,0,0,-75000000,-75000000,-75000000,-0.022,-0.022,-0.022,Foreign
671,671,72,"Dec 31, 2019",355,75000000,0,0,0,-75000000,-75000000,-75000000,-0.022,-0.022,-0.022,Foreign
820,820,21,"Oct 26, 2018",Air Strike,65000000,0,516279,516279,-65000000,-64483721,-64483721,-0.019,-0.019,-0.019,Foreign
951,951,52,"Dec 11, 2015",The Ridiculous 6,60000000,0,0,0,-60000000,-60000000,-60000000,-0.017,-0.017,-0.017,Foreign
952,952,53,"Nov 8, 2019",Midway,59500000,0,0,0,-59500000,-59500000,-59500000,-0.017,-0.017,-0.017,Foreign
1205,1205,6,"Dec 31, 2020",Hannibal the Conqueror,50000000,0,0,0,-50000000,-50000000,-50000000,-0.014,-0.014,-0.014,Foreign
1206,1206,7,"Nov 8, 2019",Arctic Dogs,50000000,0,0,0,-50000000,-50000000,-50000000,-0.014,-0.014,-0.014,Foreign
1207,1207,8,"Nov 22, 2019",The Rhythm Section,50000000,0,0,0,-50000000,-50000000,-50000000,-0.014,-0.014,-0.014,Foreign
1208,1208,9,"Sep 20, 2019",Ad Astra,49800000,0,0,0,-49800000,-49800000,-49800000,-0.014,-0.014,-0.014,Foreign
1325,1325,26,"Dec 31, 2012",Foodfight!,45000000,0,73706,73706,-45000000,-44926294,-44926294,-0.013,-0.013,-0.013,Foreign
1367,1367,68,"Dec 31, 2006",Les BronzÃ©s 3: amis pour la vie,42000000,0,83833602,83833602,-42000000,41833602,41833602,-0.012,0.012,0.012,Foreign
1368,1368,69,"Dec 31, 2015",Pourquoi j'ai pas mangÃ© mon pÃ¨re,42000000,0,15451663,15451663,-42000000,-26548337,-26548337,-0.012,-0.008,-0.008,Foreign
1537,1537,38,"Apr 16, 2013",Un monstre Ã Paris,40000000,0,27000381,27000381,-40000000,-12999619,-12999619,-0.012,-0.004,-0.004,Foreign
1538,1538,39,"Jun 21, 2019",Kursk,40000000,0,4212799,4212799,-40000000,-35787201,-35787201,-0.012,-0.01,-0.01,Foreign
1539,1539,40,"Nov 11, 2016",USS Indianapolis: Men of Courage,40000000,0,1663785,1663785,-40000000,-38336215,-38336215,-0.012,-0.011,-0.011,Foreign
1540,1540,41,"Dec 31, 2014",Dragon Nest Warriors' Dawn,40000000,0,734423,734423,-40000000,-39265577,-39265577,-0.012,-0.011,-0.011,Foreign
1541,1541,42,"Dec 31, 2018",The Crow,40000000,0,0,0,-40000000,-40000000,-40000000,-0.012,-0.012,-0.012,Foreign
1542,1542,43,"Sep 13, 2019",The Goldfinch,40000000,0,0,0,-40000000,-40000000,-40000000,-0.012,-0.012,-0.012,Foreign
1543,1543,44,"Dec 31, 2019",Down Under Cover,40000000,0,0,0,-40000000,-40000000,-40000000,-0.012,-0.012,-0.012,Foreign
1583,1583,84,"Aug 26, 2008",Virgin Territory,38000000,0,5473041,5473041,-38000000,-32526959,-32526959,-0.011,-0.009,-0.009,Foreign
1603,1603,4,"Dec 31, 2009",Obitaemyy ostrov,36500000,0,15000000,15000000,-36500000,-21500000,-21500000,-0.011,-0.006,-0.006,Foreign
1621,1621,22,"Apr 14, 2017",Queen of the Desert,36000000,0,1578543,1578543,-36000000,-34421457,-34421457,-0.01,-0.01,-0.01,Foreign
1754,1754,55,"Sep 22, 2006",Bandidas,35000000,0,19282590,19282590,-35000000,-15717410,-15717410,-0.01,-0.005,-0.005,Foreign
1755,1755,56,"Mar 13, 2015",The Lovers,35000000,0,53899,53899,-35000000,-34946101,-34946101,-0.01,-0.01,-0.01,Foreign
1756,1756,57,"Dec 31, 2008",Black Water Transit,35000000,0,0,0,-35000000,-35000000,-35000000,-0.01,-0.01,-0.01,Foreign
1818,1818,19,"Dec 31, 2004",George and the Dragon,32000000,0,0,0,-32000000,-32000000,-32000000,-0.009,-0.009,-0.009,Foreign
2006,2006,7,"Dec 31, 2010",Konferenz der Tiere,30000000,0,53048539,53048539,-30000000,23048539,23048539,-0.009,0.007,0.007,Foreign
2007,2007,8,"Dec 1, 2015",Grace of Monaco,30000000,0,25199891,25199891,-30000000,-4800109,-4800109,-0.009,-0.001,-0.001,Foreign
2008,2008,9,"Mar 8, 2016",Savva. Serdtse voyna,30000000,0,5015080,5015080,-30000000,-24984920,-24984920,-0.009,-0.007,-0.007,Foreign
2009,2009,10,"Dec 14, 2007",Goodbye Bafana,30000000,0,2717302,2717302,-30000000,-27282698,-27282698,-0.009,-0.008,-0.008,Foreign
2010,2010,11,"Dec 31, 2013",Space Pirate Captain Harlock,30000000,0,310985,310985,-30000000,-29689015,-29689015,-0.009,-0.009,-0.009,Foreign
2011,2011,12,"Dec 31, 2003",Ripley's Game,30000000,0,0,0,-30000000,-30000000,-30000000,-0.009,-0.009,-0.009,Foreign
2029,2029,30,"Sep 30, 2019",Unhinged,29000000,0,0,0,-29000000,-29000000,-29000000,-0.008,-0.008,-0.008,Foreign
2080,2080,81,"Dec 31, 2007",Alatriste,28000000,0,22860477,22860477,-28000000,-5139523,-5139523,-0.008,-0.001,-0.001,Foreign
2117,2117,18,"Dec 31, 2006",The Magic Flute,27000000,0,0,0,-27000000,-27000000,-27000000,-0.008,-0.008,-0.008,Foreign
2153,2153,54,"Jun 30, 2015",Viy,26000000,0,34246770,34246770,-26000000,8246770,8246770,-0.008,0.002,0.002,Foreign
2154,2154,55,"Mar 17, 2015",Accidental Love,26000000,0,135436,135436,-26000000,-25864564,-25864564,-0.008,-0.007,-0.007,Foreign
2155,2155,56,"Apr 24, 2015",The Face of an Angel,26000000,0,0,0,-26000000,-26000000,-26000000,-0.008,-0.008,-0.008,Foreign
2320,2320,21,"Dec 31, 2010",Sammy's avonturen: De geheime doorgang,25000000,0,71594792,71594792,-25000000,46594792,46594792,-0.007,0.013,0.013,Foreign
2321,2321,22,"Dec 31, 2010",Belka i Strelka. Zvezdnye sobaki,25000000,0,9445081,9445081,-25000000,-15554919,-15554919,-0.007,-0.004,-0.004,Foreign
2322,2322,23,"Dec 31, 2017",Matilda,25000000,0,9370285,9370285,-25000000,-15629715,-15629715,-0.007,-0.005,-0.005,Foreign
2323,2323,24,"Oct 4, 2011",La vÃ©ritable histoire du Chat BottÃ©,25000000,0,8208594,8208594,-25000000,-16791406,-16791406,-0.007,-0.005,-0.005,Foreign
2324,2324,25,"Jul 8, 2011",Ironclad,25000000,0,5297411,5297411,-25000000,-19702589,-19702589,-0.007,-0.006,-0.006,Foreign
2325,2325,26,"May 10, 2019",The Professor and the Madman,25000000,0,5227233,5227233,-25000000,-19772767,-19772767,-0.007,-0.006,-0.006,Foreign
2326,2326,27,"Mar 10, 2015",Red Sky,25000000,0,91116,91116,-25000000,-24908884,-24908884,-0.007,-0.007,-0.007,Foreign
2327,2327,28,"Jan 1, 1970",Waterloo,25000000,0,0,0,-25000000,-25000000,-25000000,-0.007,-0.007,-0.007,Foreign
2328,2328,29,"Jan 10, 2014",The Adventurer: The Curse of the Midas Box,25000000,0,0,0,-25000000,-25000000,-25000000,-0.007,-0.007,-0.007,Foreign
2329,2329,30,"Dec 31, 2019",Reagan,25000000,0,0,0,-25000000,-25000000,-25000000,-0.007,-0.007,-0.007,Foreign
2365,2365,66,"Dec 31, 2007",Flood,24000000,0,4084232,4084232,-24000000,-19915768,-19915768,-0.007,-0.006,-0.006,Foreign
2398,2398,99,"May 5, 2017",ChÄi dÃ n zhuÄnjiÄ,23000000,0,58807172,58807172,-23000000,35807172,35807172,-0.007,0.01,0.01,Foreign
2399,2399,100,"Mar 15, 2011",Shi Yue Wei Cheng,23000000,0,44195779,44195779,-23000000,21195779,21195779,-0.007,0.006,0.006,Foreign
2451,2451,52,"Dec 31, 2013",Metegol,22000000,0,34061097,34061097,-22000000,12061097,12061097,-0.006,0.003,0.003,Foreign
2481,2481,82,"Feb 1, 2019",Velvet Buzzsaw,21000000,0,0,0,-21000000,-21000000,-21000000,-0.006,-0.006,-0.006,Foreign
2706,2706,7,"Dec 31, 2008",Admiral,20000000,0,38585047,38585047,-20000000,18585047,18585047,-0.006,0.005,0.005,Foreign
2707,2707,8,"Dec 31, 2012",Zambezia,20000000,0,34454336,34454336,-20000000,14454336,14454336,-0.006,0.004,0.004,Foreign
2708,2708,9,"Apr 13, 2010",Three Kingdoms: Resurrection of the Dragon,20000000,0,22139590,22139590,-20000000,2139590,2139590,-0.006,0.001,0.001,Foreign
2709,2709,10,"Mar 31, 2004",The Touch,20000000,0,5918742,5918742,-20000000,-14081258,-14081258,-0.006,-0.004,-0.004,Foreign
2710,2710,11,"May 29, 2015",Survivor,20000000,0,1703281,1703281,-20000000,-18296719,-18296719,-0.006,-0.005,-0.005,Foreign
2711,2711,12,"Nov 18, 2016",The History of Love,20000000,0,476624,476624,-20000000,-19523376,-19523376,-0.006,-0.006,-0.006,Foreign
2712,2712,13,"Dec 25, 2007",Butterfly on a Wheel,20000000,0,0,0,-20000000,-20000000,-20000000,-0.006,-0.006,-0.006,Foreign
2713,2713,14,"Aug 29, 2014",Dwegons and Leprechauns,20000000,0,0,0,-20000000,-20000000,-20000000,-0.006,-0.006,-0.006,Foreign
2714,2714,15,"Jul 22, 2016",Fight Valley,20000000,0,0,0,-20000000,-20000000,-20000000,-0.006,-0.006,-0.006,Foreign
2715,2715,16,"Dec 31, 2017",The Thousand Miles,20000000,0,0,0,-20000000,-20000000,-20000000,-0.006,-0.006,-0.006,Foreign
2716,2716,17,"Dec 13, 2018",Bird Box,19800000,0,0,0,-19800000,-19800000,-19800000,-0.006,-0.006,-0.006,Foreign
2721,2721,22,"Aug 23, 2013",The Frozen Ground,19200000,0,5617460,5617460,-19200000,-13582540,-13582540,-0.006,-0.004,-0.004,Foreign
2754,2754,55,"Mar 8, 2016",Out of the Inferno,19000000,0,0,0,-19000000,-19000000,-19000000,-0.005,-0.005,-0.005,Foreign
2848,2848,49,"Dec 31, 2008",I Come with the Rain,18000000,0,627422,627422,-18000000,-17372578,-17372578,-0.005,-0.005,-0.005,Foreign
2849,2849,50,"Apr 15, 2016",I Am Wrath,18000000,0,309608,309608,-18000000,-17690392,-17690392,-0.005,-0.005,-0.005,Foreign
2850,2850,51,"Nov 14, 2014",Wolves,18000000,0,94953,94953,-18000000,-17905047,-17905047,-0.005,-0.005,-0.005,Foreign
2851,2851,52,"Apr 8, 2008",Day of the Dead,18000000,0,0,0,-18000000,-18000000,-18000000,-0.005,-0.005,-0.005,Foreign
2852,2852,53,"Aug 22, 2014",The Prince,18000000,0,0,0,-18000000,-18000000,-18000000,-0.005,-0.005,-0.005,Foreign
2853,2853,54,"Feb 19, 2016",Forsaken,18000000,0,0,0,-18000000,-18000000,-18000000,-0.005,-0.005,-0.005,Foreign
2864,2864,65,"Dec 31, 2007",Taxi 4,17500000,0,60865364,60865364,-17500000,43365364,43365364,-0.005,0.013,0.013,Foreign
2912,2912,13,"Sep 26, 2017","Mune, le gardien de la lune",17000000,0,14534046,14534046,-17000000,-2465954,-2465954,-0.005,-0.001,-0.001,Foreign
2913,2913,14,"Jun 23, 2009",Chasseurs de dragons,17000000,0,13446115,13446115,-17000000,-3553885,-3553885,-0.005,-0.001,-0.001,Foreign
2914,2914,15,"Oct 21, 1977",Damnation Alley,17000000,0,0,0,-17000000,-17000000,-17000000,-0.005,-0.005,-0.005,Foreign
2915,2915,16,"Jul 12, 2019",Crawl,17000000,0,0,0,-17000000,-17000000,-17000000,-0.005,-0.005,-0.005,Foreign
2925,2925,26,"Dec 31, 2007",Arn - Tempelriddaren,16500000,0,21404122,21404122,-16500000,4904122,4904122,-0.005,0.001,0.001,Foreign
2979,2979,80,"May 11, 2010",Haeundae,16000000,0,64733391,64733391,-16000000,48733391,48733391,-0.005,0.014,0.014,Foreign
2980,2980,81,"Mar 9, 2010",Hachiko: A Dog's Story,16000000,0,47707417,47707417,-16000000,31707417,31707417,-0.005,0.009,0.009,Foreign
2981,2981,82,"Dec 31, 2013",Zulu,16000000,0,1844228,1844228,-16000000,-14155772,-14155772,-0.005,-0.004,-0.004,Foreign
3153,3153,54,"Dec 6, 2013",Khumba,15000000,0,20898221,20898221,-15000000,5898221,5898221,-0.004,0.002,0.002,Foreign
3154,3154,55,"May 5, 2015",A Few Best Men,15000000,0,17224539,17224539,-15000000,2224539,2224539,-0.004,0.001,0.001,Foreign
3155,3155,56,"Oct 10, 2014",AutÃ³mata,15000000,0,6775458,6775458,-15000000,-8224542,-8224542,-0.004,-0.002,-0.002,Foreign
3156,3156,57,"Dec 31, 2015",Chiamatemi Francesco - Il papa della gente,15000000,0,3925769,3925769,-15000000,-11074231,-11074231,-0.004,-0.003,-0.003,Foreign
3157,3157,58,"Dec 31, 2008",Bathory,15000000,0,3436763,3436763,-15000000,-11563237,-11563237,-0.004,-0.003,-0.003,Foreign
3158,3158,59,"Feb 5, 2010",San suk si gin,15000000,0,2013340,2013340,-15000000,-12986660,-12986660,-0.004,-0.004,-0.004,Foreign
3159,3159,60,"Dec 31, 2005",Dungeons & Dragons: Wrath of the Dragon God,15000000,0,909822,909822,-15000000,-14090178,-14090178,-0.004,-0.004,-0.004,Foreign
3160,3160,61,"Feb 17, 2017",In Dubious Battle,15000000,0,214182,214182,-15000000,-14785818,-14785818,-0.004,-0.004,-0.004,Foreign
3161,3161,62,"Sep 1, 2015",Broken Horses,15000000,0,3471,3471,-15000000,-14996529,-14996529,-0.004,-0.004,-0.004,Foreign
3162,3162,63,"Jun 29, 2001",Pandaemonium,15000000,0,0,0,-15000000,-15000000,-15000000,-0.004,-0.004,-0.004,Foreign
3163,3163,64,"Aug 14, 2019",Blinded by the Light,15000000,0,0,0,-15000000,-15000000,-15000000,-0.004,-0.004,-0.004,Foreign
3168,3168,69,"Jun 5, 2015",Freedom,14500000,0,872757,872757,-14500000,-13627243,-13627243,-0.004,-0.004,-0.004,Foreign
3227,3227,28,"Nov 1, 2016",Reign of Assassins,14000000,0,11354230,11354230,-14000000,-2645770,-2645770,-0.004,-0.001,-0.001,Foreign
3228,3228,29,"Oct 27, 2009",Stan Helsing: A Parody,14000000,0,1553556,1553556,-14000000,-12446444,-12446444,-0.004,-0.004,-0.004,Foreign
3231,3231,32,"Dec 31, 2008",Ca$h,13700000,0,11738256,11738256,-13700000,-1961744,-1961744,-0.004,-0.001,-0.001,Foreign
3311,3311,12,"Mar 30, 2012",Womb,13000000,0,0,0,-13000000,-13000000,-13000000,-0.004,-0.004,-0.004,Foreign
3312,3312,13,"Dec 31, 2019",Rogue City,13000000,0,0,0,-13000000,-13000000,-13000000,-0.004,-0.004,-0.004,Foreign
3448,3448,49,"Apr 7, 2009",1612,12000000,0,5400624,5400624,-12000000,-6599376,-6599376,-0.003,-0.002,-0.002,Foreign
3449,3449,50,"Dec 31, 2015",San cheng ji,12000000,0,1950194,1950194,-12000000,-10049806,-10049806,-0.003,-0.003,-0.003,Foreign
3450,3450,51,"Dec 31, 2011",Tu Xia Chuan Qi,12000000,0,1828400,1828400,-12000000,-10171600,-10171600,-0.003,-0.003,-0.003,Foreign
3451,3451,52,"Feb 10, 2010",Triangle,12000000,0,1594955,1594955,-12000000,-10405045,-10405045,-0.003,-0.003,-0.003,Foreign
3452,3452,53,"Oct 19, 2013",Supesu Batorushippu Yamato,12000000,0,0,0,-12000000,-12000000,-12000000,-0.003,-0.003,-0.003,Foreign
3453,3453,54,"Oct 3, 2014",Drive Hard,12000000,0,0,0,-12000000,-12000000,-12000000,-0.003,-0.003,-0.003,Foreign
3454,3454,55,"Oct 30, 2015",Dancin' It's On,12000000,0,0,0,-12000000,-12000000,-12000000,-0.003,-0.003,-0.003,Foreign
3455,3455,56,"Jun 5, 2009",Home,12000000,0,0,0,-12000000,-12000000,-12000000,-0.003,-0.003,-0.003,Foreign
3462,3462,63,"Nov 27, 2009",The Cry of the Owl,11500000,0,0,0,-11500000,-11500000,-11500000,-0.003,-0.003,-0.003,Foreign
3512,3512,13,"May 8, 2015",La famille BÃ©lier,11000000,0,82438670,82438670,-11000000,71438670,71438670,-0.003,0.021,0.021,Foreign
3513,3513,14,"May 4, 2012",LOL,11000000,0,10431506,10431506,-11000000,-568494,-568494,-0.003,-0.0,-0.0,Foreign
3514,3514,15,"Feb 5, 2016",Misconduct,11000000,0,2352511,2352511,-11000000,-8647489,-8647489,-0.003,-0.002,-0.002,Foreign
3515,3515,16,"Dec 31, 2019",Eli,11000000,0,0,0,-11000000,-11000000,-11000000,-0.003,-0.003,-0.003,Foreign
3531,3531,32,"Jan 4, 2019",PMC: deo beong-keo,10300000,0,12478635,12478635,-10300000,2178635,2178635,-0.003,0.001,0.001,Foreign
3732,3732,33,"Dec 31, 2010",The Reef,10000000,0,15037867,15037867,-10000000,5037867,5037867,-0.003,0.001,0.001,Foreign
3733,3733,34,"Jan 8, 2008",White Noise 2: The Light,10000000,0,8243567,8243567,-10000000,-1756433,-1756433,-0.003,-0.001,-0.001,Foreign
3734,3734,35,"Jul 21, 2015",American Heist,10000000,0,2341218,2341218,-10000000,-7658782,-7658782,-0.003,-0.002,-0.002,Foreign
3735,3735,36,"Oct 8, 2010",It's a Wonderful Afterlife,10000000,0,1642939,1642939,-10000000,-8357061,-8357061,-0.003,-0.002,-0.002,Foreign
3736,3736,37,"Jun 21, 2011",You Got Served: Beat The World,10000000,0,1230542,1230542,-10000000,-8769458,-8769458,-0.003,-0.003,-0.003,Foreign
3737,3737,38,"Aug 21, 2009",Fifty Dead Men Walking,10000000,0,997921,997921,-10000000,-9002079,-9002079,-0.003,-0.003,-0.003,Foreign
3738,3738,39,"Sep 26, 2014",Plastic,10000000,0,575371,575371,-10000000,-9424629,-9424629,-0.003,-0.003,-0.003,Foreign
3739,3739,40,"Mar 10, 2015",Jungle Shuffle,10000000,0,360898,360898,-10000000,-9639102,-9639102,-0.003,-0.003,-0.003,Foreign
3740,3740,41,"Sep 22, 2009",Adam Resurrected,10000000,0,90909,90909,-10000000,-9909091,-9909091,-0.003,-0.003,-0.003,Foreign
3741,3741,42,"May 26, 2009",The Devil's Tomb,10000000,0,0,0,-10000000,-10000000,-10000000,-0.003,-0.003,-0.003,Foreign
3742,3742,43,"Dec 31, 2009",Good Intentions,10000000,0,0,0,-10000000,-10000000,-10000000,-0.003,-0.003,-0.003,Foreign
3743,3743,44,"Feb 2, 2007",Partition,10000000,0,0,0,-10000000,-10000000,-10000000,-0.003,-0.003,-0.003,Foreign
3744,3744,45,"Apr 13, 2012",Detention,10000000,0,0,0,-10000000,-10000000,-10000000,-0.003,-0.003,-0.003,Foreign
3745,3745,46,"Feb 7, 2014",Nurse 3D,10000000,0,0,0,-10000000,-10000000,-10000000,-0.003,-0.003,-0.003,Foreign
3746,3746,47,"May 19, 2015",Into the Grizzly Maze,10000000,0,0,0,-10000000,-10000000,-10000000,-0.003,-0.003,-0.003,Foreign
3758,3758,59,"Dec 31, 2013",Re-Kill,9500000,0,0,0,-9500000,-9500000,-9500000,-0.003,-0.003,-0.003,Foreign
3766,3766,67,"Dec 31, 2011",Red Dog,9100000,0,20927794,20927794,-9100000,11827794,11827794,-0.003,0.003,0.003,Foreign
3767,3767,68,"Dec 31, 2010",Mine Vaganti,9100000,0,18872126,18872126,-9100000,9772126,9772126,-0.003,0.003,0.003,Foreign
3819,3819,20,"Jun 17, 2014",Beneath Hill 60,9000000,0,3440939,3440939,-9000000,-5559061,-5559061,-0.003,-0.002,-0.002,Foreign
3820,3820,21,"Jan 20, 2015",Veronika Decides to Die,9000000,0,2243,2243,-9000000,-8997757,-8997757,-0.003,-0.003,-0.003,Foreign
3821,3821,22,"Oct 10, 1968",Barbarella,9000000,0,0,0,-9000000,-9000000,-9000000,-0.003,-0.003,-0.003,Foreign
3822,3822,23,"Feb 1, 2013",A Haunting in Connecticut 2: The Ghosts of Georgia,9000000,0,0,0,-9000000,-9000000,-9000000,-0.003,-0.003,-0.003,Foreign
3825,3825,26,"Feb 26, 2011",Ultramarines,8900000,0,0,0,-8900000,-8900000,-8900000,-0.003,-0.003,-0.003,Foreign
3827,3827,28,"Dec 31, 2004",The I Inside,8800000,0,0,0,-8800000,-8800000,-8800000,-0.003,-0.003,-0.003,Foreign
3849,3849,50,"Dec 31, 2017",Posledniy bogatyr,8500000,0,30700192,30700192,-8500000,22200192,22200192,-0.002,0.006,0.006,Foreign
3850,3850,51,"Nov 1, 2016",A.C.O.R.N.S.: Operation Crackdown,8500000,0,1353287,1353287,-8500000,-7146713,-7146713,-0.002,-0.002,-0.002,Foreign
3857,3857,58,"Nov 24, 2006",Kurtlar vadisi - Irak,8300000,0,24906717,24906717,-8300000,16606717,16606717,-0.002,0.005,0.005,Foreign
3936,3936,37,"Dec 31, 2005",Welcome to Dongmakgol,8000000,0,48000000,48000000,-8000000,40000000,40000000,-0.002,0.012,0.012,Foreign
3937,3937,38,"Sep 20, 2013",Feichang Xingyun,8000000,0,21970000,21970000,-8000000,13970000,13970000,-0.002,0.004,0.004,Foreign
3938,3938,39,"Sep 29, 2017","Don Gato, el inicio de la pandilla",8000000,0,4604656,4604656,-8000000,-3395344,-3395344,-0.002,-0.001,-0.001,Foreign
3939,3939,40,"Sep 4, 2007",The Death and Life of Bobby Z,8000000,0,414617,414617,-8000000,-7585383,-7585383,-0.002,-0.002,-0.002,Foreign
3940,3940,41,"Apr 24, 2018",Backstabbing For Beginners,8000000,0,343773,343773,-8000000,-7656227,-7656227,-0.002,-0.002,-0.002,Foreign
3941,3941,42,"Aug 12, 2014",Swelter,8000000,0,44197,44197,-8000000,-7955803,-7955803,-0.002,-0.002,-0.002,Foreign
3942,3942,43,"Nov 30, 2007",Maurice Richard,8000000,0,0,0,-8000000,-8000000,-8000000,-0.002,-0.002,-0.002,Foreign
3943,3943,44,"Feb 24, 2015",Green Street Hooligans: Underground,8000000,0,0,0,-8000000,-8000000,-8000000,-0.002,-0.002,-0.002,Foreign
3944,3944,45,"Dec 31, 2009",Christmas in Beverly Hills,8000000,0,0,0,-8000000,-8000000,-8000000,-0.002,-0.002,-0.002,Foreign
3945,3945,46,"Dec 31, 2015",Henry Joseph Church,8000000,0,0,0,-8000000,-8000000,-8000000,-0.002,-0.002,-0.002,Foreign
3946,3946,47,"May 6, 2016",Code of Honor,8000000,0,0,0,-8000000,-8000000,-8000000,-0.002,-0.002,-0.002,Foreign
3947,3947,48,"Jun 21, 2019",Burn Your Maps,8000000,0,0,0,-8000000,-8000000,-8000000,-0.002,-0.002,-0.002,Foreign
3972,3972,73,"Dec 31, 2001",The Hole,7500000,0,10834406,10834406,-7500000,3334406,3334406,-0.002,0.001,0.001,Foreign
3973,3973,74,"Jan 9, 2015",Black November,7500000,0,32572,32572,-7500000,-7467428,-7467428,-0.002,-0.002,-0.002,Foreign
3974,3974,75,"Feb 24, 2015",Outside Bet,7500000,0,13524,13524,-7500000,-7486476,-7486476,-0.002,-0.002,-0.002,Foreign
3975,3975,76,"May 15, 2015",Pound of Flesh,7500000,0,0,0,-7500000,-7500000,-7500000,-0.002,-0.002,-0.002,Foreign
3981,3981,82,"May 27, 2011",Die Welle,7250000,0,35122948,35122948,-7250000,27872948,27872948,-0.002,0.008,0.008,Foreign
4061,4061,62,"Jan 28, 2014",Snezhnaya koroleva,7000000,0,15193977,15193977,-7000000,8193977,8193977,-0.002,0.002,0.002,Foreign
4062,4062,63,"Dec 6, 2016",Oddball,7000000,0,10237229,10237229,-7000000,3237229,3237229,-0.002,0.001,0.001,Foreign
4063,4063,64,"Aug 18, 2015",Z Storm,7000000,0,2053330,2053330,-7000000,-4946670,-4946670,-0.002,-0.001,-0.001,Foreign
4064,4064,65,"Dec 31, 2015",Geroy,7000000,0,1545121,1545121,-7000000,-5454879,-5454879,-0.002,-0.002,-0.002,Foreign
4065,4065,66,"Jul 23, 2013",Twixt,7000000,0,1268346,1268346,-7000000,-5731654,-5731654,-0.002,-0.002,-0.002,Foreign
4066,4066,67,"Nov 20, 2015",Criminal Activities,7000000,0,386744,386744,-7000000,-6613256,-6613256,-0.002,-0.002,-0.002,Foreign
4067,4067,68,"Dec 11, 2007",High School Musical 2,7000000,0,0,0,-7000000,-7000000,-7000000,-0.002,-0.002,-0.002,Foreign
4068,4068,69,"Dec 12, 2008",The Kings of Appletown,7000000,0,0,0,-7000000,-7000000,-7000000,-0.002,-0.002,-0.002,Foreign
4069,4069,70,"Mar 11, 2008",Stargate - The Ark of Truth,7000000,0,0,0,-7000000,-7000000,-7000000,-0.002,-0.002,-0.002,Foreign
4070,4070,71,"Sep 1, 2015",Alpha & Omega: The Legend of the Saw Tooth Cave,7000000,0,0,0,-7000000,-7000000,-7000000,-0.002,-0.002,-0.002,Foreign
4074,4074,75,"Jan 31, 2017",Two Lovers and a Bear,6840000,0,22273,22273,-6840000,-6817727,-6817727,-0.002,-0.002,-0.002,Foreign
4103,4103,4,"Dec 31, 2011",Tracker,6500000,0,3149,3149,-6500000,-6496851,-6496851,-0.002,-0.002,-0.002,Foreign
4189,4189,90,"Aug 12, 2005",11:14,6000000,0,0,0,-6000000,-6000000,-6000000,-0.002,-0.002,-0.002,Foreign
4190,4190,91,"Feb 9, 2010",Icarus,6000000,0,0,0,-6000000,-6000000,-6000000,-0.002,-0.002,-0.002,Foreign
4191,4191,92,"Dec 19, 1995",Men of War,6000000,0,0,0,-6000000,-6000000,-6000000,-0.002,-0.002,-0.002,Foreign
4192,4192,93,"Mar 15, 2011",A Shine of Rainbows,6000000,0,0,0,-6000000,-6000000,-6000000,-0.002,-0.002,-0.002,Foreign
4193,4193,94,"Dec 31, 2011",Freaky Deaky,6000000,0,0,0,-6000000,-6000000,-6000000,-0.002,-0.002,-0.002,Foreign
4194,4194,95,"May 10, 2011",The Hit List,6000000,0,0,0,-6000000,-6000000,-6000000,-0.002,-0.002,-0.002,Foreign
4232,4232,33,"May 5, 2015",Miss Julie,5500000,0,863895,863895,-5500000,-4636105,-4636105,-0.002,-0.001,-0.001,Foreign
4233,4233,34,"Dec 31, 2008",Animals,5500000,0,0,0,-5500000,-5500000,-5500000,-0.002,-0.002,-0.002,Foreign
4235,4235,36,"Feb 26, 2013",Tao Jie,5400000,0,4728896,4728896,-5400000,-671104,-671104,-0.002,-0.0,-0.0,Foreign
4237,4237,38,"Jul 19, 2013",Grabbers,5300000,0,440821,440821,-5300000,-4859179,-4859179,-0.002,-0.001,-0.001,Foreign
4242,4242,43,"Feb 24, 2017",The Girl with all the Gifts,5250000,0,4801837,4801837,-5250000,-448163,-448163,-0.002,-0.0,-0.0,Foreign
4381,4381,82,"Oct 26, 2012",Mientras duermes,5000000,0,9109597,9109597,-5000000,4109597,4109597,-0.001,0.001,0.001,Foreign
4382,4382,83,"Jul 7, 2009",Flying By,5000000,0,4568257,4568257,-5000000,-431743,-431743,-0.001,-0.0,-0.0,Foreign
4383,4383,84,"Dec 31, 2008",The Cottage,5000000,0,1504960,1504960,-5000000,-3495040,-3495040,-0.001,-0.001,-0.001,Foreign
4384,4384,85,"Dec 5, 2014",Dying of the Light,5000000,0,74639,74639,-5000000,-4925361,-4925361,-0.001,-0.001,-0.001,Foreign
4385,4385,86,"Sep 2, 2016",Yoga Hosers,5000000,0,22958,22958,-5000000,-4977042,-4977042,-0.001,-0.001,-0.001,Foreign
4386,4386,87,"Feb 17, 2009",Dead Like Me: Life After Death,5000000,0,0,0,-5000000,-5000000,-5000000,-0.001,-0.001,-0.001,Foreign
4387,4387,88,"Jan 30, 2007",Farce of the Penguins,5000000,0,0,0,-5000000,-5000000,-5000000,-0.001,-0.001,-0.001,Foreign
4388,4388,89,"Dec 31, 2010",Psych 9,5000000,0,0,0,-5000000,-5000000,-5000000,-0.001,-0.001,-0.001,Foreign
4389,4389,90,"Nov 21, 2014",Reach Me,5000000,0,0,0,-5000000,-5000000,-5000000,-0.001,-0.001,-0.001,Foreign
4390,4390,91,"Aug 18, 2014",Henry & Me,5000000,0,0,0,-5000000,-5000000,-5000000,-0.001,-0.001,-0.001,Foreign
4391,4391,92,"Jan 27, 2015",Born of War,5000000,0,0,0,-5000000,-5000000,-5000000,-0.001,-0.001,-0.001,Foreign
4392,4392,93,"Jan 9, 2015",Let's Kill Ward's Wife,5000000,0,0,0,-5000000,-5000000,-5000000,-0.001,-0.001,-0.001,Foreign
4393,4393,94,"Jan 13, 2015",Capricorn One,5000000,0,0,0,-5000000,-5000000,-5000000,-0.001,-0.001,-0.001,Foreign
4394,4394,95,"Dec 31, 2011",We Have Your Husband,5000000,0,0,0,-5000000,-5000000,-5000000,-0.001,-0.001,-0.001,Foreign
4395,4395,96,"Dec 31, 2012",Should've Been Romeo,5000000,0,0,0,-5000000,-5000000,-5000000,-0.001,-0.001,-0.001,Foreign
4396,4396,97,"Dec 31, 2015",Aztec Warrior,5000000,0,0,0,-5000000,-5000000,-5000000,-0.001,-0.001,-0.001,Foreign
4397,4397,98,"Sep 25, 2015",Navy SEAL vs. Zombies,5000000,0,0,0,-5000000,-5000000,-5000000,-0.001,-0.001,-0.001,Foreign
4398,4398,99,"Mar 15, 2016",The Hatching,5000000,0,0,0,-5000000,-5000000,-5000000,-0.001,-0.001,-0.001,Foreign
4399,4399,100,"Oct 27, 2015",Running Forever,5000000,0,0,0,-5000000,-5000000,-5000000,-0.001,-0.001,-0.001,Foreign
4413,4413,14,"Dec 31, 2011",Without Men,4700000,0,0,0,-4700000,-4700000,-4700000,-0.001,-0.001,-0.001,Foreign
4414,4414,15,"Mar 10, 2015",Treading Water,4700000,0,0,0,-4700000,-4700000,-4700000,-0.001,-0.001,-0.001,Foreign
4454,4454,55,"Jun 25, 2013",Hansel & Gretel Get Baked,4500000,0,0,0,-4500000,-4500000,-4500000,-0.001,-0.001,-0.001,Foreign
4455,4455,56,"Nov 7, 2014",Fugly,4500000,0,0,0,-4500000,-4500000,-4500000,-0.001,-0.001,-0.001,Foreign
4456,4456,57,"Aug 28, 2015",Zipper,4500000,0,0,0,-4500000,-4500000,-4500000,-0.001,-0.001,-0.001,Foreign
4457,4457,58,"Nov 3, 2015",The Final Girls,4500000,0,0,0,-4500000,-4500000,-4500000,-0.001,-0.001,-0.001,Foreign
4458,4458,59,"Dec 1, 2017",Daisy Winters,4500000,0,0,0,-4500000,-4500000,-4500000,-0.001,-0.001,-0.001,Foreign
4461,4461,62,"Dec 31, 2016",Airlift (2016),4400000,0,9969237,9969237,-4400000,5569237,5569237,-0.001,0.002,0.002,Foreign
4462,4462,63,"Sep 29, 2015",R.L. Stine's Monsterville: The Cabinet of Souls,4400000,0,0,0,-4400000,-4400000,-4400000,-0.001,-0.001,-0.001,Foreign
4463,4463,64,"Jun 6, 2014",Anna,4357373,0,1200000,1200000,-4357373,-3157373,-3157373,-0.001,-0.001,-0.001,Foreign
4472,4472,73,"Oct 21, 2011",Cargo,4200000,0,313230,313230,-4200000,-3886770,-3886770,-0.001,-0.001,-0.001,Foreign
4473,4473,74,"May 23, 2006",High School Musical,4200000,0,0,0,-4200000,-4200000,-4200000,-0.001,-0.001,-0.001,Foreign
4553,4553,54,"Dec 31, 2017",Perfectos Desconocidos,4000000,0,31166312,31166312,-4000000,27166312,27166312,-0.001,0.008,0.008,Foreign
4554,4554,55,"Dec 31, 2013",Geograf globus propil,4000000,0,4454853,4454853,-4000000,454853,454853,-0.001,0.0,0.0,Foreign
4555,4555,56,"Mar 20, 2012",A Lonely Place to Die,4000000,0,442550,442550,-4000000,-3557450,-3557450,-0.001,-0.001,-0.001,Foreign
4556,4556,57,"Dec 31, 2003",Nothing,4000000,0,63180,63180,-4000000,-3936820,-3936820,-0.001,-0.001,-0.001,Foreign
4557,4557,58,"Jun 1, 2012",The Loved Ones,4000000,0,12302,12302,-4000000,-3987698,-3987698,-0.001,-0.001,-0.001,Foreign
4558,4558,59,"Nov 9, 1972",1776,4000000,0,0,0,-4000000,-4000000,-4000000,-0.001,-0.001,-0.001,Foreign
4559,4559,60,"Nov 15, 1930",Hell's Angels,4000000,0,0,0,-4000000,-4000000,-4000000,-0.001,-0.001,-0.001,Foreign
4560,4560,61,"Aug 26, 2008",Purple Violets,4000000,0,0,0,-4000000,-4000000,-4000000,-0.001,-0.001,-0.001,Foreign
4561,4561,62,"Nov 9, 2012",Replicas,4000000,0,0,0,-4000000,-4000000,-4000000,-0.001,-0.001,-0.001,Foreign
4562,4562,63,"Dec 31, 2012",The Helpers,4000000,0,0,0,-4000000,-4000000,-4000000,-0.001,-0.001,-0.001,Foreign
4563,4563,64,"Dec 31, 2015",The Veil,4000000,0,0,0,-4000000,-4000000,-4000000,-0.001,-0.001,-0.001,Foreign
4564,4564,65,"Jul 11, 2014",The Perfect Wave,4000000,0,0,0,-4000000,-4000000,-4000000,-0.001,-0.001,-0.001,Foreign
4565,4565,66,"Dec 31, 2012",How to Fall in Love,4000000,0,0,0,-4000000,-4000000,-4000000,-0.001,-0.001,-0.001,Foreign
4566,4566,67,"Sep 8, 2015",Chain of Command,4000000,0,0,0,-4000000,-4000000,-4000000,-0.001,-0.001,-0.001,Foreign
4575,4575,76,"Dec 31, 1974",The Taking of Pelham One Two Three,3800000,0,0,0,-3800000,-3800000,-3800000,-0.001,-0.001,-0.001,Foreign
4586,4586,87,"Dec 31, 2017",UtÃ¸ya 22. juli,3600000,0,173156,173156,-3600000,-3426844,-3426844,-0.001,-0.001,-0.001,Foreign
4624,4624,25,"Dec 31, 2011",The Kick,3500000,0,40622,40622,-3500000,-3459378,-3459378,-0.001,-0.001,-0.001,Foreign
4625,4625,26,"Jun 30, 2009",The Betrayed,3500000,0,0,0,-3500000,-3500000,-3500000,-0.001,-0.001,-0.001,Foreign
4626,4626,27,"Oct 1, 2006",The Secret,3500000,0,0,0,-3500000,-3500000,-3500000,-0.001,-0.001,-0.001,Foreign
4627,4627,28,"Jun 28, 2011",2:13,3500000,0,0,0,-3500000,-3500000,-3500000,-0.001,-0.001,-0.001,Foreign
4628,4628,29,"Jan 29, 2013","Batman: The Dark Knight Returns, Part 2",3500000,0,0,0,-3500000,-3500000,-3500000,-0.001,-0.001,-0.001,Foreign
4629,4629,30,"Mar 11, 2014",In the Name of the King III,3500000,0,0,0,-3500000,-3500000,-3500000,-0.001,-0.001,-0.001,Foreign
4630,4630,31,"Mar 4, 2014",Wicked Blood,3500000,0,0,0,-3500000,-3500000,-3500000,-0.001,-0.001,-0.001,Foreign
4631,4631,32,"Jun 5, 2015",Dawn Patrol,3500000,0,0,0,-3500000,-3500000,-3500000,-0.001,-0.001,-0.001,Foreign
4633,4633,34,"Sep 1, 2015",Lords of London,3440000,0,0,0,-3440000,-3440000,-3440000,-0.001,-0.001,-0.001,Foreign
4640,4640,41,"Mar 3, 2015",To Write Love On Her Arms,3400000,0,0,0,-3400000,-3400000,-3400000,-0.001,-0.001,-0.001,Foreign
4641,4641,42,"Feb 16, 1956",Carousel,3380000,0,3604,3604,-3380000,-3376396,-3376396,-0.001,-0.001,-0.001,Foreign
4647,4647,48,"Jan 20, 2015",The Opposite Sex,3300000,0,50206,50206,-3300000,-3249794,-3249794,-0.001,-0.001,-0.001,Foreign
4662,4662,63,"Apr 12, 2013",Antiviral,3100000,0,123407,123407,-3100000,-2976593,-2976593,-0.001,-0.001,-0.001,Foreign
4755,4755,56,"Oct 10, 2017",Demonic,3000000,0,4668109,4668109,-3000000,1668109,1668109,-0.001,0.0,0.0,Foreign
4756,4756,57,"Apr 15, 2008",Ã l\'intÃ©rieur,3000000,0,895932,895932,-3000000,-2104068,-2104068,-0.001,-0.001,-0.001,Foreign
4757,4757,58,"Jun 27, 2014",They Came Together,3000000,0,82780,82780,-3000000,-2917220,-2917220,-0.001,-0.001,-0.001,Foreign
4758,4758,59,"May 21, 2013",Open Road,3000000,0,47469,47469,-3000000,-2952531,-2952531,-0.001,-0.001,-0.001,Foreign
4759,4759,60,"Jul 28, 1951",Alice in Wonderland,3000000,0,0,0,-3000000,-3000000,-3000000,-0.001,-0.001,-0.001,Foreign
4760,4760,61,"Oct 1, 2010",Barry Munday,3000000,0,0,0,-3000000,-3000000,-3000000,-0.001,-0.001,-0.001,Foreign
4761,4761,62,"Dec 31, 2009",The Deported,3000000,0,0,0,-3000000,-3000000,-3000000,-0.001,-0.001,-0.001,Foreign
4762,4762,63,"Dec 31, 2009",Chicago Overcoat,3000000,0,0,0,-3000000,-3000000,-3000000,-0.001,-0.001,-0.001,Foreign
4763,4763,64,"Sep 13, 2011",Never Back Down 2: The Beatdown,3000000,0,0,0,-3000000,-3000000,-3000000,-0.001,-0.001,-0.001,Foreign
4764,4764,65,"Dec 31, 2015",AWOL-72,3000000,0,0,0,-3000000,-3000000,-3000000,-0.001,-0.001,-0.001,Foreign
4765,4765,66,"Jan 15, 2013",30 Nights Of Paranormal Activity With The Devil Inside The Girl With The Dragon Tattoo,3000000,0,0,0,-3000000,-3000000,-3000000,-0.001,-0.001,-0.001,Foreign
4766,4766,67,"Feb 6, 2015",Enter the Dangerous Mind,3000000,0,0,0,-3000000,-3000000,-3000000,-0.001,-0.001,-0.001,Foreign
4767,4767,68,"Mar 17, 2015",Something Wicked,3000000,0,0,0,-3000000,-3000000,-3000000,-0.001,-0.001,-0.001,Foreign
4768,4768,69,"Sep 18, 1967",Point Blank,3000000,0,0,0,-3000000,-3000000,-3000000,-0.001,-0.001,-0.001,Foreign
4769,4769,70,"Oct 27, 2014",Iguana,3000000,0,0,0,-3000000,-3000000,-3000000,-0.001,-0.001,-0.001,Foreign
4770,4770,71,"Dec 31, 2009",Four Single Fathers,3000000,0,0,0,-3000000,-3000000,-3000000,-0.001,-0.001,-0.001,Foreign
4771,4771,72,"Aug 14, 2015",Amnesiac,3000000,0,0,0,-3000000,-3000000,-3000000,-0.001,-0.001,-0.001,Foreign
4772,4772,73,"Dec 31, 2015",Unnatural,3000000,0,0,0,-3000000,-3000000,-3000000,-0.001,-0.001,-0.001,Foreign
4773,4773,74,"Dec 11, 2015",Close Range,3000000,0,0,0,-3000000,-3000000,-3000000,-0.001,-0.001,-0.001,Foreign
4794,4794,95,"Dec 31, 2015",Sardaar Ji,2700000,0,8200000,8200000,-2700000,5500000,5500000,-0.001,0.002,0.002,Foreign
4795,4795,96,"Dec 31, 2008",Rejsen til Saturn,2700000,0,5377665,5377665,-2700000,2677665,2677665,-0.001,0.001,0.001,Foreign
4797,4797,98,"Jan 12, 1956",Diane,2660000,0,0,0,-2660000,-2660000,-2660000,-0.001,-0.001,-0.001,Foreign
4806,4806,7,"Dec 31, 2011",La Cara Oculta,2600000,0,7033931,7033931,-2600000,4433931,4433931,-0.001,0.001,0.001,Foreign
4807,4807,8,"Dec 7, 2007",Timber Falls,2600000,0,71248,71248,-2600000,-2528752,-2528752,-0.001,-0.001,-0.001,Foreign
4808,4808,9,"Dec 31, 2008",Silver Medalist,2600000,0,0,0,-2600000,-2600000,-2600000,-0.001,-0.001,-0.001,Foreign
4809,4809,10,"Apr 1, 2011","Fat, Sick & Nearly Dead",2600000,0,0,0,-2600000,-2600000,-2600000,-0.001,-0.001,-0.001,Foreign
4842,4842,43,"Dec 31, 2009",The Calling,2500000,0,0,0,-2500000,-2500000,-2500000,-0.001,-0.001,-0.001,Foreign
4843,4843,44,"Jun 21, 2013",Alien Uprising,2500000,0,0,0,-2500000,-2500000,-2500000,-0.001,-0.001,-0.001,Foreign
4844,4844,45,"Dec 31, 2010",Christmas Mail,2500000,0,0,0,-2500000,-2500000,-2500000,-0.001,-0.001,-0.001,Foreign
4845,4845,46,"Jul 3, 2015",Stung,2500000,0,0,0,-2500000,-2500000,-2500000,-0.001,-0.001,-0.001,Foreign
4846,4846,47,"Sep 1, 2017",Sky Sharks,2500000,0,0,0,-2500000,-2500000,-2500000,-0.001,-0.001,-0.001,Foreign
4847,4847,48,"Oct 13, 2015",8 Days,2500000,0,0,0,-2500000,-2500000,-2500000,-0.001,-0.001,-0.001,Foreign
4848,4848,49,"Sep 2, 2016",Antibirth,2500000,0,0,0,-2500000,-2500000,-2500000,-0.001,-0.001,-0.001,Foreign
4849,4849,50,"Feb 2, 2016",The Rise of the Krays,2500000,0,0,0,-2500000,-2500000,-2500000,-0.001,-0.001,-0.001,Foreign
4850,4850,51,"Dec 31, 2014",Not Safe For Work,2500000,0,0,0,-2500000,-2500000,-2500000,-0.001,-0.001,-0.001,Foreign
4855,4855,56,"Dec 31, 2009",NiktÃ©,2400000,0,1333891,1333891,-2400000,-1066109,-1066109,-0.001,-0.0,-0.0,Foreign
4856,4856,57,"Nov 14, 2014",Always Woodstock,2400000,0,0,0,-2400000,-2400000,-2400000,-0.001,-0.001,-0.001,Foreign
4864,4864,65,"Apr 15, 2015",The Toxic Avenger Part II,2300000,0,0,0,-2300000,-2300000,-2300000,-0.001,-0.001,-0.001,Foreign
4865,4865,66,"Jan 19, 2016",Eden,2300000,0,0,0,-2300000,-2300000,-2300000,-0.001,-0.001,-0.001,Foreign
4866,4866,67,"Jun 19, 1987",The Brave Little Toaster,2300000,0,0,0,-2300000,-2300000,-2300000,-0.001,-0.001,-0.001,Foreign
4873,4873,74,"Dec 31, 2008",Impact Point,2200000,0,0,0,-2200000,-2200000,-2200000,-0.001,-0.001,-0.001,Foreign
4875,4875,76,"Dec 31, 2005",Chicken Tikka Masala,2160000,0,37865,37865,-2160000,-2122135,-2122135,-0.001,-0.001,-0.001,Foreign
4876,4876,77,"Oct 7, 2008",Jack Brooks: Monster Slayer,2150000,0,0,0,-2150000,-2150000,-2150000,-0.001,-0.001,-0.001,Foreign
4881,4881,82,"Jul 14, 2009",[Rec],2100000,0,23266821,23266821,-2100000,21166821,21166821,-0.001,0.006,0.006,Foreign
4882,4882,83,"Dec 31, 2012",Infected,2100000,0,0,0,-2100000,-2100000,-2100000,-0.001,-0.001,-0.001,Foreign
4883,4883,84,"Dec 31, 2010",Lies in Plain Sight,2100000,0,0,0,-2100000,-2100000,-2100000,-0.001,-0.001,-0.001,Foreign
4884,4884,85,"Oct 6, 2015",The Timber,2100000,0,0,0,-2100000,-2100000,-2100000,-0.001,-0.001,-0.001,Foreign
4885,4885,86,"Jan 19, 2016",Sharkskin,2100000,0,0,0,-2100000,-2100000,-2100000,-0.001,-0.001,-0.001,Foreign
4974,4974,75,"Dec 29, 2009",Lesbian Vampire Killers,2000000,0,3620902,3620902,-2000000,1620902,1620902,-0.001,0.0,0.0,Foreign
4975,4975,76,"Sep 9, 2011",Grave Encounters,2000000,0,2151887,2151887,-2000000,151887,151887,-0.001,0.0,0.0,Foreign
4976,4976,77,"Oct 23, 2015",Bone Tomahawk,2000000,0,475846,475846,-2000000,-1524154,-1524154,-0.001,-0.0,-0.0,Foreign
4977,4977,78,"Dec 10, 2004",Freeze Frame,2000000,0,105377,105377,-2000000,-1894623,-1894623,-0.001,-0.001,-0.001,Foreign
4978,4978,79,"Apr 1, 2013",Stitches,2000000,0,63555,63555,-2000000,-1936445,-1936445,-0.001,-0.001,-0.001,Foreign
4979,4979,80,"Dec 31, 2015","To Be Frank, Sinatra at 100",2000000,0,926,926,-2000000,-1999074,-1999074,-0.001,-0.001,-0.001,Foreign
4980,4980,81,"Apr 28, 1971",Bananas,2000000,0,0,0,-2000000,-2000000,-2000000,-0.001,-0.001,-0.001,Foreign
4981,4981,82,"Dec 31, 2009",Nine Dead,2000000,0,0,0,-2000000,-2000000,-2000000,-0.001,-0.001,-0.001,Foreign
4982,4982,83,"Oct 14, 2008",No Man's Land: The Rise of Reeker,2000000,0,0,0,-2000000,-2000000,-2000000,-0.001,-0.001,-0.001,Foreign
4983,4983,84,"Jul 7, 2007",Rockaway,2000000,0,0,0,-2000000,-2000000,-2000000,-0.001,-0.001,-0.001,Foreign
4984,4984,85,"Aug 12, 1927",Wings,2000000,0,0,0,-2000000,-2000000,-2000000,-0.001,-0.001,-0.001,Foreign
4985,4985,86,"Mar 17, 2015",The Lady from Shanghai,2000000,0,0,0,-2000000,-2000000,-2000000,-0.001,-0.001,-0.001,Foreign
4986,4986,87,"Mar 19, 2013",Straight A's,2000000,0,0,0,-2000000,-2000000,-2000000,-0.001,-0.001,-0.001,Foreign
4987,4987,88,"Mar 30, 2012",The Legend of Hellâs Gate: An American Conspiracy,2000000,0,0,0,-2000000,-2000000,-2000000,-0.001,-0.001,-0.001,Foreign
4988,4988,89,"Dec 31, 2012",Highway,2000000,0,0,0,-2000000,-2000000,-2000000,-0.001,-0.001,-0.001,Foreign
4989,4989,90,"Feb 8, 2013",Small Apartments,2000000,0,0,0,-2000000,-2000000,-2000000,-0.001,-0.001,-0.001,Foreign
4990,4990,91,"Jul 9, 2013",Coffee Town,2000000,0,0,0,-2000000,-2000000,-2000000,-0.001,-0.001,-0.001,Foreign
4991,4991,92,"Dec 31, 2014",Lucky Dog,2000000,0,0,0,-2000000,-2000000,-2000000,-0.001,-0.001,-0.001,Foreign
4992,4992,93,"Dec 31, 2001",Pendulum,2000000,0,0,0,-2000000,-2000000,-2000000,-0.001,-0.001,-0.001,Foreign
4993,4993,94,"Oct 16, 1966",A Funny Thing Happened on the Way to the Forum,2000000,0,0,0,-2000000,-2000000,-2000000,-0.001,-0.001,-0.001,Foreign
4994,4994,95,"Sep 23, 2008",Slacker Uprising,2000000,0,0,0,-2000000,-2000000,-2000000,-0.001,-0.001,-0.001,Foreign
4995,4995,96,"Mar 20, 2015",The Walking Deceased,2000000,0,0,0,-2000000,-2000000,-2000000,-0.001,-0.001,-0.001,Foreign
4996,4996,97,"Dec 31, 2011",True Bromance,2000000,0,0,0,-2000000,-2000000,-2000000,-0.001,-0.001,-0.001,Foreign
4997,4997,98,"Aug 21, 2015",The Curse of Downers Grove,2000000,0,0,0,-2000000,-2000000,-2000000,-0.001,-0.001,-0.001,Foreign
4998,4998,99,"Dec 31, 2015",Wind Walkers,2000000,0,0,0,-2000000,-2000000,-2000000,-0.001,-0.001,-0.001,Foreign
4999,4999,100,"Jul 8, 2016",The Dog Lover,2000000,0,0,0,-2000000,-2000000,-2000000,-0.001,-0.001,-0.001,Foreign
5000,5000,1,"Dec 1, 2015",Shark Lake,2000000,0,0,0,-2000000,-2000000,-2000000,-0.001,-0.001,-0.001,Foreign
5002,5002,3,"Apr 21, 2015",The Marine 4,1950000,0,0,0,-1950000,-1950000,-1950000,-0.001,-0.001,-0.001,Foreign
5012,5012,13,"Jul 26, 2013",Stranded,1900000,0,285593,285593,-1900000,-1614407,-1614407,-0.001,-0.0,-0.0,Foreign
5013,5013,14,"Dec 31, 2015",Vaalu,1900000,0,12444,12444,-1900000,-1887556,-1887556,-0.001,-0.001,-0.001,Foreign
5028,5028,29,"Dec 31, 2009",Deadline,1800000,0,0,0,-1800000,-1800000,-1800000,-0.001,-0.001,-0.001,Foreign
5029,5029,30,"Mar 13, 2007",Sublime,1800000,0,0,0,-1800000,-1800000,-1800000,-0.001,-0.001,-0.001,Foreign
5030,5030,31,"Feb 3, 2012",Dysfunctional Friends,1800000,0,0,0,-1800000,-1800000,-1800000,-0.001,-0.001,-0.001,Foreign
5031,5031,32,"Dec 31, 2013",Independence Daysaster,1800000,0,0,0,-1800000,-1800000,-1800000,-0.001,-0.001,-0.001,Foreign
5032,5032,33,"Mar 11, 2014",Against the Wild,1800000,0,0,0,-1800000,-1800000,-1800000,-0.001,-0.001,-0.001,Foreign
5033,5033,34,"Oct 20, 2015",Beginnerâs Guide to Sex,1800000,0,0,0,-1800000,-1800000,-1800000,-0.001,-0.001,-0.001,Foreign
5037,5037,38,"Apr 23, 2019",Living Dark: The Story of Ted the Caver,1750000,0,0,0,-1750000,-1750000,-1750000,-0.001,-0.001,-0.001,Foreign
5047,5047,48,"Feb 1, 2019",Braid,1660000,0,80745,80745,-1660000,-1579255,-1579255,-0.0,-0.0,-0.0,Foreign
5061,5061,62,"Aug 5, 1955",The Kingâs Thief,1577000,0,0,0,-1577000,-1577000,-1577000,-0.0,-0.0,-0.0,Foreign
5106,5106,7,"Oct 17, 2014",Housebound,1500000,0,236863,236863,-1500000,-1263137,-1263137,-0.0,-0.0,-0.0,Foreign
5107,5107,8,"Jul 20, 2018",Teefa in Trouble,1500000,0,98806,98806,-1500000,-1401194,-1401194,-0.0,-0.0,-0.0,Foreign
5108,5108,9,"Nov 4, 2005",Wal-Mart: The High Cost of Low Price,1500000,0,58692,58692,-1500000,-1441308,-1441308,-0.0,-0.0,-0.0,Foreign
5109,5109,10,"Apr 17, 2014",Closer to the Moon,1500000,0,5396,5396,-1500000,-1494604,-1494604,-0.0,-0.0,-0.0,Foreign
5110,5110,11,"Mar 17, 2006",Fetching Cody,1500000,0,0,0,-1500000,-1500000,-1500000,-0.0,-0.0,-0.0,Foreign
5111,5111,12,"Jun 3, 2011",The Lion of Judah,1500000,0,0,0,-1500000,-1500000,-1500000,-0.0,-0.0,-0.0,Foreign
5112,5112,13,"Nov 11, 2014",Once Upon a Time in Queens,1500000,0,0,0,-1500000,-1500000,-1500000,-0.0,-0.0,-0.0,Foreign
5113,5113,14,"Feb 13, 2015",Girlhouse,1500000,0,0,0,-1500000,-1500000,-1500000,-0.0,-0.0,-0.0,Foreign
5114,5114,15,"May 26, 2015",Mutant World,1500000,0,0,0,-1500000,-1500000,-1500000,-0.0,-0.0,-0.0,Foreign
5115,5115,16,"Nov 20, 2015",#Horror,1500000,0,0,0,-1500000,-1500000,-1500000,-0.0,-0.0,-0.0,Foreign
5116,5116,17,"Sep 8, 2015",Checkmate,1500000,0,0,0,-1500000,-1500000,-1500000,-0.0,-0.0,-0.0,Foreign
5125,5125,26,"May 1, 2010",My Girlfriend's Boyfriend,1400000,0,0,0,-1400000,-1400000,-1400000,-0.0,-0.0,-0.0,Foreign
5126,5126,27,"Dec 31, 2014",Kurmanjan datka,1400000,0,0,0,-1400000,-1400000,-1400000,-0.0,-0.0,-0.0,Foreign
5127,5127,28,"Dec 31, 2014",House at the End of the Drive,1400000,0,0,0,-1400000,-1400000,-1400000,-0.0,-0.0,-0.0,Foreign
5128,5128,29,"Jul 6, 1966",Batman - The Movie,1377800,0,0,0,-1377800,-1377800,-1377800,-0.0,-0.0,-0.0,Foreign
5143,5143,44,"May 24, 2011",Forget Me Not,1300000,0,13465,13465,-1300000,-1286535,-1286535,-0.0,-0.0,-0.0,Foreign
5144,5144,45,"Jun 8, 2010",The 41-Year-Old Virgin Who Knocked Up Sarah Marshall and Felt Superbad About It,1300000,0,0,0,-1300000,-1300000,-1300000,-0.0,-0.0,-0.0,Foreign
5145,5145,46,"Jun 26, 2015",The Algerian,1300000,0,0,0,-1300000,-1300000,-1300000,-0.0,-0.0,-0.0,Foreign
5153,5153,54,"Dec 31, 2016",Bodom,1250000,0,726460,726460,-1250000,-523540,-523540,-0.0,-0.0,-0.0,Foreign
5154,5154,55,"Oct 28, 1941",How Green Was My Valley,1250000,0,0,0,-1250000,-1250000,-1250000,-0.0,-0.0,-0.0,Foreign
5155,5155,56,"Jan 13, 2015",Da Sweet Blood of Jesus,1250000,0,0,0,-1250000,-1250000,-1250000,-0.0,-0.0,-0.0,Foreign
5179,5179,80,"Dec 31, 2008",Extreme Movie,1200000,0,81338,81338,-1200000,-1118662,-1118662,-0.0,-0.0,-0.0,Foreign
5180,5180,81,"Oct 20, 1936",The Charge of the Light Brigade,1200000,0,0,0,-1200000,-1200000,-1200000,-0.0,-0.0,-0.0,Foreign
5181,5181,82,"Jun 18, 2004",Grand Theft Parsons,1200000,0,0,0,-1200000,-1200000,-1200000,-0.0,-0.0,-0.0,Foreign
5182,5182,83,"Aug 28, 2012",Below Zero,1200000,0,0,0,-1200000,-1200000,-1200000,-0.0,-0.0,-0.0,Foreign
5183,5183,84,"Sep 7, 2012",Crowsnest,1200000,0,0,0,-1200000,-1200000,-1200000,-0.0,-0.0,-0.0,Foreign
5184,5184,85,"Sep 14, 2012",Airborne,1200000,0,0,0,-1200000,-1200000,-1200000,-0.0,-0.0,-0.0,Foreign
5185,5185,86,"Sep 9, 2014",Cotton Comes to Harlem,1200000,0,0,0,-1200000,-1200000,-1200000,-0.0,-0.0,-0.0,Foreign
5186,5186,87,"Feb 3, 2015",Bleeding Hearts,1200000,0,0,0,-1200000,-1200000,-1200000,-0.0,-0.0,-0.0,Foreign
5187,5187,88,"Dec 31, 2013",The Wicked Within,1200000,0,0,0,-1200000,-1200000,-1200000,-0.0,-0.0,-0.0,Foreign
5188,5188,89,"Dec 31, 2017",The Islands,1200000,0,0,0,-1200000,-1200000,-1200000,-0.0,-0.0,-0.0,Foreign
5202,5202,3,"Mar 7, 2017",Departure,1100000,0,27561,27561,-1100000,-1072439,-1072439,-0.0,-0.0,-0.0,Foreign
5203,5203,4,"Apr 7, 2009",Faith Like Potatoes,1100000,0,0,0,-1100000,-1100000,-1100000,-0.0,-0.0,-0.0,Foreign
5204,5204,5,"Mar 23, 2010",Lake Mungo,1100000,0,0,0,-1100000,-1100000,-1100000,-0.0,-0.0,-0.0,Foreign
5205,5205,6,"Apr 7, 2015",Silent Running,1100000,0,0,0,-1100000,-1100000,-1100000,-0.0,-0.0,-0.0,Foreign
5206,5206,7,"Dec 31, 2010",The Dead Undead,1100000,0,0,0,-1100000,-1100000,-1100000,-0.0,-0.0,-0.0,Foreign
5207,5207,8,"Dec 31, 2013",The Vatican Exorcisms,1100000,0,0,0,-1100000,-1100000,-1100000,-0.0,-0.0,-0.0,Foreign
5299,5299,100,"Dec 31, 2013",Heli,1000000,0,552614,552614,-1000000,-447386,-447386,-0.0,-0.0,-0.0,Foreign
5300,5300,1,"Dec 31, 2015",Karachi se Lahore,1000000,0,17721,17721,-1000000,-982279,-982279,-0.0,-0.0,-0.0,Foreign
5301,5301,2,"Dec 31, 2006",Loving Annabelle,1000000,0,5382,5382,-1000000,-994618,-994618,-0.0,-0.0,-0.0,Foreign
5302,5302,3,"Dec 11, 2015",American Hero,1000000,0,26,26,-1000000,-999974,-999974,-0.0,-0.0,-0.0,Foreign
5303,5303,4,"Dec 1, 2009",Frat Party,1000000,0,0,0,-1000000,-1000000,-1000000,-0.0,-0.0,-0.0,Foreign
5304,5304,5,"Sep 15, 2006",Jimmy and Judy,1000000,0,0,0,-1000000,-1000000,-1000000,-0.0,-0.0,-0.0,Foreign
5305,5305,6,"Oct 24, 2003",The Party's Over,1000000,0,0,0,-1000000,-1000000,-1000000,-0.0,-0.0,-0.0,Foreign
5306,5306,7,"Jul 17, 2009",The Poker House,1000000,0,0,0,-1000000,-1000000,-1000000,-0.0,-0.0,-0.0,Foreign
5307,5307,8,"Sep 23, 2005",Proud,1000000,0,0,0,-1000000,-1000000,-1000000,-0.0,-0.0,-0.0,Foreign
5308,5308,9,"Dec 31, 2008",Steppin: The Movie,1000000,0,0,0,-1000000,-1000000,-1000000,-0.0,-0.0,-0.0,Foreign
5309,5309,10,"Jan 29, 2010",Zombies of Mass Destruction,1000000,0,0,0,-1000000,-1000000,-1000000,-0.0,-0.0,-0.0,Foreign
5310,5310,11,"Mar 20, 2012",Snow White: A Deadly Summer,1000000,0,0,0,-1000000,-1000000,-1000000,-0.0,-0.0,-0.0,Foreign
5311,5311,12,"Oct 9, 2012",Truth or Die,1000000,0,0,0,-1000000,-1000000,-1000000,-0.0,-0.0,-0.0,Foreign
5312,5312,13,"May 14, 2013",Black Rock,1000000,0,0,0,-1000000,-1000000,-1000000,-0.0,-0.0,-0.0,Foreign
5313,5313,14,"Jan 7, 2014",Hidden Away,1000000,0,0,0,-1000000,-1000000,-1000000,-0.0,-0.0,-0.0,Foreign
5314,5314,15,"Oct 4, 2013",My Last Day Without You,1000000,0,0,0,-1000000,-1000000,-1000000,-0.0,-0.0,-0.0,Foreign
5315,5315,16,"Oct 8, 2013",Zombie Hunter,1000000,0,0,0,-1000000,-1000000,-1000000,-0.0,-0.0,-0.0,Foreign
5316,5316,17,"Dec 31, 2014",Doc Holliday's Revenge,1000000,0,0,0,-1000000,-1000000,-1000000,-0.0,-0.0,-0.0,Foreign
5317,5317,18,"Jun 24, 2014",A Fine Step,1000000,0,0,0,-1000000,-1000000,-1000000,-0.0,-0.0,-0.0,Foreign
5318,5318,19,"Feb 10, 2015",Fear Clinic,1000000,0,0,0,-1000000,-1000000,-1000000,-0.0,-0.0,-0.0,Foreign
5319,5319,20,"Mar 10, 2015",The Pet,1000000,0,0,0,-1000000,-1000000,-1000000,-0.0,-0.0,-0.0,Foreign
5320,5320,21,"Dec 31, 2014",Bang Bang Baby,1000000,0,0,0,-1000000,-1000000,-1000000,-0.0,-0.0,-0.0,Foreign
5321,5321,22,"Apr 8, 2016",Hush,1000000,0,0,0,-1000000,-1000000,-1000000,-0.0,-0.0,-0.0,Foreign
5322,5322,23,"Mar 1, 2016",1982,1000000,0,0,0,-1000000,-1000000,-1000000,-0.0,-0.0,-0.0,Foreign
5323,5323,24,"Oct 27, 2015",The Horror Network,1000000,0,0,0,-1000000,-1000000,-1000000,-0.0,-0.0,-0.0,Foreign
5324,5324,25,"Dec 31, 2016",Chemical Cut,1000000,0,0,0,-1000000,-1000000,-1000000,-0.0,-0.0,-0.0,Foreign
5325,5325,26,"Dec 22, 2015",Por amor en el caserio,1000000,0,0,0,-1000000,-1000000,-1000000,-0.0,-0.0,-0.0,Foreign
5329,5329,30,"Jan 10, 2014",Banshee Chapter,950000,0,78122,78122,-950000,-871878,-871878,-0.0,-0.0,-0.0,Foreign
5330,5330,31,"Dec 31, 2012",Trance,950000,0,0,0,-950000,-950000,-950000,-0.0,-0.0,-0.0,Foreign
5331,5331,32,"Aug 12, 2014",Jesse,950000,0,0,0,-950000,-950000,-950000,-0.0,-0.0,-0.0,Foreign
5332,5332,33,"Mar 3, 2015",Ask Me Anything,950000,0,0,0,-950000,-950000,-950000,-0.0,-0.0,-0.0,Foreign
5335,5335,36,"Nov 21, 2014",Food Chains,913000,0,176,176,-913000,-912824,-912824,-0.0,-0.0,-0.0,Foreign
5344,5344,45,"Dec 31, 2014",40 Weeks,900000,0,0,0,-900000,-900000,-900000,-0.0,-0.0,-0.0,Foreign
5345,5345,46,"May 5, 2015",Le bonheur d'Elza,900000,0,0,0,-900000,-900000,-900000,-0.0,-0.0,-0.0,Foreign
5351,5351,52,"Dec 31, 2012",Snitch,850000,0,0,0,-850000,-850000,-850000,-0.0,-0.0,-0.0,Foreign
5352,5352,53,"Dec 31, 2008",Harrison Montgomery,850000,0,0,0,-850000,-850000,-850000,-0.0,-0.0,-0.0,Foreign
5355,5355,56,"Aug 11, 2009",London to Brighton,825000,0,610776,610776,-825000,-214224,-214224,-0.0,-0.0,-0.0,Foreign
5356,5356,57,"Dec 31, 2009",Crying With Laughter,820000,0,16909,16909,-820000,-803091,-803091,-0.0,-0.0,-0.0,Foreign
5370,5370,71,"Jan 9, 2015",Vessel,800000,0,0,0,-800000,-800000,-800000,-0.0,-0.0,-0.0,Foreign
5373,5373,74,"Sep 8, 2006",Iraq for Sale: The War Profiteers,775000,0,0,0,-775000,-775000,-775000,-0.0,-0.0,-0.0,Foreign
5382,5382,83,"Oct 11, 2013",All the Boys Love Mandy Lane,750000,0,1960521,1960521,-750000,1210521,1210521,-0.0,0.0,0.0,Foreign
5383,5383,84,"Dec 31, 2014",Destiny,750000,0,450,450,-750000,-749550,-749550,-0.0,-0.0,-0.0,Foreign
5384,5384,85,"Apr 7, 2009",Bled,750000,0,0,0,-750000,-750000,-750000,-0.0,-0.0,-0.0,Foreign
5385,5385,86,"Jan 5, 2016",Adulterers,750000,0,0,0,-750000,-750000,-750000,-0.0,-0.0,-0.0,Foreign
5394,5394,95,"Jan 26, 2010",B-Girl,700000,0,1160,1160,-700000,-698840,-698840,-0.0,-0.0,-0.0,Foreign
5395,5395,96,"Mar 13, 2015",Walter,700000,0,0,0,-700000,-700000,-700000,-0.0,-0.0,-0.0,Foreign
5401,5401,2,"Dec 31, 2012",After,650000,0,0,0,-650000,-650000,-650000,-0.0,-0.0,-0.0,Foreign
5402,5402,3,"Dec 31, 2014",The Hadza: Last of the First,650000,0,0,0,-650000,-650000,-650000,-0.0,-0.0,-0.0,Foreign
5403,5403,4,"Dec 31, 2009",Starsuckers,640000,0,14812,14812,-640000,-625188,-625188,-0.0,-0.0,-0.0,Foreign
5404,5404,5,"Dec 31, 2013",Treachery,625000,0,0,0,-625000,-625000,-625000,-0.0,-0.0,-0.0,Foreign
5415,5415,16,"Mar 4, 2016",They Will Have to Kill Us First,600000,0,7943,7943,-600000,-592057,-592057,-0.0,-0.0,-0.0,Foreign
5416,5416,17,"Aug 23, 2002",Crop Circles: Quest for Truth,600000,0,0,0,-600000,-600000,-600000,-0.0,-0.0,-0.0,Foreign
5417,5417,18,"Aug 8, 2014",The Maid's Room,600000,0,0,0,-600000,-600000,-600000,-0.0,-0.0,-0.0,Foreign
5418,5418,19,"Dec 31, 2014",Light from the Darkroom,600000,0,0,0,-600000,-600000,-600000,-0.0,-0.0,-0.0,Foreign
5419,5419,20,"Feb 24, 2015",Irreplaceable,600000,0,0,0,-600000,-600000,-600000,-0.0,-0.0,-0.0,Foreign
5422,5422,23,"Dec 31, 2015",Julija in alfa Romeo,560000,0,8462,8462,-560000,-551538,-551538,-0.0,-0.0,-0.0,Foreign
5427,5427,28,"Mar 6, 2012",High Road,546173,0,0,0,-546173,-546173,-546173,-0.0,-0.0,-0.0,Foreign
5467,5467,68,"Dec 31, 2006",Feng kuang de shi tou,500000,0,3000000,3000000,-500000,2500000,2500000,-0.0,0.001,0.001,Foreign
5468,5468,69,"Jan 8, 2013",Now is Good,500000,0,2141436,2141436,-500000,1641436,1641436,-0.0,0.0,0.0,Foreign
5469,5469,70,"Dec 31, 2006",Griffin & Phoenix,500000,0,1355967,1355967,-500000,855967,855967,-0.0,0.0,0.0,Foreign
5470,5470,71,"Nov 2, 2001",Everything Put Together,500000,0,7890,7890,-500000,-492110,-492110,-0.0,-0.0,-0.0,Foreign
5471,5471,72,"Dec 31, 2010",Drones,500000,0,0,0,-500000,-500000,-500000,-0.0,-0.0,-0.0,Foreign
5472,5472,73,"Apr 3, 2012",Enter Nowhere,500000,0,0,0,-500000,-500000,-500000,-0.0,-0.0,-0.0,Foreign
5473,5473,74,"Jul 17, 2012",Girls Gone Dead,500000,0,0,0,-500000,-500000,-500000,-0.0,-0.0,-0.0,Foreign
5474,5474,75,"Dec 31, 2005",Insomnia Manica,500000,0,0,0,-500000,-500000,-500000,-0.0,-0.0,-0.0,Foreign
5475,5475,76,"Dec 31, 2014",America Is Still The Place,500000,0,0,0,-500000,-500000,-500000,-0.0,-0.0,-0.0,Foreign
5476,5476,77,"Jul 24, 2015",The Outrageous Sophie Tucker,500000,0,0,0,-500000,-500000,-500000,-0.0,-0.0,-0.0,Foreign
5477,5477,78,"Mar 10, 2015",Subconscious,500000,0,0,0,-500000,-500000,-500000,-0.0,-0.0,-0.0,Foreign
5478,5478,79,"Apr 14, 2015",Roadside,500000,0,0,0,-500000,-500000,-500000,-0.0,-0.0,-0.0,Foreign
5479,5479,80,"Dec 31, 2014",Diamond Ruff,500000,0,0,0,-500000,-500000,-500000,-0.0,-0.0,-0.0,Foreign
5480,5480,81,"Feb 10, 2015",Love in the Time of Monsters,500000,0,0,0,-500000,-500000,-500000,-0.0,-0.0,-0.0,Foreign
5481,5481,82,"Dec 31, 2012",El rey de Najayo,500000,0,0,0,-500000,-500000,-500000,-0.0,-0.0,-0.0,Foreign
5482,5482,83,"Dec 31, 2015",Fight to the Finish,500000,0,0,0,-500000,-500000,-500000,-0.0,-0.0,-0.0,Foreign
5483,5483,84,"Dec 31, 2013",Bucky and the Squirrels,500000,0,0,0,-500000,-500000,-500000,-0.0,-0.0,-0.0,Foreign
5484,5484,85,"Dec 31, 1990",Going Under,500000,0,0,0,-500000,-500000,-500000,-0.0,-0.0,-0.0,Foreign
5485,5485,86,"Jun 23, 2015",Crossroads,500000,0,0,0,-500000,-500000,-500000,-0.0,-0.0,-0.0,Foreign
5486,5486,87,"Aug 11, 2015",Alleluia! The Devil's Carnival,500000,0,0,0,-500000,-500000,-500000,-0.0,-0.0,-0.0,Foreign
5487,5487,88,"Dec 1, 2015",Brooklyn Bizarre,500000,0,0,0,-500000,-500000,-500000,-0.0,-0.0,-0.0,Foreign
5488,5488,89,"Dec 31, 2014",The Sound and the Shadow,500000,0,0,0,-500000,-500000,-500000,-0.0,-0.0,-0.0,Foreign
5489,5489,90,"Dec 31, 2015",Rodeo Girl,500000,0,0,0,-500000,-500000,-500000,-0.0,-0.0,-0.0,Foreign
5490,5490,91,"Nov 10, 2015",The Little Ponderosa Zoo,500000,0,0,0,-500000,-500000,-500000,-0.0,-0.0,-0.0,Foreign
5491,5491,92,"Dec 31, 1984",The Toxic Avenger,475000,0,0,0,-475000,-475000,-475000,-0.0,-0.0,-0.0,Foreign
5500,5500,1,"Jul 1, 2014",Mutual Friends,450000,0,0,0,-450000,-450000,-450000,-0.0,-0.0,-0.0,Foreign
5501,5501,2,"Dec 31, 2014",Rise Of the Entrepreneur - The Search For A Better Way,450000,0,0,0,-450000,-450000,-450000,-0.0,-0.0,-0.0,Foreign
5519,5519,20,"Mar 31, 2015",Viskningar och rop,400000,0,9071,9071,-400000,-390929,-390929,-0.0,-0.0,-0.0,Foreign
5520,5520,21,"Apr 1, 1986",My Beautiful Laundrette,400000,0,0,0,-400000,-400000,-400000,-0.0,-0.0,-0.0,Foreign
5521,5521,22,"Nov 4, 2005",Show Me,400000,0,0,0,-400000,-400000,-400000,-0.0,-0.0,-0.0,Foreign
5522,5522,23,"Dec 31, 2014",Pancakes,400000,0,0,0,-400000,-400000,-400000,-0.0,-0.0,-0.0,Foreign
5523,5523,24,"Sep 5, 1916",Intolerance,385907,0,0,0,-385907,-385907,-385907,-0.0,-0.0,-0.0,Foreign
5533,5533,34,"Apr 10, 2009",Royal Kill,350000,0,0,0,-350000,-350000,-350000,-0.0,-0.0,-0.0,Foreign
5534,5534,35,"Oct 20, 2015",Rotor DR1,350000,0,0,0,-350000,-350000,-350000,-0.0,-0.0,-0.0,Foreign
5535,5535,36,"Apr 13, 1957",12 Angry Men,340000,0,0,0,-340000,-340000,-340000,-0.0,-0.0,-0.0,Foreign
5558,5558,59,"Oct 31, 2014",All You Need Is Love,300000,0,3565259,3565259,-300000,3265259,3265259,-0.0,0.001,0.001,Foreign
5559,5559,60,"Apr 1, 1975",Death Race 2000,300000,0,0,0,-300000,-300000,-300000,-0.0,-0.0,-0.0,Foreign
5560,5560,61,"Jul 3, 2012",Some Guy Who Kills People,300000,0,0,0,-300000,-300000,-300000,-0.0,-0.0,-0.0,Foreign
5561,5561,62,"Aug 7, 2013",Midnight Cabaret,300000,0,0,0,-300000,-300000,-300000,-0.0,-0.0,-0.0,Foreign
5562,5562,63,"Mar 10, 2015",Teeth and Blood,300000,0,0,0,-300000,-300000,-300000,-0.0,-0.0,-0.0,Foreign
5563,5563,64,"Dec 31, 2015",Walking to Paris,300000,0,0,0,-300000,-300000,-300000,-0.0,-0.0,-0.0,Foreign
5564,5564,65,"Dec 31, 2010",Anderson's Cross,300000,0,0,0,-300000,-300000,-300000,-0.0,-0.0,-0.0,Foreign
5565,5565,66,"Dec 8, 2015",Amidst the Devil's Wings,300000,0,0,0,-300000,-300000,-300000,-0.0,-0.0,-0.0,Foreign
5566,5566,67,"Dec 31, 2010",Death Calls,290000,0,0,0,-290000,-290000,-290000,-0.0,-0.0,-0.0,Foreign
5590,5590,91,"Mar 24, 2015",Along the Roadside,250000,0,3234,3234,-250000,-246766,-246766,-0.0,-0.0,-0.0,Foreign
5591,5591,92,"Oct 21, 2008",Sunday School Musical,250000,0,0,0,-250000,-250000,-250000,-0.0,-0.0,-0.0,Foreign
5592,5592,93,"Oct 5, 2010",Rust,250000,0,0,0,-250000,-250000,-250000,-0.0,-0.0,-0.0,Foreign
5593,5593,94,"Dec 31, 2010",The Christmas Bunny,250000,0,0,0,-250000,-250000,-250000,-0.0,-0.0,-0.0,Foreign
5594,5594,95,"Nov 10, 2009",Ink,250000,0,0,0,-250000,-250000,-250000,-0.0,-0.0,-0.0,Foreign
5595,5595,96,"Dec 18, 2012",The Frozen,250000,0,0,0,-250000,-250000,-250000,-0.0,-0.0,-0.0,Foreign
5596,5596,97,"Apr 11, 2014",Jesus People,250000,0,0,0,-250000,-250000,-250000,-0.0,-0.0,-0.0,Foreign
5597,5597,98,"Dec 31, 2010",Butterfly,250000,0,0,0,-250000,-250000,-250000,-0.0,-0.0,-0.0,Foreign
5598,5598,99,"Feb 3, 2015",UnDivided,250000,0,0,0,-250000,-250000,-250000,-0.0,-0.0,-0.0,Foreign
5599,5599,100,"Dec 31, 2014",Horse Camp,250000,0,0,0,-250000,-250000,-250000,-0.0,-0.0,-0.0,Foreign
5600,5600,1,"Feb 24, 2015",Give Me Shelter,250000,0,0,0,-250000,-250000,-250000,-0.0,-0.0,-0.0,Foreign
5601,5601,2,"Dec 31, 2011",Rock the House,250000,0,0,0,-250000,-250000,-250000,-0.0,-0.0,-0.0,Foreign
5602,5602,3,"Dec 31, 2015",Shooting the Warwicks,250000,0,0,0,-250000,-250000,-250000,-0.0,-0.0,-0.0,Foreign
5603,5603,4,"Aug 18, 2015",The Love Letter,250000,0,0,0,-250000,-250000,-250000,-0.0,-0.0,-0.0,Foreign
5604,5604,5,"Oct 9, 2015",Western Religion,250000,0,0,0,-250000,-250000,-250000,-0.0,-0.0,-0.0,Foreign
5605,5605,6,"Jan 1, 2015",4/11,250000,0,0,0,-250000,-250000,-250000,-0.0,-0.0,-0.0,Foreign
5634,5634,35,"Oct 19, 2007",The Man From Earth,200000,0,0,0,-200000,-200000,-200000,-0.0,-0.0,-0.0,Foreign
5635,5635,36,"Dec 31, 2004",Samantha: An American Girl Holiday,200000,0,0,0,-200000,-200000,-200000,-0.0,-0.0,-0.0,Foreign
5636,5636,37,"Jan 17, 2008",Yesterday Was a Lie,200000,0,0,0,-200000,-200000,-200000,-0.0,-0.0,-0.0,Foreign
5637,5637,38,"Sep 12, 2014",Archaeology of a Woman,200000,0,0,0,-200000,-200000,-200000,-0.0,-0.0,-0.0,Foreign
5638,5638,39,"Aug 26, 2014",Sanctuary; Quite a Conundrum,200000,0,0,0,-200000,-200000,-200000,-0.0,-0.0,-0.0,Foreign
5639,5639,40,"Sep 29, 2015",Theresa Is a Mother,200000,0,0,0,-200000,-200000,-200000,-0.0,-0.0,-0.0,Foreign
5640,5640,41,"Nov 10, 2015",Perfect Cowboy,200000,0,0,0,-200000,-200000,-200000,-0.0,-0.0,-0.0,Foreign
5641,5641,42,"Dec 31, 2014",H.,200000,0,0,0,-200000,-200000,-200000,-0.0,-0.0,-0.0,Foreign
5645,5645,46,"Jun 16, 2017",Arrowhead,180000,0,0,0,-180000,-180000,-180000,-0.0,-0.0,-0.0,Foreign
5649,5649,50,"Sep 4, 2015",Heroes of Dirt,175000,0,0,0,-175000,-175000,-175000,-0.0,-0.0,-0.0,Foreign
5652,5652,53,"Dec 31, 2015",Lumea e a mea,168000,0,29678,29678,-168000,-138322,-138322,-0.0,-0.0,-0.0,Foreign
5661,5661,62,"Dec 31, 2013",Speak No Evil,150000,0,32927,32927,-150000,-117073,-117073,-0.0,-0.0,-0.0,Foreign
5662,5662,63,"Oct 6, 2009",A Charlie Brown Christmas,150000,0,0,0,-150000,-150000,-150000,-0.0,-0.0,-0.0,Foreign
5663,5663,64,"May 3, 2013",Aroused,150000,0,0,0,-150000,-150000,-150000,-0.0,-0.0,-0.0,Foreign
5664,5664,65,"Dec 31, 2015",Escaping the Holocost,150000,0,0,0,-150000,-150000,-150000,-0.0,-0.0,-0.0,Foreign
5669,5669,70,"Jul 18, 2014",An American in Hollywood,125000,0,0,0,-125000,-125000,-125000,-0.0,-0.0,-0.0,Foreign
5670,5670,71,"Aug 11, 2015",The Brain That Sings,125000,0,0,0,-125000,-125000,-125000,-0.0,-0.0,-0.0,Foreign
5671,5671,72,"Dec 31, 2015",Romantic Schemer,125000,0,0,0,-125000,-125000,-125000,-0.0,-0.0,-0.0,Foreign
5673,5673,74,"Jun 30, 2006",The Blood of My Brother: A Story of Death in Iraq,120000,0,0,0,-120000,-120000,-120000,-0.0,-0.0,-0.0,Foreign
5674,5674,75,"Dec 31, 2007",A Dog's Breakfast,120000,0,0,0,-120000,-120000,-120000,-0.0,-0.0,-0.0,Foreign
5675,5675,76,"May 24, 2016",Une Femme MariÃ©e,120000,0,0,0,-120000,-120000,-120000,-0.0,-0.0,-0.0,Foreign
5691,5691,92,"May 18, 2012",Indie Game: The Movie,100000,0,0,0,-100000,-100000,-100000,-0.0,-0.0,-0.0,Foreign
5692,5692,93,"Dec 31, 2014","Dude, Where's My Dog",100000,0,0,0,-100000,-100000,-100000,-0.0,-0.0,-0.0,Foreign
5693,5693,94,"Jun 10, 2014",Echo Dr.,100000,0,0,0,-100000,-100000,-100000,-0.0,-0.0,-0.0,Foreign
5694,5694,95,"Mar 17, 2015",Closure,100000,0,0,0,-100000,-100000,-100000,-0.0,-0.0,-0.0,Foreign
5695,5695,96,"Dec 31, 2015",Lunchtime Heroes,100000,0,0,0,-100000,-100000,-100000,-0.0,-0.0,-0.0,Foreign
5696,5696,97,"Mar 25, 2015",Open Secret,100000,0,0,0,-100000,-100000,-100000,-0.0,-0.0,-0.0,Foreign
5697,5697,98,"Nov 10, 2015",The Night Visitor,100000,0,0,0,-100000,-100000,-100000,-0.0,-0.0,-0.0,Foreign
5698,5698,99,"Jul 7, 2015",Tiger Orange,100000,0,0,0,-100000,-100000,-100000,-0.0,-0.0,-0.0,Foreign
5702,5702,3,"Sep 29, 2015",Queen Crab,75000,0,0,0,-75000,-75000,-75000,-0.0,-0.0,-0.0,Foreign
5705,5705,6,"Dec 31, 2011",Absentia,70000,0,8555,8555,-70000,-61445,-61445,-0.0,-0.0,-0.0,Foreign
5711,5711,12,"Mar 16, 2012",The FP,60000,0,0,0,-60000,-60000,-60000,-0.0,-0.0,-0.0,Foreign
5712,5712,13,"Dec 31, 2012",Hayride,60000,0,0,0,-60000,-60000,-60000,-0.0,-0.0,-0.0,Foreign
5713,5713,14,"Aug 10, 1962",The Brain That Wouldn't Die,60000,0,0,0,-60000,-60000,-60000,-0.0,-0.0,-0.0,Foreign
5714,5714,15,"Oct 4, 2013",The Dirties,55000,0,0,0,-55000,-55000,-55000,-0.0,-0.0,-0.0,Foreign
5720,5720,21,"Dec 31, 2009",Big Things,50000,0,0,0,-50000,-50000,-50000,-0.0,-0.0,-0.0,Foreign
5721,5721,22,"Feb 14, 2014",Down and Dangerous,50000,0,0,0,-50000,-50000,-50000,-0.0,-0.0,-0.0,Foreign
5722,5722,23,"Dec 31, 2005",The Call of Cthulhu,50000,0,0,0,-50000,-50000,-50000,-0.0,-0.0,-0.0,Foreign
5723,5723,24,"Aug 4, 2015",Bending Steel,50000,0,0,0,-50000,-50000,-50000,-0.0,-0.0,-0.0,Foreign
5724,5724,25,"Sep 1, 2015","Run, Hide, Die",50000,0,0,0,-50000,-50000,-50000,-0.0,-0.0,-0.0,Foreign
5725,5725,26,"Dec 31, 2014",The Image Revolution,50000,0,0,0,-50000,-50000,-50000,-0.0,-0.0,-0.0,Foreign
5726,5726,27,"Oct 25, 2013",A True Story,45000,0,0,0,-45000,-45000,-45000,-0.0,-0.0,-0.0,Foreign
5728,5728,29,"Jun 21, 2013",This Is Martin Bonner,42000,0,0,0,-42000,-42000,-42000,-0.0,-0.0,-0.0,Foreign
5732,5732,33,"Mar 31, 2012",Foreign Letters,40000,0,0,0,-40000,-40000,-40000,-0.0,-0.0,-0.0,Foreign
5734,5734,35,"Oct 25, 2013",Her Cry: La Llorona Investigation,35000,0,0,0,-35000,-35000,-35000,-0.0,-0.0,-0.0,Foreign
5735,5735,36,"Dec 31, 2014",Happy 40th,35000,0,0,0,-35000,-35000,-35000,-0.0,-0.0,-0.0,Foreign
5741,5741,42,"Dec 31, 2013",Paraphobia,30000,0,0,0,-30000,-30000,-30000,-0.0,-0.0,-0.0,Foreign
5748,5748,49,"Sep 1, 2015",Exeter,25000,0,489792,489792,-25000,464792,464792,-0.0,0.0,0.0,Foreign
5749,5749,50,"Jun 13, 2003",Manito,25000,0,0,0,-25000,-25000,-25000,-0.0,-0.0,-0.0,Foreign
5750,5750,51,"Apr 21, 2015",Ten,25000,0,0,0,-25000,-25000,-25000,-0.0,-0.0,-0.0,Foreign
5751,5751,52,"Dec 1, 2015",Dutch Kills,25000,0,0,0,-25000,-25000,-25000,-0.0,-0.0,-0.0,Foreign
5753,5753,54,"Dec 31, 2014",Dry Spell,22000,0,0,0,-22000,-22000,-22000,-0.0,-0.0,-0.0,Foreign
5754,5754,55,"Dec 31, 2003",Flywheel,20000,0,0,0,-20000,-20000,-20000,-0.0,-0.0,-0.0,Foreign
5755,5755,56,"Jan 4, 2013",All Superheroes Must Die,20000,0,0,0,-20000,-20000,-20000,-0.0,-0.0,-0.0,Foreign
5756,5756,57,"Apr 21, 2015",The Front Man,20000,0,0,0,-20000,-20000,-20000,-0.0,-0.0,-0.0,Foreign
5757,5757,58,"Dec 1, 2003",Steel Spirit,20000,0,0,0,-20000,-20000,-20000,-0.0,-0.0,-0.0,Foreign
5758,5758,59,"Nov 25, 2011",The Ridges,17300,0,0,0,-17300,-17300,-17300,-0.0,-0.0,-0.0,Foreign
5761,5761,62,"Dec 31, 2014",Stories of Our Lives,15000,0,0,0,-15000,-15000,-15000,-0.0,-0.0,-0.0,Foreign
5764,5764,65,"Dec 31, 2007",Tin Can Man,12000,0,0,0,-12000,-12000,-12000,-0.0,-0.0,-0.0,Foreign
5771,5771,72,"May 19, 2015",Family Motocross,10000,0,0,0,-10000,-10000,-10000,-0.0,-0.0,-0.0,Foreign
5777,5777,78,"Dec 31, 2018",Red 11,7000,0,0,0,-7000,-7000,-7000,-0.0,-0.0,-0.0,Foreign
5780,5780,81,"Sep 29, 2015",A Plague So Pleasant,1400,0,0,0,-1400,-1400,-1400,-0.0,-0.0,-0.0,Foreign
